#!ascii label  , from subject ernie vox2ras=TkReg
915
44615  -26.517  -46.439  45.121 0.0000000000
68058  -43.497  -27.185  43.641 0.0000000000
78804  -43.673  -19.129  38.567 0.0000000000
77746  -50.571  -19.380  31.826 0.0000000000
62957  -42.796  -32.222  42.472 0.0000000000
77662  -47.416  -20.048  35.929 0.0000000000
81290  -52.968  -16.204  24.491 0.0000000000
84629  -57.364  -13.826  22.583 0.0000000000
68077  -47.522  -27.761  41.432 0.0000000000
73946  -44.986  -22.560  41.435 0.0000000000
73945  -41.830  -22.328  41.568 0.0000000000
48477  -24.398  -43.538  48.875 0.0000000000
52393  -25.543  -40.230  51.096 0.0000000000
53534  -30.012  -39.994  49.977 0.0000000000
55737  -33.371  -37.228  48.071 0.0000000000
55766  -37.149  -35.687  45.372 0.0000000000
55811  -41.254  -36.722  43.445 0.0000000000
61787  -45.583  -32.482  42.472 0.0000000000
73972  -48.283  -21.425  39.004 0.0000000000
84659  -57.687  -13.097  20.730 0.0000000000
68052  -45.589  -27.366  43.620 0.0000000000
72667  -44.529  -24.623  43.435 0.0000000000
71465  -42.808  -24.861  42.327 0.0000000000
49748  -23.412  -42.704  48.147 0.0000000000
51056  -25.141  -41.158  49.303 0.0000000000
61709  -38.098  -33.857  45.575 0.0000000000
54671  -39.167  -36.796  44.078 0.0000000000
59179  -40.732  -34.708  45.222 0.0000000000
64212  -43.900  -30.422  43.463 0.0000000000
61752  -44.426  -32.653  43.606 0.0000000000
64215  -45.646  -30.440  43.742 0.0000000000
64243  -47.183  -30.498  42.270 0.0000000000
77556  -44.684  -19.517  41.237 0.0000000000
75237  -46.245  -21.043  39.597 0.0000000000
78788  -46.643  -18.906  39.696 0.0000000000
77708  -49.443  -19.933  33.865 0.0000000000
76451  -50.730  -20.844  35.876 0.0000000000
76474  -51.853  -20.745  34.427 0.0000000000
75329  -51.199  -21.610  32.643 0.0000000000
80104  -55.265  -17.491  24.970 0.0000000000
81227  -53.642  -16.814  27.282 0.0000000000
61784  -40.566  -33.190  42.305 0.0000000000
77756  -48.762  -20.162  30.678 0.0000000000
82399  -55.919  -15.436  23.840 0.0000000000
80144  -56.122  -17.013  23.508 0.0000000000
82476  -55.493  -14.832  18.617 0.0000000000
66956  -47.224  -28.627  39.318 0.0000000000
71467  -46.563  -25.259  41.780 0.0000000000
75176  -44.109  -21.922  43.239 0.0000000000
47145  -25.363  -44.817  47.441 0.0000000000
51082  -28.568  -41.175  48.762 0.0000000000
53532  -28.216  -39.896  50.736 0.0000000000
51084  -30.386  -41.691  49.027 0.0000000000
49751  -32.092  -42.137  48.534 0.0000000000
52438  -32.766  -40.469  47.111 0.0000000000
54668  -32.661  -38.397  46.081 0.0000000000
56941  -34.762  -35.888  46.438 0.0000000000
57001  -37.519  -36.836  43.234 0.0000000000
59195  -43.027  -34.361  44.030 0.0000000000
59227  -43.460  -34.891  42.508 0.0000000000
57046  -44.619  -36.511  40.509 0.0000000000
60548  -46.799  -33.370  39.440 0.0000000000
63024  -47.849  -31.554  38.643 0.0000000000
77621  -48.516  -19.943  38.293 0.0000000000
80051  -51.234  -17.336  28.738 0.0000000000
76549  -51.873  -19.554  30.388 0.0000000000
45767  -26.562  -46.289  47.506 0.0000000000
68050  -44.146  -26.939  44.238 0.0000000000
69095  -44.205  -25.928  44.427 0.0000000000
69123  -43.261  -25.975  43.008 0.0000000000
61733  -38.660  -34.228  44.191 0.0000000000
60441  -39.500  -34.408  45.201 0.0000000000
62948  -40.147  -33.155  44.107 0.0000000000
66898  -43.545  -28.324  43.178 0.0000000000
64214  -44.901  -30.453  43.822 0.0000000000
66884  -44.450  -28.149  43.892 0.0000000000
66886  -45.854  -28.421  43.523 0.0000000000
78751  -45.461  -19.230  40.826 0.0000000000
78786  -44.881  -18.746  39.490 0.0000000000
77729  -49.936  -19.291  32.844 0.0000000000
77710  -51.084  -19.462  33.872 0.0000000000
77731  -51.360  -19.803  33.031 0.0000000000
75330  -51.587  -21.875  33.318 0.0000000000
76529  -51.244  -20.296  32.187 0.0000000000
79011  -54.667  -18.430  24.798 0.0000000000
78988  -54.171  -18.832  25.572 0.0000000000
77874  -53.203  -19.204  24.547 0.0000000000
83542  -54.500  -14.232  21.750 0.0000000000
83512  -56.377  -14.490  23.472 0.0000000000
80127  -57.098  -16.356  24.519 0.0000000000
81310  -57.167  -16.347  23.219 0.0000000000
81323  -56.442  -16.347  22.220 0.0000000000
82435  -57.448  -15.279  22.120 0.0000000000
84673  -57.189  -13.354  19.915 0.0000000000
68078  -47.582  -27.792  40.726 0.0000000000
69165  -47.446  -27.371  40.348 0.0000000000
70262  -46.457  -25.840  41.997 0.0000000000
73922  -43.355  -22.902  43.318 0.0000000000
73911  -44.401  -22.969  43.299 0.0000000000
75191  -42.634  -21.787  42.512 0.0000000000
76370  -42.733  -20.799  41.826 0.0000000000
76388  -41.935  -20.658  41.038 0.0000000000
48493  -25.058  -43.839  47.729 0.0000000000
49739  -24.783  -42.494  48.627 0.0000000000
51034  -25.073  -40.736  50.029 0.0000000000
54621  -29.183  -39.191  49.372 0.0000000000
53533  -29.458  -39.714  50.182 0.0000000000
51060  -29.572  -41.194  49.623 0.0000000000
51061  -30.477  -41.044  49.471 0.0000000000
49740  -31.291  -41.790  49.026 0.0000000000
52417  -31.117  -40.268  49.252 0.0000000000
53567  -32.981  -38.767  47.574 0.0000000000
53575  -32.756  -39.505  46.737 0.0000000000
54647  -32.893  -38.185  47.498 0.0000000000
58007  -36.737  -34.980  46.677 0.0000000000
59132  -35.364  -34.933  46.854 0.0000000000
56942  -35.637  -35.631  45.825 0.0000000000
56962  -34.922  -36.046  45.799 0.0000000000
56963  -35.866  -35.955  45.202 0.0000000000
55806  -35.747  -36.525  44.071 0.0000000000
55786  -37.328  -36.281  44.517 0.0000000000
55810  -40.425  -36.865  43.878 0.0000000000
54683  -38.998  -37.326  43.323 0.0000000000
53596  -40.430  -37.601  43.050 0.0000000000
54702  -41.659  -37.233  42.671 0.0000000000
61750  -42.184  -33.351  43.656 0.0000000000
61769  -42.703  -32.620  42.844 0.0000000000
60481  -44.833  -33.135  43.038 0.0000000000
58076  -44.401  -33.926  43.420 0.0000000000
60498  -44.413  -33.868  42.083 0.0000000000
58098  -43.518  -35.360  41.594 0.0000000000
59263  -44.780  -34.712  40.446 0.0000000000
60532  -45.529  -33.240  40.381 0.0000000000
65651  -47.464  -29.656  41.413 0.0000000000
62994  -47.592  -31.028  40.206 0.0000000000
65669  -47.593  -29.538  40.520 0.0000000000
65700  -47.494  -29.535  39.040 0.0000000000
48476  -23.989  -43.549  48.991 0.0000000000
48463  -24.339  -44.254  49.563 0.0000000000
47120  -25.159  -44.981  49.285 0.0000000000
72716  -45.669  -23.836  40.880 0.0000000000
72714  -44.619  -22.933  39.764 0.0000000000
75238  -47.449  -21.153  39.331 0.0000000000
78856  -46.874  -19.607  36.284 0.0000000000
78848  -47.162  -19.023  37.190 0.0000000000
78858  -47.699  -19.293  36.800 0.0000000000
74035  -51.676  -22.665  35.708 0.0000000000
75261  -50.499  -21.768  36.681 0.0000000000
78951  -52.770  -18.461  27.875 0.0000000000
80069  -52.980  -16.959  28.078 0.0000000000
78935  -52.409  -18.219  28.542 0.0000000000
78919  -51.899  -18.387  29.459 0.0000000000
77774  -51.993  -19.358  29.113 0.0000000000
76563  -50.841  -20.647  30.341 0.0000000000
85699  -56.364  -12.629  21.467 0.0000000000
84642  -57.527  -13.315  21.632 0.0000000000
85700  -57.082  -12.273  21.504 0.0000000000
86822  -57.375  -11.175  20.629 0.0000000000
68060  -46.834  -27.679  42.845 0.0000000000
70251  -45.883  -25.875  43.052 0.0000000000
70239  -44.958  -26.182  43.746 0.0000000000
71452  -43.835  -24.587  43.671 0.0000000000
72697  -42.783  -23.891  42.286 0.0000000000
48492  -23.584  -43.187  48.508 0.0000000000
49738  -24.366  -42.354  48.912 0.0000000000
53528  -24.687  -40.134  49.699 0.0000000000
58022  -37.963  -35.156  46.418 0.0000000000
55767  -37.870  -35.936  45.050 0.0000000000
56946  -38.908  -35.606  45.514 0.0000000000
58047  -40.309  -35.247  45.215 0.0000000000
56968  -41.358  -35.636  44.400 0.0000000000
62958  -43.440  -31.643  42.724 0.0000000000
61770  -43.465  -32.134  43.114 0.0000000000
62950  -44.373  -31.505  43.757 0.0000000000
62951  -45.144  -31.529  43.811 0.0000000000
62960  -46.241  -31.460  43.253 0.0000000000
61788  -46.417  -32.047  42.139 0.0000000000
64242  -46.860  -30.852  42.979 0.0000000000
66899  -46.470  -28.500  43.122 0.0000000000
48491  -23.024  -43.549  48.001 0.0000000000
76373  -44.643  -21.357  41.985 0.0000000000
75222  -44.767  -21.540  40.598 0.0000000000
77558  -45.405  -19.861  40.997 0.0000000000
77573  -46.494  -19.979  40.001 0.0000000000
77588  -47.912  -20.270  39.247 0.0000000000
76472  -48.978  -20.182  34.550 0.0000000000
77664  -49.676  -20.202  35.638 0.0000000000
77686  -50.459  -19.643  34.719 0.0000000000
76459  -51.549  -20.790  35.215 0.0000000000
82376  -54.480  -16.302  25.326 0.0000000000
81242  -53.419  -16.583  26.533 0.0000000000
81244  -54.388  -17.281  26.212 0.0000000000
77832  -53.651  -18.773  26.520 0.0000000000
68076  -43.288  -27.803  41.709 0.0000000000
65633  -44.136  -29.374  41.661 0.0000000000
78825  -44.398  -19.315  37.907 0.0000000000
77706  -47.166  -21.149  34.080 0.0000000000
77727  -48.037  -20.848  32.966 0.0000000000
77728  -49.090  -20.076  32.841 0.0000000000
77745  -49.652  -19.472  31.703 0.0000000000
82397  -53.431  -15.942  24.120 0.0000000000
81275  -55.901  -16.495  24.437 0.0000000000
80125  -55.973  -17.095  24.266 0.0000000000
79026  -54.772  -18.092  23.756 0.0000000000
83562  -57.182  -14.636  21.142 0.0000000000
82462  -55.595  -15.233  19.596 0.0000000000
69175  -46.853  -27.166  39.560 0.0000000000
71485  -46.518  -25.133  40.828 0.0000000000
72698  -45.518  -23.317  41.899 0.0000000000
72682  -45.445  -24.581  42.851 0.0000000000
73925  -45.195  -23.424  42.667 0.0000000000
75194  -44.637  -21.983  42.576 0.0000000000
76371  -43.589  -20.644  41.891 0.0000000000
77570  -42.824  -19.598  40.587 0.0000000000
70280  -42.450  -25.570  40.999 0.0000000000
72713  -42.205  -23.603  40.723 0.0000000000
73954  -41.040  -21.595  39.955 0.0000000000
45771  -25.745  -45.594  47.025 0.0000000000
48530  -24.889  -44.215  46.069 0.0000000000
51143  -29.695  -41.609  46.360 0.0000000000
53552  -24.987  -39.939  48.586 0.0000000000
53530  -25.236  -39.820  50.879 0.0000000000
53523  -27.134  -39.995  51.055 0.0000000000
51083  -29.503  -41.483  48.951 0.0000000000
48513  -32.913  -43.249  47.222 0.0000000000
51109  -33.595  -42.490  46.906 0.0000000000
57993  -33.584  -36.539  48.222 0.0000000000
59131  -34.519  -35.256  47.087 0.0000000000
56920  -33.876  -36.510  47.574 0.0000000000
55765  -33.322  -37.122  46.984 0.0000000000
55804  -33.105  -37.160  45.237 0.0000000000
54669  -38.295  -36.750  43.703 0.0000000000
61749  -41.059  -33.570  44.032 0.0000000000
60452  -41.836  -34.048  44.524 0.0000000000
58073  -42.483  -35.355  43.644 0.0000000000
60454  -43.905  -33.868  43.513 0.0000000000
58074  -43.163  -35.136  43.187 0.0000000000
57004  -42.729  -35.925  42.601 0.0000000000
55857  -42.892  -36.852  42.187 0.0000000000
54763  -43.761  -37.422  41.110 0.0000000000
59299  -47.501  -34.543  38.218 0.0000000000
61812  -47.071  -31.873  40.118 0.0000000000
61824  -47.722  -32.343  38.899 0.0000000000
61846  -47.958  -32.786  37.725 0.0000000000
63042  -47.781  -31.360  37.647 0.0000000000
47135  -25.891  -45.553  48.799 0.0000000000
78807  -46.618  -18.769  38.899 0.0000000000
78809  -47.969  -19.656  38.866 0.0000000000
76422  -48.974  -20.787  38.833 0.0000000000
77623  -49.641  -20.409  37.047 0.0000000000
75253  -49.694  -21.246  37.837 0.0000000000
74012  -49.581  -22.181  37.460 0.0000000000
76562  -49.254  -20.270  29.771 0.0000000000
77758  -50.562  -19.369  30.627 0.0000000000
81241  -52.440  -16.617  26.353 0.0000000000
80067  -50.618  -16.918  27.701 0.0000000000
80037  -50.839  -17.898  29.367 0.0000000000
78901  -51.058  -18.778  30.341 0.0000000000
77759  -51.273  -19.412  30.738 0.0000000000
76547  -50.982  -20.798  31.395 0.0000000000
44616  -27.029  -46.788  44.857 0.0000000000
68049  -43.794  -27.121  44.090 0.0000000000
69110  -43.969  -26.332  43.993 0.0000000000
69138  -43.255  -26.661  43.115 0.0000000000
61764  -37.672  -34.193  43.967 0.0000000000
62942  -39.410  -33.915  44.049 0.0000000000
61747  -39.232  -34.109  43.995 0.0000000000
66883  -43.828  -28.055  43.910 0.0000000000
78785  -43.909  -18.862  39.330 0.0000000000
78766  -44.163  -18.860  40.162 0.0000000000
77730  -50.790  -19.305  32.912 0.0000000000
77747  -51.069  -19.700  31.975 0.0000000000
79025  -54.000  -18.776  24.050 0.0000000000
84628  -56.667  -13.627  22.743 0.0000000000
84619  -57.145  -13.977  23.408 0.0000000000
82401  -57.139  -15.493  23.660 0.0000000000
83526  -57.445  -14.663  23.097 0.0000000000
82417  -57.394  -15.687  22.767 0.0000000000
83545  -57.667  -14.566  22.073 0.0000000000
66927  -47.590  -28.134  40.888 0.0000000000
69140  -47.024  -26.768  42.008 0.0000000000
73935  -42.749  -22.808  42.703 0.0000000000
75174  -43.008  -22.328  43.110 0.0000000000
75190  -42.002  -21.823  41.937 0.0000000000
76369  -42.213  -21.176  41.697 0.0000000000
75207  -41.749  -21.557  41.247 0.0000000000
52403  -25.739  -40.546  50.257 0.0000000000
53543  -29.837  -39.285  49.490 0.0000000000
52407  -29.750  -40.377  50.178 0.0000000000
52408  -30.286  -40.335  49.731 0.0000000000
54637  -32.840  -38.120  48.171 0.0000000000
54638  -32.956  -38.026  47.719 0.0000000000
56924  -37.171  -35.428  46.077 0.0000000000
56923  -36.394  -35.439  45.846 0.0000000000
56943  -36.520  -35.771  45.269 0.0000000000
55785  -36.316  -36.291  44.582 0.0000000000
56964  -36.531  -36.036  44.874 0.0000000000
54685  -40.684  -37.401  43.207 0.0000000000
54686  -41.345  -37.145  43.104 0.0000000000
54701  -40.695  -37.571  42.681 0.0000000000
55832  -41.704  -36.878  42.990 0.0000000000
60499  -44.823  -33.146  42.143 0.0000000000
59245  -44.376  -34.338  41.310 0.0000000000
60517  -44.999  -33.303  41.192 0.0000000000
59246  -45.012  -33.973  40.604 0.0000000000
61799  -45.759  -32.495  41.576 0.0000000000
66912  -47.427  -28.608  41.909 0.0000000000
65668  -47.493  -29.126  40.877 0.0000000000
66926  -47.503  -28.621  41.059 0.0000000000
66943  -47.649  -28.576  40.379 0.0000000000
48464  -24.668  -44.354  49.291 0.0000000000
72706  -45.373  -23.285  41.107 0.0000000000
72715  -45.251  -23.657  40.276 0.0000000000
73957  -44.802  -22.586  40.512 0.0000000000
75250  -47.666  -21.602  38.966 0.0000000000
73989  -47.266  -21.835  38.414 0.0000000000
73990  -48.216  -21.786  38.469 0.0000000000
74011  -48.834  -22.093  37.757 0.0000000000
78857  -47.305  -19.452  36.539 0.0000000000
77663  -48.315  -20.072  36.320 0.0000000000
81272  -52.621  -16.362  24.864 0.0000000000
77775  -52.155  -18.843  29.359 0.0000000000
68059  -46.284  -27.517  43.330 0.0000000000
69113  -45.912  -26.613  43.455 0.0000000000
69112  -45.204  -26.521  43.694 0.0000000000
70250  -43.687  -25.419  43.399 0.0000000000
70225  -44.183  -25.693  44.006 0.0000000000
71459  -43.607  -24.679  43.406 0.0000000000
72689  -43.257  -23.656  43.100 0.0000000000
49737  -23.850  -42.296  48.722 0.0000000000
52401  -24.619  -40.513  49.710 0.0000000000
62934  -37.695  -33.233  45.274 0.0000000000
61708  -37.524  -33.474  46.110 0.0000000000
59160  -37.810  -34.157  46.297 0.0000000000
59147  -38.203  -35.104  46.360 0.0000000000
58033  -38.343  -35.300  46.060 0.0000000000
59162  -38.709  -34.976  46.154 0.0000000000
60450  -40.129  -34.480  45.202 0.0000000000
56967  -40.664  -35.717  44.730 0.0000000000
58048  -41.192  -35.202  44.921 0.0000000000
64225  -43.843  -30.421  42.751 0.0000000000
62949  -43.895  -31.461  43.455 0.0000000000
62952  -45.897  -31.188  43.777 0.0000000000
62959  -45.554  -31.792  43.536 0.0000000000
64226  -46.379  -30.468  43.366 0.0000000000
66900  -47.036  -28.558  42.624 0.0000000000
76391  -44.340  -20.300  41.430 0.0000000000
76392  -44.853  -20.640  41.065 0.0000000000
77557  -44.918  -19.817  41.290 0.0000000000
78768  -45.761  -18.907  40.361 0.0000000000
78769  -46.279  -19.434  40.251 0.0000000000
78770  -46.822  -19.796  39.854 0.0000000000
77587  -47.150  -20.110  39.637 0.0000000000
78789  -47.308  -19.609  39.469 0.0000000000
76473  -49.284  -20.036  34.376 0.0000000000
77685  -49.371  -19.877  34.790 0.0000000000
77711  -51.732  -20.045  33.965 0.0000000000
77688  -51.703  -20.191  34.728 0.0000000000
75291  -51.787  -21.610  34.669 0.0000000000
75313  -52.208  -22.243  34.041 0.0000000000
81258  -54.826  -16.778  25.310 0.0000000000
80103  -54.680  -17.727  25.590 0.0000000000
77809  -53.463  -18.712  27.031 0.0000000000
66911  -43.605  -28.486  42.218 0.0000000000
76527  -47.942  -21.023  31.394 0.0000000000
77744  -48.435  -20.087  31.566 0.0000000000
83511  -55.272  -14.933  23.298 0.0000000000
82415  -54.337  -15.209  23.149 0.0000000000
82414  -53.575  -15.310  22.991 0.0000000000
82398  -54.713  -15.534  23.729 0.0000000000
81274  -55.267  -16.290  24.806 0.0000000000
82388  -55.546  -15.980  24.379 0.0000000000
80145  -57.043  -17.063  23.739 0.0000000000
79027  -55.550  -17.529  23.933 0.0000000000
80143  -55.277  -17.422  23.236 0.0000000000
79041  -54.577  -17.784  22.862 0.0000000000
80161  -55.698  -16.913  22.669 0.0000000000
82433  -55.985  -16.066  21.405 0.0000000000
83563  -57.629  -13.910  21.233 0.0000000000
84658  -57.403  -13.875  20.575 0.0000000000
83576  -56.043  -14.670  19.300 0.0000000000
83577  -56.673  -14.281  19.883 0.0000000000
66970  -47.062  -29.053  38.824 0.0000000000
68099  -46.849  -28.403  39.121 0.0000000000
68090  -47.193  -28.161  39.466 0.0000000000
70270  -46.872  -25.916  41.448 0.0000000000
70282  -46.695  -25.717  40.545 0.0000000000
71474  -46.611  -25.163  41.201 0.0000000000
71473  -46.317  -24.593  41.658 0.0000000000
72699  -45.994  -23.970  42.176 0.0000000000
71454  -45.363  -25.170  43.132 0.0000000000
70261  -46.144  -25.786  42.488 0.0000000000
71453  -45.067  -24.812  43.203 0.0000000000
75162  -44.241  -22.371  43.279 0.0000000000
75177  -44.421  -22.287  43.103 0.0000000000
73936  -45.042  -22.806  42.322 0.0000000000
75193  -44.294  -21.774  42.931 0.0000000000
76372  -44.276  -21.174  42.282 0.0000000000
76354  -43.822  -21.419  42.783 0.0000000000
77553  -42.018  -20.262  40.968 0.0000000000
77542  -42.955  -20.371  41.557 0.0000000000
47149  -25.321  -44.821  46.551 0.0000000000
49749  -25.116  -42.705  47.990 0.0000000000
51055  -24.190  -41.466  49.340 0.0000000000
51105  -28.288  -41.131  47.716 0.0000000000
51125  -29.079  -41.466  46.946 0.0000000000
53553  -25.632  -39.747  48.867 0.0000000000
53540  -24.958  -39.878  49.453 0.0000000000
53524  -27.810  -40.243  50.877 0.0000000000
52395  -27.549  -40.431  50.693 0.0000000000
52396  -28.258  -40.564  50.731 0.0000000000
51107  -30.301  -41.773  48.221 0.0000000000
51126  -30.152  -41.731  47.144 0.0000000000
49786  -30.814  -42.119  46.856 0.0000000000
49767  -31.872  -42.668  47.673 0.0000000000
48512  -32.436  -42.957  47.391 0.0000000000
49768  -32.593  -42.608  47.675 0.0000000000
52431  -32.762  -40.191  47.705 0.0000000000
52430  -32.478  -40.018  48.262 0.0000000000
51087  -32.797  -41.274  47.503 0.0000000000
49753  -33.136  -41.912  47.424 0.0000000000
51108  -33.299  -41.732  46.956 0.0000000000
53585  -32.567  -39.767  45.658 0.0000000000
58018  -35.116  -35.463  46.634 0.0000000000
58005  -34.837  -35.393  46.859 0.0000000000
56921  -34.514  -35.802  46.835 0.0000000000
56905  -34.185  -36.027  47.445 0.0000000000
56940  -33.935  -36.376  47.027 0.0000000000
56961  -34.161  -36.329  46.450 0.0000000000
55784  -35.210  -36.294  45.016 0.0000000000
55783  -33.928  -36.563  45.827 0.0000000000
55829  -36.361  -36.793  43.074 0.0000000000
55828  -35.080  -36.801  43.365 0.0000000000
54658  -38.364  -36.387  44.469 0.0000000000
55787  -38.086  -36.442  44.318 0.0000000000
54670  -38.744  -36.790  43.905 0.0000000000
61767  -40.410  -33.530  43.267 0.0000000000
60464  -42.620  -33.754  44.101 0.0000000000
60463  -41.728  -33.713  44.346 0.0000000000
59194  -42.373  -34.443  44.319 0.0000000000
58060  -41.993  -35.121  44.282 0.0000000000
58061  -43.073  -34.873  43.994 0.0000000000
61751  -43.515  -32.695  43.435 0.0000000000
60466  -44.567  -33.656  43.820 0.0000000000
59212  -44.274  -34.018  42.958 0.0000000000
58075  -43.848  -34.337  43.002 0.0000000000
59211  -43.595  -34.637  42.777 0.0000000000
58086  -43.175  -35.403  42.578 0.0000000000
55834  -42.738  -36.458  42.387 0.0000000000
58097  -43.147  -35.713  42.132 0.0000000000
58108  -44.259  -35.484  40.766 0.0000000000
57032  -43.795  -36.390  41.188 0.0000000000
55876  -44.047  -37.138  41.119 0.0000000000
59281  -46.159  -34.495  39.421 0.0000000000
59283  -47.276  -34.137  38.577 0.0000000000
62977  -46.954  -31.560  41.789 0.0000000000
62992  -46.915  -31.624  41.155 0.0000000000
62978  -47.397  -31.145  41.313 0.0000000000
63010  -47.616  -31.369  39.438 0.0000000000
63009  -47.365  -31.582  39.970 0.0000000000
63043  -48.170  -31.856  37.990 0.0000000000
64334  -47.789  -30.985  38.320 0.0000000000
64312  -47.636  -30.232  38.561 0.0000000000
65699  -47.444  -29.801  38.438 0.0000000000
47134  -25.438  -45.151  48.418 0.0000000000
45766  -25.845  -45.588  47.886 0.0000000000
75223  -45.432  -20.949  40.088 0.0000000000
75235  -44.707  -21.850  39.941 0.0000000000
75236  -45.166  -21.420  39.667 0.0000000000
78846  -45.168  -19.688  37.210 0.0000000000
78826  -45.413  -19.119  37.842 0.0000000000
78829  -47.931  -19.515  38.163 0.0000000000
78828  -47.201  -19.280  38.080 0.0000000000
77605  -48.346  -20.123  38.887 0.0000000000
77606  -48.913  -20.389  38.528 0.0000000000
77645  -49.973  -20.491  36.245 0.0000000000
77644  -49.236  -20.190  36.729 0.0000000000
75260  -50.070  -21.396  37.216 0.0000000000
73993  -49.850  -21.577  37.523 0.0000000000
73992  -49.543  -21.608  37.830 0.0000000000
77773  -50.193  -19.479  30.045 0.0000000000
81226  -52.755  -16.641  27.329 0.0000000000
80052  -52.167  -17.552  28.673 0.0000000000
80068  -51.963  -16.849  28.050 0.0000000000
80050  -50.083  -17.689  28.773 0.0000000000
77760  -52.107  -18.948  30.223 0.0000000000
78902  -51.630  -18.711  30.189 0.0000000000
76548  -51.374  -20.030  31.035 0.0000000000
68051  -44.821  -27.045  43.806 0.0000000000
69097  -44.730  -26.164  43.943 0.0000000000
68042  -44.232  -26.407  44.377 0.0000000000
70260  -43.019  -25.471  42.647 0.0000000000
62935  -38.389  -33.905  45.035 0.0000000000
59177  -39.057  -35.106  46.071 0.0000000000
62929  -39.445  -34.246  44.539 0.0000000000
61712  -40.062  -34.169  44.772 0.0000000000
61722  -40.375  -33.896  44.681 0.0000000000
65593  -43.857  -29.306  43.386 0.0000000000
64213  -44.253  -30.410  43.909 0.0000000000
65594  -44.166  -29.290  43.772 0.0000000000
65595  -44.708  -29.346  43.803 0.0000000000
65596  -45.378  -29.419  43.687 0.0000000000
66885  -45.148  -28.283  43.732 0.0000000000
78749  -44.375  -19.170  40.811 0.0000000000
78750  -45.085  -18.910  40.960 0.0000000000
78767  -45.039  -18.793  40.320 0.0000000000
78787  -45.827  -18.664  39.651 0.0000000000
77709  -50.227  -19.455  33.825 0.0000000000
76492  -51.831  -20.712  33.898 0.0000000000
75312  -51.939  -21.501  33.959 0.0000000000
76509  -51.431  -20.859  33.181 0.0000000000
76528  -51.163  -21.027  32.331 0.0000000000
78990  -54.935  -18.096  25.176 0.0000000000
78989  -54.365  -18.548  25.721 0.0000000000
79010  -54.107  -18.832  25.127 0.0000000000
83524  -55.454  -14.268  22.700 0.0000000000
82389  -56.590  -15.929  24.548 0.0000000000
82400  -56.684  -15.390  23.842 0.0000000000
81293  -57.179  -16.137  23.576 0.0000000000
80162  -57.072  -16.659  23.350 0.0000000000
81291  -56.404  -16.814  22.968 0.0000000000
81309  -56.979  -16.536  22.815 0.0000000000
82434  -56.715  -15.727  21.813 0.0000000000
85718  -57.799  -12.146  20.497 0.0000000000
84674  -57.508  -12.587  19.929 0.0000000000
83587  -56.812  -13.618  19.193 0.0000000000
82493  -55.501  -14.524  17.994 0.0000000000
66957  -47.455  -28.684  39.543 0.0000000000
69176  -47.401  -27.564  39.902 0.0000000000
69153  -47.521  -27.522  40.548 0.0000000000
69152  -47.410  -26.911  40.923 0.0000000000
72679  -43.931  -23.941  43.881 0.0000000000
72680  -44.322  -23.820  43.584 0.0000000000
73923  -43.565  -22.686  43.390 0.0000000000
75175  -43.472  -22.077  43.277 0.0000000000
75192  -43.258  -21.330  42.499 0.0000000000
76389  -42.310  -20.651  41.479 0.0000000000
76404  -41.663  -20.683  40.446 0.0000000000
48478  -24.779  -43.941  48.565 0.0000000000
51058  -27.877  -40.942  49.455 0.0000000000
51036  -28.792  -41.026  50.416 0.0000000000
52406  -29.063  -40.489  50.583 0.0000000000
51037  -29.597  -40.857  50.100 0.0000000000
49750  -31.166  -42.161  48.433 0.0000000000
49741  -31.788  -41.739  48.881 0.0000000000
53557  -33.015  -39.016  47.882 0.0000000000
53566  -32.973  -39.163  47.427 0.0000000000
54646  -32.904  -38.615  47.454 0.0000000000
54656  -32.859  -38.372  47.109 0.0000000000
60410  -36.399  -34.296  46.646 0.0000000000
60409  -35.613  -34.495  46.669 0.0000000000
58006  -35.939  -35.009  46.636 0.0000000000
58019  -35.733  -35.229  46.483 0.0000000000
56922  -35.372  -35.500  46.392 0.0000000000
55807  -37.044  -36.620  43.675 0.0000000000
55809  -39.680  -36.709  44.209 0.0000000000
54684  -39.652  -37.324  43.610 0.0000000000
54700  -39.551  -37.687  43.028 0.0000000000
54720  -41.607  -37.487  42.165 0.0000000000
61768  -41.458  -33.181  43.080 0.0000000000
61753  -45.007  -32.592  43.539 0.0000000000
60467  -44.956  -33.463  43.658 0.0000000000
59229  -44.513  -33.789  42.793 0.0000000000
59228  -43.863  -34.435  42.288 0.0000000000
58087  -43.371  -35.168  42.250 0.0000000000
59264  -45.575  -34.296  39.867 0.0000000000
60533  -46.191  -33.300  39.826 0.0000000000
65635  -47.194  -29.487  42.384 0.0000000000
64260  -47.443  -30.618  41.632 0.0000000000
65652  -47.534  -30.029  40.889 0.0000000000
64279  -47.597  -30.413  40.559 0.0000000000
64296  -47.648  -30.368  39.889 0.0000000000
64313  -47.704  -30.476  39.051 0.0000000000
65684  -47.638  -29.492  39.703 0.0000000000
47119  -23.414  -44.380  49.275 0.0000000000
48462  -23.910  -44.296  49.773 0.0000000000
75248  -45.852  -21.488  39.200 0.0000000000
75249  -46.752  -21.486  39.033 0.0000000000
78847  -46.292  -19.313  36.838 0.0000000000
78849  -47.855  -19.329  37.299 0.0000000000
77643  -48.545  -19.806  37.417 0.0000000000
76452  -51.217  -21.227  35.595 0.0000000000
75266  -50.412  -21.300  36.538 0.0000000000
80070  -53.509  -17.583  27.468 0.0000000000
78936  -53.036  -18.043  27.928 0.0000000000
80053  -52.829  -17.602  28.155 0.0000000000
80038  -51.544  -17.856  29.273 0.0000000000
76565  -52.284  -19.381  29.961 0.0000000000
76564  -51.765  -20.099  29.886 0.0000000000
84641  -56.861  -13.191  21.931 0.0000000000
85701  -57.713  -12.350  21.141 0.0000000000
85717  -56.942  -11.502  21.062 0.0000000000
86811  -57.758  -11.735  20.795 0.0000000000
86823  -57.832  -11.371  20.222 0.0000000000
68069  -47.254  -27.738  42.291 0.0000000000
69126  -46.974  -27.204  42.539 0.0000000000
69125  -46.541  -26.679  42.840 0.0000000000
70240  -45.407  -25.998  43.505 0.0000000000
71443  -44.906  -25.320  43.412 0.0000000000
70227  -44.878  -25.876  44.265 0.0000000000
71442  -44.246  -25.361  43.621 0.0000000000
72666  -44.127  -24.536  43.709 0.0000000000
72678  -43.608  -23.647  43.552 0.0000000000
72696  -42.101  -23.036  41.984 0.0000000000
51033  -24.646  -40.838  49.747 0.0000000000
52402  -25.002  -40.380  50.523 0.0000000000
52392  -25.144  -40.161  51.205 0.0000000000
55723  -33.059  -37.062  48.481 0.0000000000
59134  -36.896  -34.796  46.726 0.0000000000
58021  -37.474  -35.190  46.416 0.0000000000
55751  -37.431  -35.596  45.656 0.0000000000
58032  -37.981  -35.458  46.002 0.0000000000
56945  -38.337  -35.694  45.490 0.0000000000
56965  -39.029  -36.021  45.069 0.0000000000
59163  -39.293  -35.080  45.751 0.0000000000
56966  -39.743  -35.739  45.011 0.0000000000
56984  -39.543  -36.222  44.653 0.0000000000
56985  -40.189  -36.272  44.467 0.0000000000
56986  -40.980  -36.222  44.146 0.0000000000
56987  -41.735  -35.860  43.689 0.0000000000
61771  -45.400  -32.327  43.137 0.0000000000
61772  -46.139  -31.949  42.716 0.0000000000
62967  -46.783  -31.376  42.471 0.0000000000
64227  -46.878  -30.179  42.808 0.0000000000
65615  -46.067  -29.463  43.421 0.0000000000
65616  -46.664  -29.448  42.953 0.0000000000
47133  -23.418  -43.872  48.639 0.0000000000
75208  -44.769  -21.784  41.734 0.0000000000
76405  -45.226  -20.819  40.473 0.0000000000
76406  -46.016  -20.403  40.030 0.0000000000
78737  -45.277  -19.372  41.199 0.0000000000
77572  -45.892  -19.866  40.497 0.0000000000
76419  -46.842  -20.759  39.612 0.0000000000
76420  -47.415  -20.618  39.493 0.0000000000
75239  -48.353  -21.086  39.231 0.0000000000
77684  -48.347  -20.162  35.141 0.0000000000
77665  -50.755  -20.072  35.436 0.0000000000
77666  -51.409  -20.137  35.152 0.0000000000
76458  -51.171  -20.399  35.416 0.0000000000
75272  -51.463  -21.721  35.303 0.0000000000
82386  -53.995  -16.036  25.070 0.0000000000
81273  -53.363  -16.224  24.992 0.0000000000
81257  -54.019  -16.430  25.620 0.0000000000
81243  -54.196  -16.786  26.445 0.0000000000
81228  -54.139  -17.239  26.895 0.0000000000
80087  -54.268  -17.895  26.178 0.0000000000
78971  -53.927  -18.359  26.390 0.0000000000
78953  -53.736  -18.158  26.976 0.0000000000
77808  -52.898  -18.933  27.351 0.0000000000
68068  -43.235  -27.419  42.668 0.0000000000
68067  -43.067  -27.033  41.905 0.0000000000
65614  -43.818  -29.393  42.575 0.0000000000
78824  -43.497  -19.798  38.106 0.0000000000
78845  -44.202  -20.087  37.460 0.0000000000
77641  -44.787  -20.264  36.576 0.0000000000
77661  -46.445  -20.019  35.874 0.0000000000
77683  -47.358  -20.451  35.043 0.0000000000
77707  -48.582  -20.530  34.166 0.0000000000
82387  -54.646  -16.015  24.890 0.0000000000
81259  -55.494  -17.016  24.701 0.0000000000
81276  -56.758  -16.315  24.897 0.0000000000
79012  -55.242  -17.823  24.554 0.0000000000
77894  -53.196  -19.179  23.363 0.0000000000
80176  -55.299  -16.981  22.140 0.0000000000
82449  -56.416  -15.174  20.432 0.0000000000
69164  -47.155  -26.840  40.181 0.0000000000
70297  -46.658  -26.366  39.859 0.0000000000
70281  -46.174  -25.217  40.203 0.0000000000
71484  -46.008  -24.605  40.633 0.0000000000
72707  -45.894  -23.892  41.442 0.0000000000
69139  -46.514  -26.281  42.315 0.0000000000
71466  -46.170  -24.900  42.256 0.0000000000
72681  -44.965  -24.095  43.091 0.0000000000
72691  -45.589  -24.094  42.671 0.0000000000
73937  -45.474  -23.538  42.426 0.0000000000
76390  -44.019  -20.097  41.350 0.0000000000
77555  -43.542  -19.854  41.172 0.0000000000
78784  -43.056  -19.217  39.180 0.0000000000
69137  -42.999  -26.356  42.454 0.0000000000
71482  -42.223  -24.389  40.420 0.0000000000
71472  -42.515  -24.676  41.573 0.0000000000
72705  -42.414  -23.724  41.326 0.0000000000
72704  -42.045  -22.989  41.059 0.0000000000
73955  -41.444  -22.240  40.501 0.0000000000
75220  -41.440  -21.208  40.440 0.0000000000
78803  -42.921  -19.774  38.611 0.0000000000
45776  -26.002  -45.964  45.487 0.0000000000
45775  -25.717  -45.499  46.222 0.0000000000
47156  -25.421  -44.931  45.615 0.0000000000
53529  -24.800  -39.993  50.284 0.0000000000
53521  -25.335  -40.003  51.499 0.0000000000
52394  -26.463  -40.276  50.890 0.0000000000
51035  -28.068  -40.863  50.269 0.0000000000
51106  -29.348  -41.417  47.976 0.0000000000
51062  -31.685  -41.137  48.971 0.0000000000
51063  -32.107  -40.818  48.663 0.0000000000
49752  -32.814  -41.991  47.863 0.0000000000
52446  -32.913  -40.753  46.429 0.0000000000
57983  -33.150  -36.663  48.425 0.0000000000
56888  -33.463  -36.912  48.277 0.0000000000
58004  -34.088  -35.880  47.777 0.0000000000
56904  -33.836  -36.555  47.983 0.0000000000
55749  -33.372  -37.219  47.524 0.0000000000
55764  -32.941  -37.664  47.074 0.0000000000
55782  -32.995  -37.443  46.475 0.0000000000
55808  -37.869  -36.764  43.489 0.0000000000
56982  -37.615  -36.738  43.440 0.0000000000
54682  -38.516  -37.262  43.127 0.0000000000
55830  -37.345  -37.079  42.945 0.0000000000
61766  -39.478  -33.979  43.530 0.0000000000
61735  -40.504  -33.694  44.391 0.0000000000
60451  -41.059  -33.870  45.072 0.0000000000
59180  -41.521  -34.527  44.736 0.0000000000
60465  -43.598  -33.814  43.665 0.0000000000
59181  -43.258  -34.885  43.787 0.0000000000
59196  -44.016  -34.221  43.575 0.0000000000
58062  -43.929  -34.951  43.929 0.0000000000
58049  -43.221  -34.558  44.041 0.0000000000
57003  -42.355  -35.835  43.078 0.0000000000
55812  -41.849  -36.375  43.096 0.0000000000
55833  -42.344  -36.670  42.625 0.0000000000
55856  -42.563  -37.012  42.370 0.0000000000
54722  -43.018  -37.183  41.858 0.0000000000
57031  -43.179  -36.303  41.807 0.0000000000
55875  -43.417  -37.035  41.588 0.0000000000
61800  -46.515  -31.951  41.480 0.0000000000
61811  -46.399  -32.279  40.467 0.0000000000
61822  -46.636  -32.796  39.773 0.0000000000
62993  -47.279  -31.490  40.583 0.0000000000
61823  -47.148  -32.350  39.594 0.0000000000
60549  -47.391  -33.345  38.929 0.0000000000
64333  -47.630  -30.463  37.986 0.0000000000
45762  -26.295  -45.920  48.460 0.0000000000
45772  -26.225  -46.178  46.448 0.0000000000
75221  -44.649  -22.023  40.257 0.0000000000
78805  -44.637  -18.890  38.613 0.0000000000
78806  -45.648  -18.769  38.737 0.0000000000
78827  -46.376  -19.172  37.934 0.0000000000
78808  -47.433  -19.060  38.958 0.0000000000
78790  -47.925  -19.924  39.126 0.0000000000
76421  -48.402  -20.770  39.182 0.0000000000
75251  -48.830  -21.165  38.888 0.0000000000
77622  -49.182  -20.256  37.678 0.0000000000
76443  -49.587  -20.558  37.455 0.0000000000
76432  -49.525  -20.756  38.030 0.0000000000
75252  -49.236  -21.169  38.537 0.0000000000
73991  -48.918  -21.567  38.438 0.0000000000
76546  -48.928  -20.396  30.193 0.0000000000
77757  -49.535  -19.898  30.501 0.0000000000
81256  -53.021  -16.500  25.651 0.0000000000
81255  -52.124  -16.545  25.441 0.0000000000
81240  -51.516  -16.699  25.995 0.0000000000
81225  -51.676  -16.688  27.013 0.0000000000
80086  -50.706  -16.833  26.387 0.0000000000
80049  -49.349  -17.935  28.445 0.0000000000
78934  -50.017  -18.240  29.233 0.0000000000
78918  -51.295  -18.321  29.799 0.0000000000
78917  -50.430  -18.756  29.693 0.0000000000
78900  -50.756  -18.912  30.270 0.0000000000
75346  -50.757  -21.610  31.730 0.0000000000
44602  -26.681  -46.594  45.750 0.0000000000
45761  -25.873  -45.555  48.299 0.0000000000
47121  -25.672  -45.375  49.049 0.0000000000
51015  -27.876  -40.682  50.597 0.0000000000
51038  -29.984  -40.676  49.875 0.0000000000
51085  -32.028  -41.622  48.775 0.0000000000
53520  -24.987  -40.103  51.013 0.0000000000
53558  -32.957  -38.530  47.623 0.0000000000
53595  -40.046  -37.697  43.146 0.0000000000
53608  -40.269  -37.710  42.930 0.0000000000
54591  -25.568  -39.919  51.450 0.0000000000
54602  -25.626  -39.823  51.207 0.0000000000
54617  -25.804  -39.627  50.694 0.0000000000
54657  -32.885  -37.813  47.343 0.0000000000
54659  -38.755  -36.531  44.330 0.0000000000
54703  -42.313  -37.081  42.443 0.0000000000
54721  -42.503  -37.254  42.115 0.0000000000
54741  -43.615  -37.326  41.302 0.0000000000
55750  -37.086  -35.526  45.800 0.0000000000
55768  -38.557  -36.172  44.826 0.0000000000
55788  -39.115  -36.420  44.520 0.0000000000
55831  -37.984  -37.210  42.965 0.0000000000
56944  -37.724  -35.539  45.815 0.0000000000
56983  -37.797  -36.885  43.211 0.0000000000
57002  -37.683  -37.021  43.031 0.0000000000
57018  -42.922  -36.165  42.283 0.0000000000
57984  -33.267  -36.875  48.405 0.0000000000
57992  -33.521  -35.952  48.228 0.0000000000
58008  -36.951  -34.969  46.750 0.0000000000
58020  -36.636  -35.187  46.447 0.0000000000
58034  -39.110  -35.294  45.705 0.0000000000
58046  -39.635  -35.234  45.479 0.0000000000
58050  -43.545  -34.920  43.945 0.0000000000
58063  -44.024  -34.032  43.461 0.0000000000
59133  -36.177  -34.782  46.675 0.0000000000
59135  -37.149  -35.087  46.663 0.0000000000
59145  -37.430  -34.629  46.589 0.0000000000
59146  -37.764  -34.997  46.590 0.0000000000
59161  -38.090  -34.696  46.391 0.0000000000
59178  -39.700  -34.986  45.574 0.0000000000
59182  -43.587  -34.729  43.404 0.0000000000
59197  -44.804  -34.150  44.012 0.0000000000
59213  -45.001  -34.040  43.516 0.0000000000
59265  -46.348  -33.995  39.531 0.0000000000
60408  -34.898  -34.613  46.807 0.0000000000
60411  -36.988  -34.506  46.718 0.0000000000
60425  -38.117  -34.122  45.958 0.0000000000
60426  -38.738  -34.277  45.411 0.0000000000
60427  -39.232  -34.107  44.902 0.0000000000
60428  -39.996  -34.148  45.171 0.0000000000
60438  -37.938  -34.364  46.302 0.0000000000
60439  -38.177  -34.510  46.218 0.0000000000
60440  -38.843  -34.601  45.785 0.0000000000
60442  -40.201  -34.209  44.996 0.0000000000
60449  -39.472  -34.706  45.519 0.0000000000
60453  -43.394  -34.421  43.872 0.0000000000
60516  -44.632  -33.676  41.701 0.0000000000
60550  -47.746  -33.010  38.468 0.0000000000
61699  -35.614  -33.985  46.593 0.0000000000
61710  -38.759  -34.165  45.104 0.0000000000
61711  -39.508  -34.251  44.805 0.0000000000
61721  -40.057  -33.964  44.395 0.0000000000
61734  -40.102  -33.751  44.132 0.0000000000
61746  -37.965  -34.197  44.212 0.0000000000
61748  -40.123  -33.691  43.909 0.0000000000
61810  -45.556  -32.699  40.855 0.0000000000
61834  -47.974  -32.449  38.277 0.0000000000
62926  -37.672  -33.250  45.722 0.0000000000
62927  -38.175  -33.778  45.228 0.0000000000
62928  -38.961  -34.217  44.882 0.0000000000
62936  -38.862  -34.164  44.174 0.0000000000
62937  -39.754  -33.959  44.021 0.0000000000
62941  -38.580  -34.125  44.472 0.0000000000
62943  -40.112  -33.494  44.018 0.0000000000
62947  -39.884  -33.405  43.957 0.0000000000
62968  -47.211  -31.075  41.910 0.0000000000
62979  -47.634  -30.951  40.779 0.0000000000
63059  -47.595  -31.805  36.844 0.0000000000
64261  -47.554  -30.507  41.108 0.0000000000
66942  -47.559  -28.901  40.669 0.0000000000
66971  -47.340  -29.095  39.184 0.0000000000
68043  -44.440  -26.341  44.014 0.0000000000
68083  -47.658  -27.894  40.146 0.0000000000
68091  -47.514  -28.038  39.769 0.0000000000
69096  -44.319  -26.133  44.267 0.0000000000
69111  -44.165  -26.298  44.447 0.0000000000
69124  -43.600  -26.324  43.426 0.0000000000
69187  -46.682  -27.843  39.193 0.0000000000
70226  -44.203  -25.829  44.153 0.0000000000
70228  -45.060  -25.968  43.673 0.0000000000
70238  -44.074  -25.469  43.802 0.0000000000
70249  -43.236  -25.416  42.931 0.0000000000
71441  -44.064  -25.107  43.847 0.0000000000
71444  -45.206  -25.645  43.441 0.0000000000
71451  -43.509  -24.219  43.427 0.0000000000
71458  -43.224  -24.645  42.849 0.0000000000
71460  -45.749  -25.059  42.699 0.0000000000
72668  -44.859  -24.691  43.270 0.0000000000
72690  -45.144  -23.624  42.808 0.0000000000
73908  -43.493  -23.253  43.426 0.0000000000
73909  -43.695  -23.161  43.515 0.0000000000
73910  -44.031  -23.138  43.559 0.0000000000
73924  -44.803  -22.998  42.882 0.0000000000
73934  -42.160  -22.345  42.200 0.0000000000
73956  -44.619  -22.278  39.928 0.0000000000
73973  -48.621  -21.255  38.944 0.0000000000
75160  -43.787  -22.681  43.443 0.0000000000
75161  -44.042  -22.472  43.422 0.0000000000
75219  -41.078  -21.193  39.913 0.0000000000
75240  -48.795  -20.982  39.063 0.0000000000
75292  -51.969  -22.080  34.308 0.0000000000
76355  -44.128  -21.572  42.902 0.0000000000
76393  -45.569  -20.153  40.695 0.0000000000
76407  -46.784  -20.282  39.756 0.0000000000
76433  -49.840  -21.040  37.572 0.0000000000
76490  -48.923  -20.324  34.355 0.0000000000
76491  -49.119  -20.215  34.269 0.0000000000
76508  -51.282  -21.152  32.736 0.0000000000
77541  -42.689  -20.476  41.520 0.0000000000
77543  -44.908  -19.011  41.403 0.0000000000
77544  -45.071  -19.306  41.402 0.0000000000
77545  -45.200  -19.552  41.295 0.0000000000
77554  -42.464  -20.242  41.241 0.0000000000
77589  -48.547  -20.512  38.974 0.0000000000
77687  -51.298  -19.755  34.681 0.0000000000
78736  -45.163  -19.096  41.409 0.0000000000
78738  -45.417  -19.629  41.035 0.0000000000
78752  -45.568  -19.541  40.814 0.0000000000
78952  -53.366  -18.383  27.382 0.0000000000
78970  -53.645  -18.522  26.846 0.0000000000
80036  -50.350  -18.090  29.309 0.0000000000
80071  -53.957  -17.785  26.715 0.0000000000
80105  -56.997  -16.436  25.078 0.0000000000
80106  -57.086  -16.333  24.842 0.0000000000
80126  -56.870  -16.689  24.607 0.0000000000
80146  -57.130  -16.521  24.067 0.0000000000
80163  -57.121  -16.565  23.598 0.0000000000
81229  -54.213  -17.523  26.515 0.0000000000
81260  -57.013  -16.068  25.128 0.0000000000
81261  -57.119  -16.073  24.702 0.0000000000
81271  -51.846  -16.501  24.605 0.0000000000
81277  -57.080  -16.054  24.177 0.0000000000
81292  -56.771  -16.963  23.269 0.0000000000
81308  -56.249  -16.597  22.496 0.0000000000
82375  -54.326  -16.206  25.261 0.0000000000
82377  -56.935  -15.763  24.930 0.0000000000
82378  -57.101  -15.924  24.891 0.0000000000
82390  -56.943  -15.804  24.479 0.0000000000
82416  -57.093  -16.022  22.496 0.0000000000
82463  -56.256  -14.891  19.761 0.0000000000
83510  -54.682  -15.134  23.216 0.0000000000
83513  -57.072  -14.721  23.599 0.0000000000
83544  -57.432  -15.083  21.789 0.0000000000
84618  -56.694  -13.900  23.278 0.0000000000
86810  -57.439  -11.771  21.093 0.0000000000
