#!ascii label  , from subject ernie vox2ras=TkReg
1343
51046  -10.301  -39.672  49.306 0.0000000000
65769  -36.435  -29.550  34.627 0.0000000000
74085  -31.136  -23.074  33.697 0.0000000000
66934  -28.449  -26.482  40.597 0.0000000000
81312  -36.589  -15.943  21.346 0.0000000000
80077  -31.963  -16.438  26.161 0.0000000000
66938  -37.700  -28.115  40.853 0.0000000000
64326  -32.374  -28.543  37.705 0.0000000000
82425  -42.842  -13.979  23.221 0.0000000000
87961  -44.678  -10.101  20.114 0.0000000000
93476  -47.145  -5.674  19.445 0.0000000000
77631  -32.616  -18.337  36.399 0.0000000000
77735  -29.849  -19.002  31.110 0.0000000000
81141  -34.799  -15.665  33.822 0.0000000000
80019  -38.385  -14.907  29.188 0.0000000000
58152  -21.284  -34.250  37.894 0.0000000000
50964  -8.091  -39.287  53.406 0.0000000000
71562  -35.872  -24.593  34.874 0.0000000000
75212  -31.460  -21.420  40.703 0.0000000000
64368  -23.314  -30.728  34.982 0.0000000000
67013  -27.600  -27.644  33.834 0.0000000000
93507  -43.700  -5.192  13.675 0.0000000000
95589  -49.661  -2.680  16.904 0.0000000000
77878  -34.756  -17.670  22.869 0.0000000000
77845  -41.275  -17.111  25.956 0.0000000000
54661  -12.526  -37.490  45.636 0.0000000000
48446  -4.286  -43.296  51.998 0.0000000000
84650  -43.479  -12.514  21.112 0.0000000000
77673  -33.520  -17.495  34.968 0.0000000000
58169  -18.964  -35.383  36.145 0.0000000000
50992  -9.307  -39.757  51.990 0.0000000000
68141  -37.060  -27.365  32.210 0.0000000000
69208  -36.850  -26.695  35.063 0.0000000000
66961  -23.909  -27.643  38.512 0.0000000000
67010  -24.682  -27.689  34.720 0.0000000000
66978  -27.187  -26.563  36.965 0.0000000000
63069  -34.400  -29.546  36.478 0.0000000000
64371  -31.788  -29.154  34.398 0.0000000000
64412  -34.104  -29.787  32.623 0.0000000000
66904  -25.927  -27.471  42.982 0.0000000000
65675  -22.881  -29.034  40.295 0.0000000000
87975  -39.176  -9.816  18.250 0.0000000000
92414  -41.761  -6.276  15.463 0.0000000000
95577  -48.073  -4.229  18.455 0.0000000000
78923  -30.437  -17.879  28.614 0.0000000000
79001  -33.339  -16.914  23.953 0.0000000000
77782  -39.478  -17.219  27.687 0.0000000000
58102  -15.826  -34.406  40.715 0.0000000000
58065  -15.183  -34.772  44.415 0.0000000000
55754  -14.328  -36.452  46.884 0.0000000000
54709  -13.098  -37.841  42.988 0.0000000000
48467  -5.688  -43.148  49.793 0.0000000000
65715  -36.578  -28.374  37.830 0.0000000000
70318  -37.104  -25.977  37.721 0.0000000000
71480  -37.538  -25.191  40.506 0.0000000000
66921  -31.448  -26.734  42.010 0.0000000000
65678  -30.804  -27.667  39.097 0.0000000000
64270  -32.876  -28.254  40.396 0.0000000000
62985  -35.745  -28.932  39.617 0.0000000000
83516  -38.971  -14.514  23.101 0.0000000000
85694  -40.353  -12.565  21.860 0.0000000000
86829  -41.771  -10.615  20.256 0.0000000000
90187  -42.547  -8.367  19.125 0.0000000000
92406  -44.252  -6.397  18.342 0.0000000000
90175  -45.614  -8.108  19.540 0.0000000000
76446  -30.506  -20.709  36.272 0.0000000000
75320  -28.969  -21.643  32.277 0.0000000000
77696  -31.542  -18.464  33.845 0.0000000000
78881  -31.962  -17.527  32.147 0.0000000000
81183  -33.416  -15.565  30.380 0.0000000000
81209  -35.608  -14.980  28.016 0.0000000000
81170  -36.756  -14.310  30.978 0.0000000000
57054  -20.006  -34.117  39.635 0.0000000000
58127  -17.242  -34.416  38.279 0.0000000000
95637  -48.941  -3.267  12.461 0.0000000000
52369  -6.100  -39.501  53.753 0.0000000000
70369  -35.258  -25.490  32.343 0.0000000000
74088  -33.136  -24.121  34.741 0.0000000000
72741  -36.731  -23.728  37.574 0.0000000000
74000  -34.117  -24.153  37.756 0.0000000000
73997  -31.490  -22.849  37.099 0.0000000000
76429  -31.595  -20.129  38.992 0.0000000000
65732  -29.909  -28.087  35.867 0.0000000000
60521  -22.608  -31.916  41.282 0.0000000000
60588  -22.728  -32.782  37.178 0.0000000000
93493  -44.320  -5.119  16.679 0.0000000000
95593  -45.897  -3.706  14.815 0.0000000000
95615  -47.616  -3.338  13.731 0.0000000000
94563  -50.090  -2.412  15.395 0.0000000000
51115  -9.280  -40.392  46.766 0.0000000000
51068  -8.082  -40.760  48.180 0.0000000000
77915  -36.081  -17.444  22.190 0.0000000000
78964  -36.663  -16.909  26.497 0.0000000000
76645  -38.189  -17.489  25.149 0.0000000000
79032  -38.317  -16.838  23.328 0.0000000000
80136  -41.867  -15.183  24.776 0.0000000000
52435  -11.497  -38.998  47.861 0.0000000000
51020  -6.972  -40.744  50.274 0.0000000000
50988  -5.411  -40.904  52.294 0.0000000000
50986  -4.170  -40.843  52.662 0.0000000000
51023  -9.834  -39.753  50.109 0.0000000000
65785  -36.600  -29.619  33.825 0.0000000000
67031  -37.276  -28.386  33.903 0.0000000000
67015  -37.230  -28.297  34.893 0.0000000000
66948  -25.577  -27.033  39.474 0.0000000000
66977  -25.788  -26.702  37.273 0.0000000000
66964  -28.028  -26.604  38.646 0.0000000000
64375  -35.190  -29.730  35.154 0.0000000000
64374  -34.327  -29.412  34.945 0.0000000000
64393  -35.064  -29.910  34.137 0.0000000000
64435  -34.823  -29.908  31.936 0.0000000000
68073  -28.858  -26.465  42.370 0.0000000000
68055  -27.700  -26.987  43.782 0.0000000000
66917  -27.140  -26.758  42.087 0.0000000000
66931  -24.458  -27.826  40.725 0.0000000000
92413  -41.395  -6.790  15.929 0.0000000000
72828  -31.400  -24.148  33.082 0.0000000000
74110  -30.750  -23.185  32.335 0.0000000000
80058  -30.988  -16.944  27.662 0.0000000000
78960  -30.758  -18.085  26.314 0.0000000000
80094  -32.612  -16.237  25.361 0.0000000000
58100  -14.316  -35.502  40.796 0.0000000000
58089  -15.060  -34.847  42.506 0.0000000000
57022  -14.314  -35.451  42.274 0.0000000000
56992  -14.144  -36.267  43.706 0.0000000000
55840  -13.051  -37.348  41.800 0.0000000000
66952  -36.979  -28.302  39.112 0.0000000000
68088  -38.274  -27.328  39.058 0.0000000000
69162  -38.107  -26.273  40.384 0.0000000000
65627  -32.600  -27.470  42.291 0.0000000000
64251  -32.175  -27.735  41.236 0.0000000000
64235  -33.560  -27.797  42.030 0.0000000000
65648  -36.262  -27.751  41.400 0.0000000000
64256  -35.252  -29.032  40.688 0.0000000000
64293  -36.158  -28.638  39.872 0.0000000000
64308  -36.459  -30.374  38.864 0.0000000000
82423  -41.172  -14.172  23.404 0.0000000000
84622  -39.868  -13.839  22.878 0.0000000000
83532  -41.340  -13.630  22.999 0.0000000000
85724  -44.166  -11.966  20.302 0.0000000000
86818  -42.155  -11.341  20.500 0.0000000000
86830  -42.623  -10.796  20.203 0.0000000000
89081  -41.764  -9.254  19.666 0.0000000000
89083  -43.402  -9.714  19.647 0.0000000000
90189  -44.138  -8.063  19.289 0.0000000000
89084  -44.763  -9.409  19.644 0.0000000000
77630  -31.762  -19.340  36.633 0.0000000000
77669  -30.353  -19.621  35.033 0.0000000000
77649  -31.910  -18.586  35.763 0.0000000000
79984  -34.367  -16.455  34.341 0.0000000000
78867  -32.927  -17.030  33.876 0.0000000000
80002  -33.416  -16.158  32.416 0.0000000000
80016  -32.540  -16.355  31.352 0.0000000000
81168  -34.222  -15.086  31.377 0.0000000000
81185  -35.170  -14.560  30.164 0.0000000000
81156  -36.026  -14.478  32.298 0.0000000000
58117  -22.428  -34.007  40.829 0.0000000000
57040  -21.183  -34.649  41.158 0.0000000000
57074  -21.294  -34.204  39.153 0.0000000000
58148  -18.144  -34.722  37.369 0.0000000000
95628  -49.816  -2.683  13.386 0.0000000000
96656  -50.244  -2.190  12.941 0.0000000000
52370  -6.941  -39.266  54.054 0.0000000000
70355  -36.038  -26.485  33.772 0.0000000000
69222  -36.365  -26.078  32.097 0.0000000000
70353  -35.287  -25.321  33.194 0.0000000000
71577  -34.207  -24.227  33.768 0.0000000000
72820  -34.477  -24.140  34.347 0.0000000000
72730  -37.099  -24.414  39.225 0.0000000000
71524  -37.162  -24.384  38.106 0.0000000000
73982  -36.181  -24.038  38.936 0.0000000000
73951  -32.860  -22.960  40.777 0.0000000000
73963  -33.872  -23.253  39.894 0.0000000000
73962  -32.627  -22.954  39.699 0.0000000000
73998  -32.296  -23.260  37.381 0.0000000000
73961  -31.519  -22.736  39.316 0.0000000000
75244  -30.674  -21.380  38.074 0.0000000000
76415  -31.223  -20.452  39.546 0.0000000000
67027  -25.364  -27.479  33.292 0.0000000000
64287  -31.093  -28.076  38.400 0.0000000000
65712  -29.984  -28.115  37.092 0.0000000000
64324  -30.782  -28.600  36.987 0.0000000000
64370  -30.908  -29.019  33.789 0.0000000000
62970  -24.001  -30.517  42.976 0.0000000000
65708  -22.617  -29.864  37.479 0.0000000000
63028  -22.603  -31.009  38.518 0.0000000000
63062  -23.138  -31.418  35.960 0.0000000000
60619  -22.730  -33.384  34.936 0.0000000000
92400  -45.369  -6.346  19.055 0.0000000000
93486  -44.300  -5.604  17.448 0.0000000000
93488  -46.240  -5.270  18.055 0.0000000000
95583  -49.159  -3.230  17.642 0.0000000000
95587  -47.240  -3.811  16.695 0.0000000000
95595  -47.987  -3.283  15.813 0.0000000000
95605  -46.732  -3.526  14.367 0.0000000000
95606  -47.736  -3.292  14.786 0.0000000000
94561  -49.191  -2.835  14.758 0.0000000000
94544  -49.997  -2.492  16.393 0.0000000000
76516  -29.047  -19.864  31.630 0.0000000000
75336  -28.984  -21.992  31.468 0.0000000000
77924  -35.059  -18.914  20.640 0.0000000000
77914  -35.133  -18.001  21.673 0.0000000000
80030  -36.847  -15.364  28.485 0.0000000000
80062  -36.540  -15.971  27.285 0.0000000000
78926  -37.666  -16.303  27.914 0.0000000000
77801  -39.819  -17.359  26.897 0.0000000000
76605  -38.695  -17.710  26.428 0.0000000000
76625  -39.608  -17.556  25.695 0.0000000000
76663  -38.732  -17.389  24.576 0.0000000000
77884  -39.760  -16.926  24.411 0.0000000000
80134  -40.196  -15.930  24.073 0.0000000000
77886  -40.695  -16.263  25.146 0.0000000000
54662  -12.795  -37.016  46.074 0.0000000000
53570  -12.920  -37.649  47.330 0.0000000000
53560  -12.798  -38.275  48.077 0.0000000000
52452  -11.489  -38.535  46.680 0.0000000000
52442  -10.661  -39.611  46.556 0.0000000000
53578  -11.535  -38.944  45.108 0.0000000000
51067  -6.934  -41.304  48.106 0.0000000000
51043  -7.499  -40.895  49.216 0.0000000000
51042  -6.212  -41.504  49.315 0.0000000000
48448  -5.325  -43.855  50.927 0.0000000000
49726  -5.143  -41.984  50.591 0.0000000000
48438  -4.462  -42.605  51.957 0.0000000000
50987  -4.612  -40.839  52.580 0.0000000000
48437  -4.095  -42.528  52.216 0.0000000000
64222  -35.032  -27.682  42.718 0.0000000000
82426  -43.744  -13.693  22.922 0.0000000000
83534  -42.953  -13.584  22.501 0.0000000000
82443  -44.323  -13.120  21.909 0.0000000000
77632  -33.213  -17.690  36.182 0.0000000000
58172  -21.574  -34.207  36.301 0.0000000000
58151  -20.435  -34.344  37.375 0.0000000000
50979  -9.914  -38.962  52.792 0.0000000000
50977  -8.246  -39.673  52.596 0.0000000000
67059  -36.587  -28.453  31.635 0.0000000000
68133  -37.100  -27.458  33.302 0.0000000000
70343  -36.784  -26.023  34.425 0.0000000000
77566  -31.756  -19.610  40.958 0.0000000000
65729  -23.322  -28.888  36.736 0.0000000000
65764  -23.546  -29.520  34.653 0.0000000000
66987  -24.016  -27.911  36.543 0.0000000000
66989  -26.114  -26.553  36.189 0.0000000000
67000  -27.500  -27.031  34.872 0.0000000000
63052  -33.182  -28.870  36.656 0.0000000000
63051  -32.370  -28.605  36.136 0.0000000000
63067  -33.048  -28.747  35.802 0.0000000000
64372  -32.703  -29.103  34.262 0.0000000000
64434  -34.017  -29.908  31.291 0.0000000000
65642  -25.287  -28.372  43.155 0.0000000000
64249  -24.344  -29.410  42.718 0.0000000000
65659  -24.319  -28.721  41.844 0.0000000000
66946  -23.332  -28.294  39.447 0.0000000000
86848  -38.864  -10.442  19.020 0.0000000000
92419  -42.664  -5.962  13.878 0.0000000000
93465  -49.238  -5.467  20.428 0.0000000000
94527  -48.067  -4.770  19.133 0.0000000000
77765  -30.159  -18.416  29.508 0.0000000000
79029  -32.794  -18.517  22.999 0.0000000000
80130  -34.365  -17.320  23.482 0.0000000000
80004  -40.012  -15.203  30.379 0.0000000000
80033  -38.945  -15.514  28.719 0.0000000000
78910  -40.334  -15.828  28.684 0.0000000000
58091  -16.749  -33.720  41.683 0.0000000000
59206  -16.764  -34.155  43.297 0.0000000000
58038  -15.714  -34.343  45.792 0.0000000000
56974  -14.662  -35.438  45.114 0.0000000000
55792  -13.537  -36.471  45.237 0.0000000000
54673  -12.655  -37.677  44.852 0.0000000000
53601  -12.019  -38.695  43.767 0.0000000000
54689  -12.234  -38.516  42.604 0.0000000000
65752  -37.150  -29.125  36.256 0.0000000000
67001  -36.749  -28.000  36.007 0.0000000000
68103  -37.746  -27.174  37.836 0.0000000000
70292  -37.513  -25.166  39.370 0.0000000000
66919  -29.728  -26.740  41.582 0.0000000000
66951  -29.404  -26.723  39.646 0.0000000000
65661  -30.779  -27.307  40.213 0.0000000000
64288  -32.007  -27.976  39.261 0.0000000000
64289  -33.310  -28.405  39.414 0.0000000000
64254  -34.413  -28.285  41.147 0.0000000000
62983  -34.606  -28.635  40.065 0.0000000000
63015  -34.414  -28.862  38.339 0.0000000000
63034  -34.906  -30.076  37.829 0.0000000000
64344  -35.770  -30.445  37.030 0.0000000000
66907  -30.634  -26.423  42.774 0.0000000000
82403  -37.307  -15.505  22.357 0.0000000000
82440  -36.622  -15.496  20.575 0.0000000000
84631  -37.373  -14.253  21.726 0.0000000000
85692  -38.229  -13.273  21.673 0.0000000000
86815  -38.558  -11.713  20.490 0.0000000000
84648  -41.888  -12.670  21.809 0.0000000000
85709  -40.528  -11.798  21.230 0.0000000000
86828  -39.185  -10.427  19.894 0.0000000000
87956  -39.631  -9.920  19.483 0.0000000000
90172  -40.918  -8.244  18.896 0.0000000000
90185  -40.743  -7.601  18.178 0.0000000000
91313  -41.606  -6.689  17.325 0.0000000000
91308  -42.912  -7.843  18.823 0.0000000000
91310  -45.001  -7.487  19.346 0.0000000000
91298  -46.499  -7.285  19.696 0.0000000000
89073  -46.992  -8.959  20.794 0.0000000000
91288  -48.488  -7.216  20.555 0.0000000000
74070  -30.608  -22.144  34.569 0.0000000000
74084  -30.467  -22.748  33.321 0.0000000000
76463  -29.862  -21.218  34.285 0.0000000000
77695  -30.297  -19.542  33.703 0.0000000000
77716  -29.943  -19.193  32.258 0.0000000000
77697  -32.242  -17.669  34.232 0.0000000000
77718  -31.953  -17.841  33.033 0.0000000000
77753  -31.227  -18.287  31.282 0.0000000000
78890  -31.020  -17.799  30.313 0.0000000000
80042  -31.671  -16.558  29.091 0.0000000000
81206  -32.425  -15.855  28.339 0.0000000000
81221  -33.546  -15.408  27.596 0.0000000000
82337  -34.314  -15.303  29.014 0.0000000000
81186  -36.377  -14.255  29.989 0.0000000000
81187  -37.721  -14.376  29.752 0.0000000000
83453  -39.115  -13.897  31.594 0.0000000000
81172  -39.222  -14.815  30.437 0.0000000000
57024  -19.809  -34.137  41.930 0.0000000000
57072  -19.669  -34.020  38.571 0.0000000000
57052  -18.611  -33.762  39.169 0.0000000000
58104  -17.926  -33.400  40.060 0.0000000000
58103  -16.879  -33.811  40.358 0.0000000000
72829  -32.646  -24.244  33.867 0.0000000000
74099  -32.051  -24.076  34.237 0.0000000000
69203  -36.967  -26.687  35.985 0.0000000000
70325  -37.155  -25.363  36.320 0.0000000000
71548  -36.527  -24.359  36.113 0.0000000000
74001  -35.076  -24.386  37.858 0.0000000000
72787  -34.893  -24.507  36.124 0.0000000000
74052  -33.569  -23.939  35.910 0.0000000000
74050  -32.309  -22.861  35.493 0.0000000000
74049  -31.420  -22.638  35.280 0.0000000000
75263  -30.507  -21.560  36.572 0.0000000000
76440  -31.147  -19.998  37.540 0.0000000000
77614  -31.711  -19.255  37.611 0.0000000000
77567  -32.158  -18.535  39.956 0.0000000000
77582  -32.066  -18.236  38.922 0.0000000000
65693  -29.462  -27.571  37.922 0.0000000000
65731  -29.207  -27.609  36.352 0.0000000000
65766  -28.439  -27.350  34.703 0.0000000000
64355  -30.954  -28.893  34.897 0.0000000000
65768  -29.751  -28.389  33.734 0.0000000000
59254  -22.616  -32.934  41.270 0.0000000000
59272  -22.576  -32.807  40.029 0.0000000000
62997  -23.135  -30.771  40.611 0.0000000000
61826  -22.518  -31.623  39.495 0.0000000000
59303  -22.367  -33.375  38.047 0.0000000000
59336  -22.088  -34.083  35.781 0.0000000000
92411  -42.804  -5.866  16.974 0.0000000000
93491  -42.828  -5.403  16.022 0.0000000000
94547  -43.625  -4.830  14.783 0.0000000000
94537  -47.049  -4.627  17.828 0.0000000000
94549  -45.413  -4.180  15.537 0.0000000000
94559  -44.159  -4.672  14.221 0.0000000000
94567  -44.940  -4.090  13.572 0.0000000000
95623  -45.624  -3.940  12.033 0.0000000000
95634  -46.221  -3.888  11.307 0.0000000000
95626  -48.356  -3.186  13.057 0.0000000000
95617  -49.484  -2.914  13.980 0.0000000000
51094  -9.861  -40.176  47.495 0.0000000000
51045  -9.536  -40.185  49.290 0.0000000000
51093  -8.792  -40.562  47.281 0.0000000000
74109  -30.256  -22.964  31.983 0.0000000000
79044  -35.984  -17.183  21.602 0.0000000000
80079  -34.594  -15.814  26.206 0.0000000000
78982  -35.387  -16.924  25.203 0.0000000000
77840  -36.042  -17.298  25.149 0.0000000000
77780  -38.065  -16.922  27.462 0.0000000000
76622  -37.399  -17.521  25.816 0.0000000000
76660  -36.693  -17.491  24.371 0.0000000000
77881  -37.279  -17.490  23.682 0.0000000000
77916  -37.024  -17.259  22.532 0.0000000000
80166  -37.247  -16.366  22.408 0.0000000000
81279  -38.746  -15.894  23.290 0.0000000000
81281  -40.061  -15.244  23.892 0.0000000000
81300  -41.994  -14.480  23.856 0.0000000000
51025  -11.466  -38.824  50.105 0.0000000000
52410  -12.070  -38.584  49.152 0.0000000000
51071  -10.839  -39.353  48.610 0.0000000000
52433  -10.378  -40.027  46.979 0.0000000000
52449  -9.657  -40.256  44.961 0.0000000000
51022  -9.040  -40.100  50.150 0.0000000000
51004  -7.695  -40.352  51.246 0.0000000000
50990  -7.588  -40.580  52.117 0.0000000000
51041  -5.532  -41.640  49.941 0.0000000000
51002  -5.704  -41.105  51.377 0.0000000000
50975  -6.422  -40.369  53.103 0.0000000000
50974  -5.578  -40.276  53.399 0.0000000000
52377  -4.324  -40.188  53.289 0.0000000000
47070  -4.091  -43.663  51.636 0.0000000000
49718  -3.357  -42.127  51.647 0.0000000000
51024  -10.649  -39.336  50.104 0.0000000000
65770  -37.177  -29.183  34.935 0.0000000000
66949  -26.961  -26.489  39.475 0.0000000000
66950  -28.404  -26.580  39.355 0.0000000000
64376  -36.131  -29.673  35.362 0.0000000000
64394  -35.904  -29.822  34.445 0.0000000000
64414  -35.850  -29.955  33.509 0.0000000000
66918  -28.664  -26.614  41.594 0.0000000000
68072  -27.929  -26.711  42.539 0.0000000000
66933  -26.994  -26.569  40.676 0.0000000000
91322  -41.167  -7.014  16.452 0.0000000000
74098  -31.507  -23.850  33.781 0.0000000000
72827  -31.000  -23.702  32.745 0.0000000000
74097  -30.962  -23.374  32.919 0.0000000000
80059  -31.502  -16.559  27.022 0.0000000000
80076  -31.061  -17.119  26.696 0.0000000000
78961  -31.297  -17.309  25.924 0.0000000000
78979  -31.790  -17.007  25.096 0.0000000000
57035  -14.011  -35.985  40.833 0.0000000000
57036  -14.116  -35.585  41.566 0.0000000000
57021  -13.682  -36.060  42.020 0.0000000000
66953  -37.696  -28.119  39.543 0.0000000000
68080  -38.196  -27.225  40.368 0.0000000000
65608  -33.275  -27.480  43.248 0.0000000000
65628  -33.148  -27.735  42.356 0.0000000000
65629  -33.711  -27.677  42.528 0.0000000000
66922  -36.944  -27.922  41.212 0.0000000000
65664  -36.547  -28.257  40.516 0.0000000000
65665  -37.147  -28.154  40.560 0.0000000000
65680  -36.791  -28.476  39.609 0.0000000000
82424  -41.940  -13.949  23.280 0.0000000000
83533  -42.265  -13.537  22.712 0.0000000000
86832  -44.353  -11.164  20.172 0.0000000000
86831  -43.506  -11.087  20.152 0.0000000000
87959  -43.104  -10.181  19.915 0.0000000000
87960  -43.895  -10.134  19.702 0.0000000000
87978  -44.332  -9.693  19.579 0.0000000000
79991  -34.188  -15.854  33.287 0.0000000000
79990  -33.763  -16.436  33.645 0.0000000000
80003  -34.357  -15.375  32.323 0.0000000000
81155  -34.918  -15.058  32.920 0.0000000000
58133  -21.933  -33.851  39.190 0.0000000000
57075  -21.742  -34.298  39.829 0.0000000000
58132  -21.497  -34.068  38.750 0.0000000000
96652  -50.851  -2.174  14.021 0.0000000000
96657  -50.899  -1.558  13.500 0.0000000000
50958  -8.009  -39.135  54.192 0.0000000000
52360  -7.670  -39.137  54.614 0.0000000000
50963  -7.249  -39.410  53.766 0.0000000000
70342  -35.864  -25.825  34.471 0.0000000000
70354  -35.572  -26.035  33.551 0.0000000000
71579  -35.527  -25.193  34.013 0.0000000000
71578  -34.891  -24.324  33.928 0.0000000000
71561  -35.178  -24.468  34.544 0.0000000000
73983  -36.754  -24.101  39.193 0.0000000000
73966  -36.332  -24.241  39.807 0.0000000000
75213  -32.006  -21.809  41.184 0.0000000000
75228  -31.818  -22.508  40.246 0.0000000000
75227  -31.313  -21.668  40.101 0.0000000000
63078  -22.903  -31.986  34.221 0.0000000000
64306  -31.752  -28.206  38.094 0.0000000000
64305  -30.909  -28.443  37.731 0.0000000000
64325  -31.593  -28.554  37.347 0.0000000000
64353  -23.041  -30.458  36.314 0.0000000000
64340  -22.681  -30.355  37.205 0.0000000000
63079  -23.178  -31.898  34.832 0.0000000000
93513  -44.005  -5.669  12.626 0.0000000000
92401  -46.056  -5.953  19.317 0.0000000000
93480  -45.594  -5.673  18.441 0.0000000000
93475  -46.590  -5.667  19.248 0.0000000000
95584  -50.053  -2.898  17.694 0.0000000000
95588  -48.497  -3.217  16.784 0.0000000000
95596  -49.021  -2.748  15.975 0.0000000000
95597  -49.586  -2.560  16.229 0.0000000000
76533  -28.742  -20.878  30.972 0.0000000000
76534  -29.035  -19.755  30.519 0.0000000000
77898  -34.308  -18.096  22.477 0.0000000000
77913  -34.244  -18.662  21.645 0.0000000000
77899  -35.260  -17.614  22.542 0.0000000000
80031  -37.485  -15.366  28.641 0.0000000000
80045  -37.205  -15.985  28.070 0.0000000000
78907  -37.995  -15.882  28.449 0.0000000000
77824  -40.514  -17.368  26.337 0.0000000000
76607  -39.950  -17.537  26.083 0.0000000000
76626  -40.152  -17.440  25.841 0.0000000000
77865  -39.683  -17.193  24.943 0.0000000000
77866  -40.199  -16.931  25.178 0.0000000000
77885  -40.295  -16.478  24.984 0.0000000000
77867  -40.850  -16.633  25.425 0.0000000000
53580  -12.607  -37.641  46.742 0.0000000000
53569  -12.454  -38.124  47.312 0.0000000000
53579  -12.010  -37.951  46.056 0.0000000000
52451  -11.116  -38.833  46.141 0.0000000000
51066  -6.334  -42.131  48.265 0.0000000000
48447  -4.669  -43.196  51.163 0.0000000000
77617  -33.940  -17.336  36.489 0.0000000000
58171  -20.771  -34.729  36.209 0.0000000000
50993  -10.059  -39.359  52.032 0.0000000000
50978  -9.141  -39.308  52.624 0.0000000000
67047  -36.850  -28.896  32.180 0.0000000000
68125  -36.883  -27.578  34.672 0.0000000000
69216  -36.586  -26.809  33.976 0.0000000000
66975  -23.454  -28.078  37.591 0.0000000000
66976  -24.470  -27.312  37.430 0.0000000000
66963  -27.074  -26.396  38.164 0.0000000000
66999  -26.331  -26.960  35.175 0.0000000000
66990  -27.377  -26.747  35.933 0.0000000000
63053  -34.044  -29.151  37.006 0.0000000000
63068  -33.748  -29.050  36.220 0.0000000000
64392  -34.237  -29.598  33.776 0.0000000000
64373  -33.532  -29.128  34.489 0.0000000000
64391  -33.332  -29.475  33.482 0.0000000000
64390  -32.394  -29.403  33.300 0.0000000000
64411  -33.138  -29.628  32.333 0.0000000000
65822  -34.786  -29.892  31.319 0.0000000000
66905  -26.599  -27.321  43.446 0.0000000000
66890  -27.082  -27.420  44.069 0.0000000000
65624  -25.867  -28.361  43.757 0.0000000000
65625  -26.361  -28.381  44.246 0.0000000000
65641  -24.945  -28.534  42.373 0.0000000000
66947  -24.212  -27.666  39.429 0.0000000000
68087  -23.825  -27.942  39.031 0.0000000000
66960  -23.292  -28.300  38.610 0.0000000000
77764  -29.614  -19.020  29.087 0.0000000000
78922  -30.240  -18.518  28.193 0.0000000000
79016  -33.432  -17.758  23.305 0.0000000000
80114  -34.005  -17.089  23.616 0.0000000000
80021  -40.352  -15.453  29.873 0.0000000000
78893  -40.100  -15.329  29.120 0.0000000000
77803  -41.480  -16.899  27.613 0.0000000000
58080  -16.711  -33.914  42.940 0.0000000000
58090  -15.880  -34.435  42.010 0.0000000000
58078  -15.164  -34.802  43.475 0.0000000000
58066  -16.097  -34.297  43.954 0.0000000000
58037  -15.072  -34.944  45.738 0.0000000000
55841  -13.420  -37.100  42.660 0.0000000000
55817  -13.928  -36.778  43.940 0.0000000000
54691  -13.249  -37.552  43.729 0.0000000000
54674  -13.089  -36.930  44.696 0.0000000000
54690  -12.551  -38.284  43.445 0.0000000000
65733  -36.799  -29.060  37.214 0.0000000000
65734  -36.790  -28.325  36.910 0.0000000000
66979  -36.828  -27.550  37.701 0.0000000000
70293  -37.743  -25.588  39.833 0.0000000000
70308  -37.822  -26.080  39.135 0.0000000000
71493  -37.640  -25.135  40.067 0.0000000000
66920  -30.707  -26.854  41.657 0.0000000000
66936  -30.362  -27.272  41.035 0.0000000000
65643  -30.961  -27.459  40.994 0.0000000000
64252  -32.596  -28.024  41.240 0.0000000000
64269  -32.030  -27.761  40.574 0.0000000000
64223  -35.126  -27.680  42.357 0.0000000000
64237  -34.718  -27.750  41.899 0.0000000000
64273  -35.359  -29.186  40.462 0.0000000000
62984  -35.076  -28.706  39.863 0.0000000000
63000  -34.364  -28.606  39.356 0.0000000000
63001  -35.130  -28.782  38.933 0.0000000000
63033  -34.498  -29.354  37.667 0.0000000000
63016  -35.029  -29.423  38.267 0.0000000000
64329  -37.171  -30.109  38.439 0.0000000000
64328  -36.435  -30.568  37.984 0.0000000000
64346  -37.101  -29.979  37.571 0.0000000000
64359  -36.300  -30.145  36.333 0.0000000000
65606  -32.241  -26.903  42.760 0.0000000000
66908  -31.533  -26.630  42.847 0.0000000000
83515  -38.331  -14.855  22.997 0.0000000000
82421  -37.386  -14.987  22.291 0.0000000000
83529  -37.990  -14.597  22.433 0.0000000000
84634  -40.294  -13.308  22.595 0.0000000000
84633  -39.142  -13.666  22.365 0.0000000000
85693  -39.232  -12.859  21.841 0.0000000000
85707  -38.139  -12.467  20.971 0.0000000000
85708  -39.340  -12.013  21.250 0.0000000000
83552  -43.422  -13.224  21.794 0.0000000000
83551  -42.734  -13.326  22.134 0.0000000000
84649  -42.652  -12.737  21.553 0.0000000000
85710  -41.764  -12.015  21.133 0.0000000000
86817  -40.923  -10.961  20.495 0.0000000000
86816  -39.506  -11.076  20.608 0.0000000000
87946  -40.101  -10.329  20.251 0.0000000000
87957  -40.868  -9.932  19.960 0.0000000000
90174  -42.218  -8.849  19.479 0.0000000000
89080  -40.808  -8.913  19.370 0.0000000000
90173  -41.655  -8.558  19.272 0.0000000000
90186  -41.662  -7.910  18.721 0.0000000000
91307  -42.407  -7.539  18.583 0.0000000000
90190  -44.817  -8.357  19.421 0.0000000000
91297  -45.782  -6.990  19.485 0.0000000000
91300  -47.862  -7.495  20.140 0.0000000000
75269  -30.394  -21.450  35.666 0.0000000000
75284  -30.140  -21.498  34.657 0.0000000000
76454  -30.299  -20.364  35.493 0.0000000000
77670  -31.130  -18.812  34.869 0.0000000000
77717  -31.017  -18.595  32.666 0.0000000000
77651  -33.449  -17.547  35.466 0.0000000000
77672  -32.949  -17.759  34.960 0.0000000000
78875  -32.237  -17.365  32.684 0.0000000000
77737  -31.530  -18.235  31.855 0.0000000000
78891  -31.526  -17.430  31.112 0.0000000000
80029  -32.821  -15.986  30.199 0.0000000000
80028  -31.963  -16.539  30.331 0.0000000000
81195  -32.570  -15.914  29.381 0.0000000000
81207  -33.289  -15.485  28.617 0.0000000000
81197  -34.184  -15.226  29.578 0.0000000000
81169  -35.314  -14.586  31.473 0.0000000000
81200  -37.016  -14.689  29.243 0.0000000000
81171  -37.462  -14.330  30.668 0.0000000000
83442  -39.051  -13.534  32.437 0.0000000000
82311  -39.855  -14.005  31.944 0.0000000000
82322  -39.042  -14.452  30.921 0.0000000000
81174  -40.490  -14.750  30.905 0.0000000000
57039  -20.488  -34.316  41.117 0.0000000000
57025  -20.438  -34.356  41.918 0.0000000000
57038  -19.544  -33.645  40.387 0.0000000000
58150  -19.581  -34.573  37.088 0.0000000000
58131  -19.928  -33.960  37.832 0.0000000000
58128  -17.974  -34.224  38.089 0.0000000000
58116  -18.492  -33.990  38.696 0.0000000000
58115  -18.054  -33.900  39.026 0.0000000000
57037  -18.730  -33.418  39.739 0.0000000000
58114  -17.108  -34.145  39.224 0.0000000000
53504  -5.750  -39.194  53.784 0.0000000000
69232  -36.061  -26.219  31.397 0.0000000000
70368  -34.552  -25.156  32.184 0.0000000000
71594  -33.763  -24.558  33.191 0.0000000000
72818  -33.015  -24.178  34.326 0.0000000000
74087  -32.602  -24.027  34.523 0.0000000000
69197  -37.127  -26.642  37.067 0.0000000000
68109  -36.922  -27.360  36.539 0.0000000000
72764  -37.001  -23.740  37.197 0.0000000000
71538  -37.184  -24.291  36.869 0.0000000000
71537  -36.852  -23.948  36.498 0.0000000000
72763  -36.404  -23.924  36.828 0.0000000000
73979  -33.432  -23.685  38.696 0.0000000000
73980  -34.420  -24.181  38.800 0.0000000000
74025  -34.713  -24.329  36.902 0.0000000000
74024  -33.809  -24.040  36.778 0.0000000000
74053  -34.182  -24.354  36.023 0.0000000000
74022  -32.376  -22.891  36.412 0.0000000000
74021  -31.525  -22.635  36.171 0.0000000000
74020  -30.820  -22.208  35.923 0.0000000000
73996  -30.855  -22.329  36.835 0.0000000000
76428  -31.187  -20.237  38.555 0.0000000000
76427  -30.636  -20.880  37.976 0.0000000000
77613  -31.372  -19.695  38.220 0.0000000000
77597  -31.674  -19.494  38.646 0.0000000000
78744  -32.125  -18.448  41.770 0.0000000000
78758  -32.268  -17.870  40.669 0.0000000000
77583  -32.856  -17.814  38.241 0.0000000000
65765  -24.092  -28.506  34.495 0.0000000000
65781  -23.973  -28.475  33.794 0.0000000000
65677  -29.651  -27.386  38.809 0.0000000000
65676  -28.889  -27.038  38.476 0.0000000000
65749  -28.459  -27.123  35.646 0.0000000000
65750  -29.233  -27.718  35.252 0.0000000000
64356  -31.629  -28.681  35.509 0.0000000000
60520  -22.434  -32.335  41.221 0.0000000000
58118  -22.577  -33.496  40.167 0.0000000000
60536  -22.234  -32.118  40.511 0.0000000000
64267  -23.183  -29.945  41.559 0.0000000000
64286  -23.177  -29.954  40.799 0.0000000000
63047  -22.636  -31.496  37.680 0.0000000000
61836  -22.579  -31.891  38.463 0.0000000000
61850  -22.768  -32.213  37.682 0.0000000000
60572  -22.628  -32.631  38.168 0.0000000000
59320  -22.248  -33.590  36.558 0.0000000000
91314  -42.383  -6.697  18.040 0.0000000000
92404  -42.394  -6.234  17.212 0.0000000000
92405  -43.290  -6.092  17.574 0.0000000000
93492  -43.314  -5.455  16.562 0.0000000000
93497  -43.339  -5.102  15.529 0.0000000000
93498  -43.948  -4.905  16.030 0.0000000000
95570  -48.062  -4.497  18.783 0.0000000000
94532  -47.308  -4.902  18.345 0.0000000000
94538  -47.636  -4.505  18.192 0.0000000000
95586  -46.556  -3.970  16.281 0.0000000000
94550  -46.045  -4.140  16.120 0.0000000000
94560  -45.036  -4.039  14.574 0.0000000000
95614  -46.633  -3.514  13.341 0.0000000000
95613  -45.705  -3.759  12.963 0.0000000000
95624  -46.491  -3.601  12.325 0.0000000000
95625  -47.456  -3.391  12.707 0.0000000000
94562  -49.594  -2.579  15.080 0.0000000000
94568  -49.261  -2.904  14.357 0.0000000000
94570  -49.926  -2.625  14.829 0.0000000000
95618  -50.171  -2.690  14.223 0.0000000000
95609  -50.624  -2.246  15.298 0.0000000000
75321  -29.543  -22.244  32.933 0.0000000000
74096  -30.444  -22.959  32.617 0.0000000000
75337  -29.356  -22.445  32.097 0.0000000000
79043  -35.380  -17.812  21.296 0.0000000000
79055  -35.814  -17.208  20.653 0.0000000000
81208  -34.952  -15.007  27.692 0.0000000000
81237  -34.069  -15.542  26.878 0.0000000000
80060  -35.076  -15.582  26.773 0.0000000000
78944  -36.809  -16.521  27.240 0.0000000000
78963  -35.814  -16.217  26.151 0.0000000000
77818  -36.345  -16.956  25.795 0.0000000000
78928  -39.190  -16.735  28.082 0.0000000000
78927  -38.561  -16.510  28.020 0.0000000000
77781  -38.772  -17.058  27.552 0.0000000000
76623  -38.111  -17.714  25.766 0.0000000000
76604  -37.916  -17.727  26.248 0.0000000000
76644  -37.460  -17.439  25.115 0.0000000000
76643  -36.772  -17.373  25.048 0.0000000000
76661  -37.400  -17.493  24.403 0.0000000000
77880  -36.433  -17.571  23.556 0.0000000000
77903  -38.979  -17.066  23.807 0.0000000000
77902  -38.030  -17.176  23.426 0.0000000000
77917  -37.669  -17.022  22.838 0.0000000000
79045  -36.975  -16.845  22.307 0.0000000000
79046  -37.753  -16.668  22.826 0.0000000000
80148  -37.825  -16.167  22.815 0.0000000000
80149  -38.444  -16.334  23.239 0.0000000000
80135  -40.940  -15.381  24.516 0.0000000000
81282  -40.544  -15.260  24.226 0.0000000000
81299  -41.128  -14.636  23.920 0.0000000000
80153  -41.913  -14.723  24.306 0.0000000000
52436  -12.295  -38.761  47.996 0.0000000000
52424  -12.438  -38.411  48.846 0.0000000000
52423  -11.730  -38.875  48.564 0.0000000000
51072  -11.568  -38.830  49.025 0.0000000000
52422  -11.172  -39.149  48.224 0.0000000000
52434  -10.665  -39.480  47.648 0.0000000000
52450  -10.648  -39.613  45.208 0.0000000000
51044  -8.638  -40.523  49.244 0.0000000000
51021  -8.005  -40.170  50.147 0.0000000000
51003  -6.773  -40.870  51.355 0.0000000000
49734  -5.966  -42.667  49.116 0.0000000000
49733  -5.459  -42.318  49.754 0.0000000000
49719  -4.728  -41.797  51.436 0.0000000000
50989  -6.609  -40.912  52.295 0.0000000000
50973  -4.617  -40.422  53.168 0.0000000000
50972  -4.303  -40.477  53.070 0.0000000000
53509  -4.707  -39.671  53.473 0.0000000000
47088  -3.832  -43.586  51.356 0.0000000000
48445  -3.674  -43.004  52.139 0.0000000000
51006  -9.381  -39.504  51.026 0.0000000000
65805  -37.026  -29.077  32.525 0.0000000000
65786  -37.189  -29.180  33.286 0.0000000000
66962  -25.156  -27.099  38.388 0.0000000000
65691  -27.956  -26.675  37.849 0.0000000000
64357  -34.622  -29.551  35.749 0.0000000000
63087  -34.121  -29.284  35.792 0.0000000000
64413  -35.118  -29.908  32.925 0.0000000000
68065  -28.861  -26.255  43.159 0.0000000000
68064  -28.197  -26.661  43.136 0.0000000000
68071  -27.275  -26.916  42.843 0.0000000000
66916  -25.585  -27.229  42.008 0.0000000000
66932  -25.732  -27.119  40.645 0.0000000000
89097  -39.227  -9.028  17.654 0.0000000000
71593  -32.287  -24.636  32.918 0.0000000000
80041  -31.067  -16.932  28.516 0.0000000000
78941  -30.295  -18.563  27.771 0.0000000000
78942  -30.563  -17.833  27.313 0.0000000000
78959  -30.253  -18.534  26.906 0.0000000000
79000  -32.278  -17.539  24.352 0.0000000000
78980  -32.929  -16.482  24.724 0.0000000000
58101  -14.692  -35.105  41.200 0.0000000000
57009  -14.617  -35.386  43.048 0.0000000000
56993  -14.447  -35.634  43.918 0.0000000000
57008  -14.214  -36.211  43.080 0.0000000000
54708  -12.588  -37.915  42.147 0.0000000000
66965  -36.858  -27.939  38.604 0.0000000000
66966  -37.584  -27.602  38.471 0.0000000000
70279  -37.818  -25.719  40.920 0.0000000000
65626  -32.106  -27.070  42.062 0.0000000000
65644  -31.643  -27.436  41.361 0.0000000000
65645  -32.381  -27.616  41.661 0.0000000000
65646  -32.853  -27.848  41.811 0.0000000000
64253  -33.427  -28.141  41.432 0.0000000000
64239  -35.341  -28.214  41.003 0.0000000000
65647  -35.876  -28.273  40.880 0.0000000000
64257  -35.530  -28.907  40.550 0.0000000000
62986  -35.676  -29.899  39.584 0.0000000000
63003  -35.728  -30.410  39.147 0.0000000000
64292  -36.097  -29.309  39.680 0.0000000000
65696  -36.703  -28.737  38.768 0.0000000000
65607  -32.584  -27.151  43.204 0.0000000000
82422  -40.495  -14.316  23.398 0.0000000000
84621  -39.336  -14.094  22.857 0.0000000000
83531  -40.562  -13.901  23.126 0.0000000000
84635  -41.428  -12.954  22.400 0.0000000000
85712  -43.625  -12.170  20.593 0.0000000000
85711  -42.848  -12.081  20.707 0.0000000000
85723  -43.408  -11.795  20.358 0.0000000000
86819  -42.906  -11.455  20.331 0.0000000000
87958  -42.182  -10.015  19.988 0.0000000000
89082  -42.789  -9.289  19.611 0.0000000000
89099  -43.129  -8.734  19.365 0.0000000000
89100  -43.670  -9.131  19.428 0.0000000000
89101  -44.396  -9.062  19.411 0.0000000000
89102  -45.028  -8.873  19.488 0.0000000000
76447  -31.128  -20.056  36.585 0.0000000000
77647  -30.509  -19.810  35.481 0.0000000000
77648  -30.992  -19.564  35.851 0.0000000000
78869  -34.067  -16.873  34.660 0.0000000000
77699  -33.534  -17.280  34.685 0.0000000000
78868  -33.615  -16.866  34.268 0.0000000000
78877  -33.161  -16.639  33.430 0.0000000000
78882  -32.477  -16.776  32.379 0.0000000000
78892  -32.016  -16.994  31.809 0.0000000000
80001  -32.816  -16.421  32.090 0.0000000000
80017  -33.465  -15.529  31.235 0.0000000000
81184  -34.177  -15.022  30.319 0.0000000000
57042  -22.506  -34.286  41.765 0.0000000000
57057  -22.049  -34.322  40.621 0.0000000000
57056  -21.517  -34.522  40.410 0.0000000000
57055  -20.818  -34.449  40.012 0.0000000000
58149  -18.826  -34.645  37.166 0.0000000000
58126  -16.491  -34.809  38.486 0.0000000000
94583  -48.887  -3.438  11.818 0.0000000000
95638  -49.483  -2.863  12.383 0.0000000000
96666  -49.694  -2.359  11.909 0.0000000000
69223  -36.640  -26.479  32.608 0.0000000000
69233  -36.826  -26.880  31.694 0.0000000000
70371  -36.173  -26.189  33.025 0.0000000000
70370  -36.010  -25.848  32.452 0.0000000000
71595  -34.803  -24.916  32.943 0.0000000000
72804  -33.909  -24.266  34.793 0.0000000000
71525  -36.904  -25.070  37.969 0.0000000000
74003  -36.730  -23.909  38.326 0.0000000000
73999  -33.251  -23.590  37.610 0.0000000000
73978  -32.398  -23.257  38.477 0.0000000000
73977  -31.422  -22.906  38.129 0.0000000000
75258  -30.881  -22.414  37.679 0.0000000000
75245  -30.830  -21.650  38.631 0.0000000000
79924  -32.518  -16.975  40.891 0.0000000000
67011  -25.343  -27.224  34.374 0.0000000000
65694  -30.308  -28.124  38.065 0.0000000000
65713  -30.464  -28.474  37.508 0.0000000000
64323  -30.420  -28.339  36.291 0.0000000000
61802  -23.206  -31.499  41.510 0.0000000000
65690  -22.793  -29.116  39.204 0.0000000000
64304  -23.200  -30.130  39.874 0.0000000000
64321  -22.441  -30.206  37.902 0.0000000000
63027  -22.510  -30.833  37.634 0.0000000000
61849  -23.021  -31.897  36.917 0.0000000000
60603  -22.787  -33.154  35.810 0.0000000000
61862  -23.058  -32.344  35.911 0.0000000000
60640  -22.861  -33.314  34.173 0.0000000000
92407  -45.037  -6.076  18.442 0.0000000000
93487  -45.280  -5.498  17.778 0.0000000000
93494  -44.972  -5.166  17.081 0.0000000000
95582  -47.928  -3.846  17.707 0.0000000000
95594  -46.678  -3.654  15.561 0.0000000000
95607  -48.668  -3.003  15.121 0.0000000000
94551  -49.223  -2.675  15.317 0.0000000000
94553  -50.318  -2.351  16.133 0.0000000000
52440  -9.228  -40.465  45.501 0.0000000000
51114  -8.677  -40.903  46.001 0.0000000000
76497  -28.897  -21.085  32.315 0.0000000000
76515  -28.834  -20.989  31.883 0.0000000000
75350  -28.844  -21.928  30.438 0.0000000000
77923  -34.512  -19.114  21.041 0.0000000000
81210  -36.012  -15.059  28.496 0.0000000000
80043  -36.082  -15.410  27.681 0.0000000000
80044  -36.604  -15.637  27.958 0.0000000000
78925  -37.074  -16.183  27.780 0.0000000000
77783  -40.294  -17.252  27.912 0.0000000000
77800  -38.976  -17.443  26.962 0.0000000000
76589  -39.190  -17.568  26.626 0.0000000000
76624  -38.873  -17.733  25.746 0.0000000000
76646  -38.949  -17.460  25.158 0.0000000000
76662  -38.150  -17.472  24.491 0.0000000000
77864  -39.238  -17.341  24.900 0.0000000000
77883  -39.000  -17.291  24.274 0.0000000000
77904  -39.452  -17.007  23.951 0.0000000000
80150  -39.319  -16.351  23.614 0.0000000000
79034  -39.751  -16.603  23.931 0.0000000000
79020  -40.509  -16.015  24.858 0.0000000000
79021  -41.240  -15.954  25.121 0.0000000000
55771  -13.725  -36.711  46.356 0.0000000000
54649  -13.570  -37.258  47.261 0.0000000000
52444  -11.831  -38.560  47.234 0.0000000000
52443  -11.065  -38.913  47.101 0.0000000000
53577  -11.132  -39.244  44.564 0.0000000000
48455  -5.262  -43.083  50.417 0.0000000000
49712  -4.310  -41.623  51.931 0.0000000000
49711  -3.992  -41.690  52.268 0.0000000000
49710  -3.778  -41.957  52.228 0.0000000000
65610  -34.751  -27.662  43.172 0.0000000000
66909  -36.665  -27.464  42.036 0.0000000000
82441  -43.378  -13.607  22.542 0.0000000000
82442  -43.926  -13.443  22.139 0.0000000000
83569  -43.994  -12.657  21.246 0.0000000000
85725  -44.968  -12.205  20.115 0.0000000000
86833  -45.080  -11.216  20.424 0.0000000000
87962  -45.522  -10.173  20.511 0.0000000000
77616  -33.321  -18.044  36.796 0.0000000000
77633  -33.771  -17.328  35.900 0.0000000000
77652  -33.985  -17.218  35.450 0.0000000000
78852  -34.376  -16.888  35.328 0.0000000000
79976  -34.636  -16.598  34.884 0.0000000000
81142  -35.722  -14.963  33.865 0.0000000000
58153  -21.851  -33.835  37.433 0.0000000000
58170  -19.910  -35.123  36.115 0.0000000000
50965  -8.987  -39.009  53.318 0.0000000000
67060  -36.877  -27.771  31.782 0.0000000000
67048  -37.130  -28.375  32.545 0.0000000000
76402  -31.703  -20.730  41.251 0.0000000000
65747  -23.199  -29.640  35.840 0.0000000000
65748  -23.785  -28.749  35.646 0.0000000000
66997  -24.428  -27.774  35.543 0.0000000000
66988  -24.851  -26.895  36.371 0.0000000000
66998  -25.218  -27.005  35.389 0.0000000000
63031  -32.412  -28.731  37.016 0.0000000000
63066  -32.336  -28.778  35.282 0.0000000000
63086  -33.612  -29.038  35.409 0.0000000000
63085  -32.921  -28.918  35.037 0.0000000000
63084  -32.396  -28.952  34.770 0.0000000000
62971  -24.518  -29.945  43.238 0.0000000000
64250  -24.899  -29.333  43.311 0.0000000000
65658  -23.222  -28.898  41.375 0.0000000000
66915  -24.950  -27.816  41.564 0.0000000000
66930  -23.469  -28.263  40.341 0.0000000000
65709  -22.700  -29.204  37.886 0.0000000000
65728  -22.914  -29.737  36.919 0.0000000000
86827  -38.340  -11.167  19.534 0.0000000000
93506  -43.190  -5.785  13.487 0.0000000000
93464  -48.448  -5.760  20.277 0.0000000000
93483  -47.611  -5.191  19.146 0.0000000000
93478  -48.724  -5.184  20.035 0.0000000000
94528  -48.745  -4.545  19.563 0.0000000000
153054  -50.760  -2.573  17.611 0.0000000000
77751  -29.731  -18.997  30.050 0.0000000000
76554  -29.113  -19.815  29.493 0.0000000000
80020  -39.502  -15.219  29.639 0.0000000000
80032  -38.465  -15.438  28.745 0.0000000000
78909  -39.368  -15.894  28.553 0.0000000000
77766  -39.878  -16.701  28.317 0.0000000000
77802  -40.780  -17.206  27.288 0.0000000000
77825  -41.492  -16.929  26.804 0.0000000000
78983  -41.879  -16.728  26.387 0.0000000000
58079  -15.969  -34.343  43.067 0.0000000000
59205  -16.503  -34.240  43.380 0.0000000000
55772  -14.227  -36.218  45.729 0.0000000000
55818  -14.103  -36.247  44.000 0.0000000000
55793  -14.090  -36.118  44.644 0.0000000000
53589  -12.157  -38.525  44.548 0.0000000000
53600  -11.629  -38.926  42.984 0.0000000000
47072  -5.289  -44.520  51.332 0.0000000000
64377  -36.797  -29.597  35.905 0.0000000000
65753  -36.905  -28.438  36.011 0.0000000000
66991  -36.829  -27.785  36.752 0.0000000000
69191  -37.480  -26.589  37.816 0.0000000000
68096  -38.090  -27.255  38.178 0.0000000000
69183  -38.005  -26.547  38.503 0.0000000000
70307  -37.419  -25.697  38.734 0.0000000000
71508  -37.193  -24.736  38.941 0.0000000000
71471  -37.533  -25.266  41.528 0.0000000000
66935  -29.751  -26.856  40.572 0.0000000000
65660  -30.192  -27.123  39.561 0.0000000000
65662  -31.370  -27.557  40.609 0.0000000000
65679  -31.439  -27.552  39.900 0.0000000000
64307  -32.755  -28.454  38.473 0.0000000000
65630  -34.274  -27.639  42.516 0.0000000000
64236  -34.023  -27.800  41.876 0.0000000000
64255  -35.016  -28.854  41.033 0.0000000000
64272  -34.907  -28.733  40.574 0.0000000000
64271  -33.984  -28.531  40.266 0.0000000000
64290  -33.895  -28.545  39.573 0.0000000000
63014  -33.707  -28.597  38.718 0.0000000000
63032  -33.412  -28.907  37.695 0.0000000000
63054  -34.599  -29.737  37.228 0.0000000000
63017  -35.234  -30.320  38.508 0.0000000000
63055  -35.010  -30.306  37.215 0.0000000000
63070  -34.713  -29.957  36.835 0.0000000000
64358  -35.212  -30.014  36.247 0.0000000000
66893  -30.569  -26.549  43.953 0.0000000000
66906  -29.739  -26.338  42.522 0.0000000000
81313  -36.857  -16.021  21.911 0.0000000000
82439  -36.530  -15.736  21.114 0.0000000000
82420  -36.889  -15.429  21.806 0.0000000000
83550  -36.785  -14.740  21.179 0.0000000000
83530  -38.746  -14.187  22.558 0.0000000000
85691  -37.562  -13.702  21.505 0.0000000000
85706  -37.426  -13.264  20.870 0.0000000000
85695  -41.217  -12.401  21.714 0.0000000000
87976  -40.007  -9.366  19.170 0.0000000000
89098  -39.987  -8.658  18.347 0.0000000000
91312  -40.773  -7.222  17.254 0.0000000000
91305  -41.158  -7.104  17.783 0.0000000000
91315  -43.227  -7.184  18.614 0.0000000000
90188  -43.360  -8.123  19.125 0.0000000000
91316  -43.846  -7.339  18.990 0.0000000000
91309  -44.487  -6.978  19.065 0.0000000000
92394  -45.893  -6.387  19.386 0.0000000000
92396  -47.204  -6.447  19.816 0.0000000000
89086  -46.302  -9.244  20.536 0.0000000000
90162  -46.942  -8.569  20.409 0.0000000000
91299  -47.279  -7.400  19.924 0.0000000000
92397  -47.965  -6.586  20.167 0.0000000000
92384  -48.665  -6.273  20.520 0.0000000000
74071  -31.124  -22.691  34.426 0.0000000000
75285  -30.538  -22.160  34.269 0.0000000000
76481  -29.826  -21.421  34.048 0.0000000000
76482  -29.463  -21.090  33.843 0.0000000000
76464  -29.929  -20.496  34.539 0.0000000000
76498  -29.156  -20.606  32.692 0.0000000000
77650  -32.739  -17.915  35.656 0.0000000000
77671  -32.037  -17.970  34.945 0.0000000000
77719  -32.488  -17.379  33.789 0.0000000000
77736  -30.841  -18.592  31.558 0.0000000000
77752  -30.679  -18.330  30.590 0.0000000000
78905  -30.692  -17.950  29.781 0.0000000000
78906  -31.184  -17.342  29.786 0.0000000000
80015  -31.954  -16.749  31.004 0.0000000000
78924  -31.034  -17.142  29.055 0.0000000000
81205  -31.609  -16.418  28.054 0.0000000000
81220  -32.280  -16.044  27.207 0.0000000000
81235  -32.663  -16.016  26.475 0.0000000000
82342  -33.888  -15.166  28.137 0.0000000000
82344  -34.885  -15.137  28.765 0.0000000000
81198  -35.145  -15.059  29.174 0.0000000000
81199  -36.355  -15.008  28.979 0.0000000000
82297  -36.762  -14.018  32.829 0.0000000000
83439  -37.074  -13.846  32.130 0.0000000000
83434  -38.839  -13.528  33.078 0.0000000000
83441  -38.338  -13.552  32.067 0.0000000000
82310  -37.599  -14.113  31.372 0.0000000000
82321  -37.961  -14.366  30.880 0.0000000000
82331  -38.723  -14.607  30.461 0.0000000000
81188  -38.801  -14.807  29.977 0.0000000000
80005  -40.559  -15.060  30.640 0.0000000000
57092  -20.827  -34.264  38.098 0.0000000000
57073  -20.504  -34.166  38.641 0.0000000000
58129  -18.717  -34.131  38.067 0.0000000000
57053  -19.085  -33.909  39.094 0.0000000000
57023  -18.871  -33.180  40.953 0.0000000000
58092  -17.819  -33.222  41.348 0.0000000000
58113  -16.004  -34.656  39.336 0.0000000000
97640  -50.402  -1.047  12.913 0.0000000000
71609  -33.853  -25.023  31.971 0.0000000000
71608  -32.950  -24.974  32.095 0.0000000000
74086  -31.720  -23.526  34.255 0.0000000000
65771  -37.011  -28.383  35.460 0.0000000000
68117  -36.814  -27.570  35.802 0.0000000000
69209  -36.839  -27.290  35.396 0.0000000000
71539  -37.077  -25.348  37.145 0.0000000000
70334  -37.026  -26.012  36.173 0.0000000000
70333  -37.199  -25.853  35.399 0.0000000000
71549  -37.051  -24.758  35.592 0.0000000000
71563  -36.796  -25.238  34.758 0.0000000000
73981  -35.390  -24.252  38.800 0.0000000000
74026  -35.650  -24.219  37.177 0.0000000000
72762  -35.453  -24.361  36.629 0.0000000000
72788  -35.588  -24.527  35.871 0.0000000000
72806  -35.349  -24.596  35.249 0.0000000000
72805  -34.585  -24.430  35.040 0.0000000000
74075  -33.874  -24.291  35.489 0.0000000000
74074  -33.492  -24.138  35.116 0.0000000000
74023  -33.230  -23.248  36.636 0.0000000000
74051  -33.133  -23.179  35.681 0.0000000000
74073  -32.777  -23.653  35.054 0.0000000000
74072  -32.021  -23.243  34.797 0.0000000000
74048  -30.704  -22.151  35.066 0.0000000000
75257  -30.605  -21.596  37.575 0.0000000000
76439  -30.656  -20.777  37.107 0.0000000000
76448  -31.460  -19.800  36.968 0.0000000000
76441  -31.548  -19.622  37.175 0.0000000000
77615  -32.472  -18.552  37.097 0.0000000000
77565  -31.456  -20.118  40.672 0.0000000000
77580  -31.336  -20.030  40.331 0.0000000000
77581  -31.655  -19.468  39.659 0.0000000000
77598  -32.254  -18.478  37.967 0.0000000000
77599  -32.983  -17.851  37.408 0.0000000000
65710  -28.122  -26.720  37.458 0.0000000000
65711  -28.991  -27.396  37.272 0.0000000000
65730  -28.345  -26.938  36.635 0.0000000000
64343  -31.593  -28.579  36.511 0.0000000000
64342  -30.938  -28.460  35.924 0.0000000000
64341  -30.350  -28.552  35.363 0.0000000000
64354  -30.365  -28.685  34.360 0.0000000000
65751  -29.687  -28.453  34.834 0.0000000000
65767  -28.979  -27.825  34.051 0.0000000000
58106  -22.917  -33.937  41.713 0.0000000000
59290  -22.249  -33.436  38.884 0.0000000000
62982  -23.455  -30.717  41.644 0.0000000000
62998  -23.066  -31.246  40.982 0.0000000000
63013  -22.832  -30.872  39.706 0.0000000000
61814  -22.569  -31.411  40.474 0.0000000000
60555  -22.479  -32.365  39.265 0.0000000000
59304  -22.551  -33.058  38.267 0.0000000000
58173  -21.866  -33.858  36.637 0.0000000000
59337  -22.499  -33.780  35.403 0.0000000000
92409  -41.592  -6.371  16.417 0.0000000000
92410  -42.293  -5.783  16.423 0.0000000000
93496  -42.547  -5.568  15.480 0.0000000000
93501  -43.054  -5.420  14.474 0.0000000000
93502  -43.635  -5.051  14.192 0.0000000000
93482  -47.084  -5.240  18.848 0.0000000000
94535  -45.575  -4.825  17.154 0.0000000000
94543  -46.789  -4.299  17.249 0.0000000000
94542  -46.242  -4.330  16.785 0.0000000000
94541  -45.309  -4.606  16.485 0.0000000000
94548  -44.250  -4.499  15.260 0.0000000000
94566  -44.326  -4.735  13.150 0.0000000000
94573  -44.956  -4.229  12.583 0.0000000000
95604  -45.819  -3.747  13.947 0.0000000000
94579  -45.114  -4.654  11.669 0.0000000000
95635  -47.365  -3.605  11.665 0.0000000000
95636  -48.259  -3.471  12.182 0.0000000000
95616  -48.711  -3.109  14.130 0.0000000000
95627  -49.141  -2.974  13.223 0.0000000000
96649  -51.370  -1.477  14.673 0.0000000000
51070  -9.966  -39.921  48.539 0.0000000000
51069  -9.187  -40.388  48.360 0.0000000000
51092  -7.593  -41.109  46.964 0.0000000000
76553  -28.757  -20.828  29.936 0.0000000000
80165  -36.389  -16.540  21.389 0.0000000000
80078  -33.119  -15.990  25.989 0.0000000000
80095  -33.635  -16.132  25.461 0.0000000000
80096  -34.222  -16.117  25.604 0.0000000000
80080  -35.471  -15.822  26.416 0.0000000000
78962  -34.994  -16.097  25.807 0.0000000000
78981  -34.386  -16.420  25.260 0.0000000000
79002  -34.498  -16.898  24.357 0.0000000000
79003  -35.266  -17.245  24.283 0.0000000000
77879  -35.597  -17.472  23.607 0.0000000000
78908  -38.462  -16.006  28.456 0.0000000000
78945  -37.428  -16.973  27.340 0.0000000000
77797  -37.097  -17.289  26.902 0.0000000000
77799  -38.362  -17.377  27.093 0.0000000000
77820  -37.501  -17.547  26.437 0.0000000000
77819  -36.922  -17.302  26.281 0.0000000000
77863  -36.437  -17.335  25.128 0.0000000000
76659  -36.348  -17.489  24.480 0.0000000000
77900  -36.225  -17.521  22.763 0.0000000000
77882  -38.112  -17.450  23.897 0.0000000000
77901  -37.169  -17.471  23.047 0.0000000000
81295  -37.405  -15.804  22.478 0.0000000000
81296  -38.228  -15.776  23.067 0.0000000000
82405  -38.848  -15.226  23.314 0.0000000000
80133  -39.663  -15.900  23.696 0.0000000000
82393  -39.459  -15.253  23.563 0.0000000000
82406  -39.875  -14.744  23.560 0.0000000000
82407  -40.684  -14.531  23.636 0.0000000000
81314  -41.627  -14.236  23.519 0.0000000000
81316  -42.440  -14.264  23.573 0.0000000000
79006  -41.761  -16.417  25.745 0.0000000000
51047  -11.119  -39.097  49.378 0.0000000000
51048  -11.982  -38.602  49.549 0.0000000000
51095  -10.252  -39.701  48.096 0.0000000000
52441  -9.766  -40.084  46.207 0.0000000000
53588  -11.542  -38.948  44.120 0.0000000000
51005  -8.519  -39.749  51.104 0.0000000000
50991  -8.516  -40.189  52.015 0.0000000000
50976  -7.300  -40.011  52.789 0.0000000000
51019  -5.981  -41.194  50.455 0.0000000000
50962  -6.364  -39.808  53.622 0.0000000000
52379  -5.613  -39.984  53.596 0.0000000000
52368  -5.502  -39.402  53.674 0.0000000000
53503  -5.275  -39.251  53.650 0.0000000000
47071  -4.552  -43.884  51.103 0.0000000000
48436  -3.863  -42.350  52.255 0.0000000000
50957  -7.599  -39.179  54.220 0.0000000000
50961  -6.062  -39.949  53.567 0.0000000000
52371  -7.265  -39.219  54.175 0.0000000000
52378  -5.138  -39.828  53.593 0.0000000000
53587  -10.770  -39.502  43.800 0.0000000000
57071  -19.196  -34.039  38.407 0.0000000000
57093  -20.993  -34.270  38.461 0.0000000000
58111  -14.367  -35.520  40.378 0.0000000000
58130  -19.328  -34.146  37.856 0.0000000000
58134  -22.317  -33.475  39.306 0.0000000000
58192  -21.783  -34.435  35.224 0.0000000000
59221  -16.468  -34.202  43.095 0.0000000000
59222  -16.694  -34.108  43.078 0.0000000000
59255  -22.935  -32.407  41.583 0.0000000000
59291  -22.518  -33.109  39.002 0.0000000000
59319  -21.934  -33.927  36.307 0.0000000000
59356  -22.216  -34.266  34.795 0.0000000000
59357  -22.607  -33.885  34.437 0.0000000000
60537  -22.338  -31.685  40.861 0.0000000000
60571  -22.603  -32.997  37.903 0.0000000000
60589  -22.710  -32.550  37.663 0.0000000000
61815  -22.649  -31.520  41.036 0.0000000000
61873  -22.979  -32.260  34.293 0.0000000000
61874  -22.965  -32.717  34.836 0.0000000000
62981  -23.242  -30.353  41.202 0.0000000000
62996  -23.134  -30.704  40.360 0.0000000000
62999  -33.844  -28.523  39.251 0.0000000000
63002  -35.522  -29.440  38.894 0.0000000000
63012  -23.030  -30.753  40.152 0.0000000000
63018  -35.874  -30.754  38.473 0.0000000000
63035  -35.553  -30.697  37.822 0.0000000000
63036  -35.971  -30.832  38.039 0.0000000000
63046  -22.839  -31.069  36.956 0.0000000000
63098  -22.827  -32.103  34.029 0.0000000000
64234  -26.131  -29.095  44.134 0.0000000000
64268  -23.694  -29.715  42.098 0.0000000000
64274  -35.664  -29.395  40.083 0.0000000000
64275  -35.626  -28.831  40.092 0.0000000000
64276  -35.995  -28.517  40.253 0.0000000000
64285  -23.205  -30.425  40.366 0.0000000000
64291  -36.173  -30.047  39.535 0.0000000000
64303  -23.142  -30.495  40.126 0.0000000000
64309  -36.875  -29.754  39.239 0.0000000000
64310  -36.406  -28.901  39.374 0.0000000000
64322  -22.725  -30.092  38.833 0.0000000000
64327  -36.098  -30.633  37.484 0.0000000000
64345  -36.519  -30.329  37.177 0.0000000000
64360  -37.017  -29.844  36.704 0.0000000000
65611  -35.278  -27.755  43.364 0.0000000000
65663  -35.848  -28.574  40.492 0.0000000000
65681  -37.191  -28.193  40.191 0.0000000000
65692  -28.520  -26.820  37.950 0.0000000000
65695  -37.104  -29.516  38.665 0.0000000000
65714  -36.752  -29.203  38.031 0.0000000000
65780  -23.617  -29.048  33.464 0.0000000000
66892  -29.210  -26.657  43.963 0.0000000000
66937  -37.165  -28.195  40.804 0.0000000000
66980  -37.458  -27.273  37.927 0.0000000000
67016  -36.872  -27.969  35.377 0.0000000000
67025  -23.925  -28.441  33.522 0.0000000000
68054  -27.434  -27.126  43.743 0.0000000000
68063  -27.453  -26.973  43.371 0.0000000000
68086  -23.606  -28.072  38.917 0.0000000000
68094  -23.632  -27.923  38.706 0.0000000000
68095  -23.824  -27.851  38.819 0.0000000000
68102  -37.318  -27.160  37.435 0.0000000000
68126  -36.830  -27.665  35.330 0.0000000000
69172  -38.115  -26.492  39.526 0.0000000000
69182  -37.467  -26.245  38.221 0.0000000000
69192  -37.938  -26.913  37.870 0.0000000000
69202  -37.018  -26.481  35.478 0.0000000000
70326  -36.992  -26.005  36.762 0.0000000000
71479  -37.211  -24.823  40.970 0.0000000000
71492  -37.541  -24.845  39.974 0.0000000000
71507  -37.129  -24.468  38.549 0.0000000000
72720  -37.006  -24.249  39.525 0.0000000000
72729  -37.051  -24.250  38.681 0.0000000000
72742  -37.150  -23.869  37.765 0.0000000000
72819  -33.730  -24.114  34.271 0.0000000000
72830  -33.417  -24.226  33.794 0.0000000000
73950  -32.275  -22.653  40.525 0.0000000000
74002  -36.132  -24.349  37.856 0.0000000000
75283  -30.041  -21.355  34.381 0.0000000000
75303  -30.016  -21.484  34.204 0.0000000000
75304  -30.076  -21.919  33.899 0.0000000000
75305  -30.680  -22.540  33.907 0.0000000000
76401  -31.379  -20.726  40.650 0.0000000000
76416  -31.615  -19.961  39.191 0.0000000000
76455  -30.737  -20.188  36.056 0.0000000000
76588  -38.951  -17.616  26.670 0.0000000000
76603  -37.630  -17.639  26.200 0.0000000000
76606  -39.458  -17.623  26.254 0.0000000000
76621  -37.018  -17.357  25.515 0.0000000000
76642  -36.445  -17.441  24.717 0.0000000000
76647  -39.558  -17.390  25.262 0.0000000000
77596  -31.483  -19.841  38.501 0.0000000000
77629  -31.369  -19.715  36.354 0.0000000000
77698  -33.049  -17.374  34.448 0.0000000000
77779  -30.001  -18.558  28.831 0.0000000000
77798  -37.722  -17.374  27.032 0.0000000000
77821  -38.124  -17.607  26.689 0.0000000000
77822  -38.540  -17.559  26.792 0.0000000000
77823  -39.936  -17.472  26.361 0.0000000000
77841  -36.777  -17.309  25.628 0.0000000000
77842  -37.165  -17.434  26.081 0.0000000000
77843  -40.005  -17.310  25.445 0.0000000000
77844  -40.527  -17.184  25.684 0.0000000000
77862  -36.138  -17.455  24.643 0.0000000000
78851  -33.942  -17.257  35.186 0.0000000000
78860  -33.873  -17.173  34.842 0.0000000000
78861  -34.398  -16.827  35.001 0.0000000000
78876  -32.552  -17.094  33.181 0.0000000000
78883  -32.858  -16.608  32.908 0.0000000000
78894  -40.714  -15.517  29.434 0.0000000000
78943  -36.399  -16.046  26.896 0.0000000000
79004  -40.082  -16.099  24.394 0.0000000000
79005  -40.206  -16.047  24.617 0.0000000000
79018  -34.844  -17.349  23.474 0.0000000000
79019  -40.097  -16.319  24.500 0.0000000000
79033  -39.058  -16.740  23.648 0.0000000000
79983  -33.900  -16.586  34.088 0.0000000000
80018  -37.902  -14.835  29.080 0.0000000000
80061  -35.754  -15.603  27.059 0.0000000000
80115  -34.598  -17.070  24.023 0.0000000000
80116  -34.882  -17.231  23.836 0.0000000000
80117  -40.265  -15.894  24.432 0.0000000000
80118  -40.437  -15.823  24.641 0.0000000000
80129  -33.962  -17.462  23.316 0.0000000000
80131  -34.691  -17.265  23.678 0.0000000000
80132  -39.059  -15.965  23.414 0.0000000000
80151  -39.775  -16.258  23.818 0.0000000000
80152  -41.498  -14.720  24.199 0.0000000000
80167  -37.815  -16.417  22.833 0.0000000000
81173  -39.938  -14.821  30.697 0.0000000000
81189  -39.383  -15.050  30.222 0.0000000000
81196  -33.495  -15.502  29.442 0.0000000000
81219  -31.571  -16.491  27.480 0.0000000000
81222  -34.727  -15.392  27.148 0.0000000000
81223  -35.318  -15.242  27.457 0.0000000000
81236  -33.365  -15.718  26.680 0.0000000000
81280  -39.250  -15.627  23.486 0.0000000000
81297  -38.763  -15.647  23.299 0.0000000000
81298  -40.470  -14.781  23.820 0.0000000000
81315  -42.030  -14.250  23.549 0.0000000000
82299  -38.337  -13.527  33.656 0.0000000000
82309  -37.065  -14.070  31.610 0.0000000000
82320  -37.322  -14.365  31.051 0.0000000000
82330  -38.353  -14.500  30.229 0.0000000000
82336  -33.921  -15.312  28.725 0.0000000000
82338  -34.648  -15.216  29.146 0.0000000000
82343  -34.571  -15.037  28.317 0.0000000000
82353  -33.895  -15.211  27.818 0.0000000000
82354  -34.261  -15.125  27.755 0.0000000000
82392  -39.195  -15.385  23.457 0.0000000000
82404  -37.733  -15.257  22.687 0.0000000000
82419  -36.642  -15.703  21.417 0.0000000000
83431  -37.204  -13.777  32.353 0.0000000000
83433  -38.294  -13.555  32.922 0.0000000000
83440  -37.593  -13.799  31.804 0.0000000000
83451  -37.865  -14.109  31.346 0.0000000000
83452  -38.334  -14.026  31.400 0.0000000000
83517  -39.881  -14.230  23.195 0.0000000000
83528  -37.210  -14.774  21.938 0.0000000000
83553  -44.176  -12.952  21.599 0.0000000000
83554  -44.802  -12.685  21.661 0.0000000000
84632  -38.204  -13.982  22.017 0.0000000000
84636  -42.243  -13.082  22.158 0.0000000000
87947  -40.626  -10.399  20.243 0.0000000000
87977  -44.073  -9.565  19.436 0.0000000000
89085  -45.495  -9.194  19.904 0.0000000000
90197  -43.521  -7.638  18.997 0.0000000000
90198  -43.697  -7.815  19.160 0.0000000000
91306  -41.630  -7.166  18.200 0.0000000000
92395  -46.449  -6.317  19.545 0.0000000000
92399  -44.758  -6.456  18.716 0.0000000000
92403  -41.965  -6.257  16.859 0.0000000000
93477  -47.970  -5.498  19.726 0.0000000000
93481  -46.221  -5.503  18.809 0.0000000000
93485  -43.787  -5.531  17.097 0.0000000000
93489  -46.831  -5.146  18.339 0.0000000000
94533  -47.711  -4.786  18.672 0.0000000000
94536  -46.184  -4.770  17.498 0.0000000000
94540  -44.634  -4.620  16.010 0.0000000000
94552  -49.673  -2.498  15.762 0.0000000000
94558  -43.614  -4.968  14.421 0.0000000000
94564  -50.570  -2.243  15.827 0.0000000000
94569  -49.611  -2.776  14.540 0.0000000000
94584  -49.197  -3.258  12.097 0.0000000000
95571  -48.413  -4.131  18.973 0.0000000000
95581  -47.254  -4.120  17.375 0.0000000000
95608  -50.238  -2.486  14.883 0.0000000000
96651  -50.326  -2.506  13.613 0.0000000000
153053  -50.385  -2.647  17.421 0.0000000000
