#!ascii label  , from subject ernie vox2ras=TkReg
1753
110949  -40.854  11.361  13.522 0.0000000000
112191  -48.094  12.467  -0.907 0.0000000000
117585  -46.116  18.110  17.858 0.0000000000
109932  -46.511  10.458  6.763 0.0000000000
105893  -47.542  6.563  15.232 0.0000000000
115053  -37.521  15.344  5.384 0.0000000000
119624  -43.909  20.963  -1.203 0.0000000000
123584  -40.348  25.724  3.659 0.0000000000
102665  -41.891  3.554  18.474 0.0000000000
109906  -42.623  10.520  9.405 0.0000000000
114069  -42.264  15.103  7.289 0.0000000000
113037  -39.202  13.882  12.047 0.0000000000
118574  -49.307  19.822  11.307 0.0000000000
121302  -43.909  22.799  7.525 0.0000000000
122167  -47.604  23.470  2.635 0.0000000000
123658  -42.124  24.465  -0.506 0.0000000000
124331  -45.673  26.931  3.661 0.0000000000
110034  -43.390  10.467  -3.194 0.0000000000
110862  -37.565  10.843  19.330 0.0000000000
113999  -43.623  13.620  17.591 0.0000000000
112052  -50.708  12.998  10.634 0.0000000000
106992  -47.447  7.393  10.242 0.0000000000
105941  -41.295  6.870  10.659 0.0000000000
104793  -41.341  4.789  15.973 0.0000000000
112166  -43.665  12.511  1.021 0.0000000000
112188  -39.578  12.635  -0.306 0.0000000000
118570  -39.558  19.510  11.600 0.0000000000
118640  -40.134  19.577  3.200 0.0000000000
115132  -39.077  16.458  -2.679 0.0000000000
118666  -38.976  19.250  -1.450 0.0000000000
121364  -38.472  22.921  2.664 0.0000000000
110968  -41.349  11.485  11.671 0.0000000000
113049  -43.111  13.301  10.760 0.0000000000
113032  -43.099  12.838  13.402 0.0000000000
120445  -50.480  21.215  8.780 0.0000000000
120471  -48.635  21.059  6.470 0.0000000000
122145  -48.887  23.409  4.729 0.0000000000
123624  -46.938  25.606  2.184 0.0000000000
111141  -45.718  11.954  -2.215 0.0000000000
111964  -36.760  11.761  20.377 0.0000000000
110837  -40.106  11.436  21.318 0.0000000000
105916  -47.263  6.825  13.032 0.0000000000
105944  -43.940  6.307  10.387 0.0000000000
104830  -44.535  5.534  12.656 0.0000000000
104756  -41.508  5.601  17.749 0.0000000000
105900  -35.685  6.786  14.679 0.0000000000
108830  -33.680  9.331  15.460 0.0000000000
106944  -32.952  7.453  15.648 0.0000000000
112121  -46.080  13.058  4.742 0.0000000000
113091  -38.728  13.702  6.902 0.0000000000
113130  -42.417  13.924  4.667 0.0000000000
112134  -40.344  12.387  3.438 0.0000000000
111094  -41.332  11.493  0.100 0.0000000000
113162  -38.747  13.742  2.342 0.0000000000
115828  -43.981  16.022  18.855 0.0000000000
116700  -41.203  17.060  15.522 0.0000000000
118538  -42.774  18.924  14.395 0.0000000000
121356  -43.510  23.050  3.036 0.0000000000
120491  -41.247  21.971  4.640 0.0000000000
118654  -41.529  19.890  0.751 0.0000000000
116791  -40.169  17.273  -0.142 0.0000000000
117763  -42.022  18.653  -3.200 0.0000000000
117759  -38.404  18.019  -3.178 0.0000000000
119647  -41.258  20.378  -3.569 0.0000000000
123618  -40.701  25.512  1.776 0.0000000000
122940  -39.621  24.389  0.482 0.0000000000
124360  -37.803  25.744  0.743 0.0000000000
122914  -36.595  24.564  2.767 0.0000000000
123596  -36.615  26.478  2.469 0.0000000000
109920  -44.560  10.649  8.130 0.0000000000
113081  -44.381  13.707  7.384 0.0000000000
113055  -44.257  13.661  9.225 0.0000000000
114040  -40.453  14.355  9.347 0.0000000000
115020  -37.123  15.347  9.457 0.0000000000
117636  -47.820  19.260  14.655 0.0000000000
119488  -45.011  20.528  12.371 0.0000000000
119529  -46.929  20.936  9.589 0.0000000000
122129  -45.784  23.352  5.619 0.0000000000
121377  -44.668  22.975  0.901 0.0000000000
121399  -44.032  22.871  -1.479 0.0000000000
122954  -45.107  24.504  -0.212 0.0000000000
123636  -43.959  25.656  1.409 0.0000000000
123587  -42.949  26.371  3.924 0.0000000000
108994  -40.826  9.839  -2.494 0.0000000000
112010  -38.642  12.208  15.992 0.0000000000
110928  -43.476  11.110  15.738 0.0000000000
111990  -41.147  12.137  18.502 0.0000000000
111970  -43.660  12.953  20.480 0.0000000000
113948  -46.376  14.725  21.795 0.0000000000
115802  -44.657  16.479  20.952 0.0000000000
117553  -48.494  18.059  20.780 0.0000000000
109934  -49.805  10.796  7.663 0.0000000000
108868  -49.748  9.833  10.100 0.0000000000
107949  -46.609  8.320  8.230 0.0000000000
107016  -44.184  8.005  8.608 0.0000000000
107930  -41.660  8.662  9.325 0.0000000000
105863  -46.663  6.488  18.438 0.0000000000
104737  -44.079  5.493  19.506 0.0000000000
105871  -44.379  6.188  17.953 0.0000000000
103726  -44.314  5.075  15.373 0.0000000000
103748  -41.139  4.867  12.927 0.0000000000
110946  -37.234  10.940  13.543 0.0000000000
114186  -47.970  15.108  -0.833 0.0000000000
115045  -44.498  15.377  5.780 0.0000000000
114141  -44.429  15.130  2.721 0.0000000000
113204  -45.547  14.022  -0.841 0.0000000000
112189  -43.914  12.491  -1.921 0.0000000000
111136  -41.502  11.810  -3.121 0.0000000000
111148  -39.471  12.349  -3.245 0.0000000000
114010  -40.258  14.352  15.192 0.0000000000
116715  -38.068  17.117  12.595 0.0000000000
117674  -37.344  18.162  8.186 0.0000000000
120402  -42.174  21.506  9.849 0.0000000000
119563  -39.583  20.732  6.730 0.0000000000
116762  -38.215  17.374  4.305 0.0000000000
115939  -39.060  16.420  1.633 0.0000000000
115113  -38.907  15.269  -0.716 0.0000000000
112197  -38.039  12.740  -2.031 0.0000000000
120531  -41.430  21.875  -0.877 0.0000000000
119606  -39.381  21.116  1.272 0.0000000000
118638  -37.419  19.996  2.863 0.0000000000
120489  -36.983  21.319  4.195 0.0000000000
121328  -35.372  22.580  5.397 0.0000000000
110958  -40.479  11.392  12.457 0.0000000000
112038  -42.800  12.156  12.420 0.0000000000
110950  -42.003  11.408  13.819 0.0000000000
121305  -50.218  21.836  7.292 0.0000000000
122901  -48.305  24.534  4.481 0.0000000000
111126  -46.837  12.270  -1.394 0.0000000000
105905  -47.620  6.762  14.178 0.0000000000
105914  -45.787  6.041  12.964 0.0000000000
104819  -46.266  5.974  13.970 0.0000000000
105889  -35.355  6.279  15.141 0.0000000000
106945  -33.713  7.464  15.229 0.0000000000
109945  -47.844  10.701  6.111 0.0000000000
111028  -46.081  11.857  5.646 0.0000000000
114094  -38.108  14.053  6.476 0.0000000000
113109  -39.233  13.023  5.046 0.0000000000
113126  -38.060  13.819  4.877 0.0000000000
112132  -39.001  12.982  3.335 0.0000000000
114123  -38.083  14.362  3.774 0.0000000000
116665  -45.267  17.475  18.162 0.0000000000
117603  -43.747  17.957  16.313 0.0000000000
117623  -44.219  18.494  15.647 0.0000000000
120519  -43.428  21.883  0.843 0.0000000000
120517  -42.119  21.317  1.934 0.0000000000
119623  -43.107  20.413  -0.869 0.0000000000
118669  -42.040  19.407  -1.179 0.0000000000
118679  -42.685  19.714  -1.799 0.0000000000
118694  -41.835  19.744  -4.185 0.0000000000
119640  -43.106  20.366  -3.093 0.0000000000
123600  -41.073  25.713  2.818 0.0000000000
123632  -39.165  25.623  0.800 0.0000000000
123598  -38.619  25.833  2.369 0.0000000000
123615  -37.391  26.202  1.568 0.0000000000
123582  -37.924  25.851  3.246 0.0000000000
109919  -43.776  10.581  8.663 0.0000000000
110996  -44.176  11.690  8.770 0.0000000000
110985  -43.982  12.271  9.328 0.0000000000
113039  -40.854  13.658  12.001 0.0000000000
114031  -41.422  14.095  10.261 0.0000000000
114025  -39.737  14.056  11.138 0.0000000000
114038  -38.433  14.425  9.764 0.0000000000
114027  -37.580  15.024  10.906 0.0000000000
118553  -48.186  19.470  13.447 0.0000000000
119490  -47.138  20.127  12.084 0.0000000000
119514  -48.310  20.162  10.446 0.0000000000
121333  -48.216  22.155  5.226 0.0000000000
121320  -47.658  21.974  5.782 0.0000000000
122144  -46.864  23.107  4.452 0.0000000000
122164  -45.302  23.495  2.878 0.0000000000
122179  -46.177  23.501  1.823 0.0000000000
122198  -45.273  23.493  0.193 0.0000000000
122191  -46.834  24.047  1.171 0.0000000000
124345  -46.493  26.019  2.541 0.0000000000
123637  -45.214  26.023  1.680 0.0000000000
123622  -45.225  26.207  2.754 0.0000000000
123620  -43.076  25.736  2.256 0.0000000000
123603  -44.497  26.334  3.336 0.0000000000
109004  -42.658  9.994  -2.662 0.0000000000
110911  -38.472  11.832  17.434 0.0000000000
112012  -40.522  12.016  16.626 0.0000000000
111988  -39.506  11.704  18.547 0.0000000000
111954  -40.968  12.544  21.443 0.0000000000
110852  -41.443  12.047  21.014 0.0000000000
111956  -42.843  12.988  21.531 0.0000000000
112970  -44.666  13.735  20.833 0.0000000000
113935  -44.223  14.572  22.187 0.0000000000
117558  -43.976  17.721  19.617 0.0000000000
116616  -46.808  17.027  21.566 0.0000000000
118467  -47.683  18.678  20.597 0.0000000000
118477  -48.812  19.167  19.212 0.0000000000
119428  -48.272  19.909  19.180 0.0000000000
111007  -50.237  12.075  7.545 0.0000000000
110986  -50.049  12.026  9.260 0.0000000000
107916  -49.220  9.104  11.597 0.0000000000
107923  -48.744  8.272  10.974 0.0000000000
107934  -49.303  9.127  9.465 0.0000000000
107004  -47.293  7.620  9.453 0.0000000000
107948  -45.685  8.460  8.141 0.0000000000
107002  -45.580  7.246  9.109 0.0000000000
105932  -42.735  6.184  11.008 0.0000000000
105952  -43.418  6.852  9.675 0.0000000000
106989  -41.606  7.282  10.102 0.0000000000
103681  -43.028  4.694  18.973 0.0000000000
105858  -42.903  5.937  18.206 0.0000000000
104776  -42.791  5.250  17.062 0.0000000000
104778  -44.212  5.382  16.817 0.0000000000
103724  -43.072  4.844  15.944 0.0000000000
103741  -43.107  4.607  14.195 0.0000000000
103730  -40.809  4.563  14.574 0.0000000000
110934  -36.747  11.097  14.115 0.0000000000
109868  -35.841  10.205  14.124 0.0000000000
115105  -48.792  15.602  0.265 0.0000000000
114071  -44.074  15.203  7.479 0.0000000000
114084  -44.719  14.886  6.209 0.0000000000
115035  -43.447  15.546  6.406 0.0000000000
112136  -42.547  13.100  3.432 0.0000000000
113147  -43.204  13.956  3.672 0.0000000000
113175  -43.713  13.730  1.886 0.0000000000
113177  -44.978  14.332  0.897 0.0000000000
112180  -44.329  13.069  -0.001 0.0000000000
112190  -44.521  12.989  -1.080 0.0000000000
112179  -43.782  12.491  -0.652 0.0000000000
111106  -40.624  11.681  -0.765 0.0000000000
111121  -41.458  11.610  -2.202 0.0000000000
111135  -40.778  12.111  -2.855 0.0000000000
111150  -40.609  12.125  -3.474 0.0000000000
112214  -40.175  12.485  -2.574 0.0000000000
112015  -44.044  11.921  16.502 0.0000000000
113008  -43.087  13.133  15.717 0.0000000000
114006  -41.839  14.123  16.769 0.0000000000
117651  -40.341  18.955  12.842 0.0000000000
116711  -39.729  17.542  13.732 0.0000000000
117656  -38.962  19.065  11.689 0.0000000000
117658  -37.425  18.142  10.435 0.0000000000
118589  -38.749  19.556  9.546 0.0000000000
120422  -44.437  21.834  9.565 0.0000000000
119509  -43.012  21.135  10.765 0.0000000000
120438  -42.958  22.213  8.818 0.0000000000
119590  -40.517  20.695  3.759 0.0000000000
120468  -40.608  21.933  6.175 0.0000000000
119583  -39.940  20.580  4.903 0.0000000000
118624  -38.977  19.379  5.311 0.0000000000
117704  -39.201  18.790  3.656 0.0000000000
115935  -38.674  16.335  2.562 0.0000000000
117719  -39.216  18.098  2.270 0.0000000000
115952  -40.174  17.163  -1.593 0.0000000000
115114  -39.244  16.015  -0.890 0.0000000000
115122  -38.782  15.440  -1.750 0.0000000000
113214  -38.422  13.414  -2.045 0.0000000000
114209  -38.285  15.005  -2.284 0.0000000000
113213  -37.612  13.665  -1.735 0.0000000000
115130  -37.367  15.776  -2.234 0.0000000000
117753  -38.892  18.794  -2.402 0.0000000000
117751  -37.331  18.170  -1.873 0.0000000000
122208  -43.248  23.874  -1.133 0.0000000000
121397  -42.590  22.156  -1.412 0.0000000000
122206  -41.835  23.357  -0.702 0.0000000000
122176  -39.053  23.380  1.677 0.0000000000
121382  -39.864  22.672  0.850 0.0000000000
120507  -38.894  22.150  2.429 0.0000000000
119596  -38.042  20.281  2.349 0.0000000000
119589  -38.250  21.336  3.081 0.0000000000
119581  -37.289  20.708  3.876 0.0000000000
120497  -37.319  21.740  3.752 0.0000000000
123595  -35.067  25.736  2.786 0.0000000000
122148  -35.873  23.733  4.303 0.0000000000
122898  -35.020  24.297  4.593 0.0000000000
122137  -34.786  23.644  5.306 0.0000000000
110976  -42.204  11.318  10.712 0.0000000000
112051  -43.191  12.481  10.783 0.0000000000
110970  -42.732  12.221  11.764 0.0000000000
113041  -42.734  13.025  12.181 0.0000000000
113030  -41.308  13.473  12.856 0.0000000000
119544  -48.976  20.192  8.617 0.0000000000
119554  -49.921  20.646  7.838 0.0000000000
119575  -49.357  21.046  5.937 0.0000000000
121357  -48.145  23.130  3.189 0.0000000000
122192  -47.291  24.351  1.650 0.0000000000
122916  -47.828  24.405  3.010 0.0000000000
123588  -47.405  25.484  3.754 0.0000000000
110036  -44.980  10.913  -2.079 0.0000000000
109813  -37.556  10.399  20.209 0.0000000000
110864  -38.638  10.723  19.889 0.0000000000
111965  -37.975  11.734  20.738 0.0000000000
105937  -47.291  7.135  11.625 0.0000000000
105946  -45.887  6.657  10.491 0.0000000000
105935  -45.774  6.391  11.438 0.0000000000
104842  -44.674  5.744  11.672 0.0000000000
104840  -42.603  5.588  11.748 0.0000000000
103679  -41.715  5.152  18.688 0.0000000000
104773  -39.468  5.355  16.772 0.0000000000
106959  -35.608  8.125  14.088 0.0000000000
108837  -34.600  9.479  14.570 0.0000000000
107888  -34.415  8.465  14.652 0.0000000000
107880  -33.311  8.478  15.650 0.0000000000
114068  -41.247  14.402  7.169 0.0000000000
114082  -41.867  14.551  6.242 0.0000000000
112087  -40.841  13.395  5.858 0.0000000000
112117  -40.738  12.684  4.346 0.0000000000
112150  -41.597  11.968  2.350 0.0000000000
111083  -42.803  11.834  0.594 0.0000000000
111065  -40.953  11.714  2.224 0.0000000000
111079  -39.681  12.228  1.452 0.0000000000
113174  -39.212  13.258  0.886 0.0000000000
114960  -43.369  14.861  18.329 0.0000000000
114975  -42.128  15.359  17.514 0.0000000000
116662  -42.725  16.910  17.093 0.0000000000
117631  -42.127  18.154  14.618 0.0000000000
117652  -41.144  19.302  12.940 0.0000000000
122141  -43.869  23.741  5.089 0.0000000000
122126  -42.795  23.395  5.976 0.0000000000
121342  -42.470  22.815  4.291 0.0000000000
120508  -41.731  21.437  2.666 0.0000000000
119607  -40.923  19.944  1.828 0.0000000000
117728  -40.145  18.238  1.036 0.0000000000
118661  -41.097  19.031  0.386 0.0000000000
117744  -41.074  18.498  -1.170 0.0000000000
116815  -40.228  17.534  -3.346 0.0000000000
115970  -39.177  17.350  -3.468 0.0000000000
116825  -40.217  18.053  -3.788 0.0000000000
118692  -40.366  19.168  -3.601 0.0000000000
118677  -40.393  20.199  -1.979 0.0000000000
123649  -41.450  24.717  0.001 0.0000000000
122941  -40.716  24.191  -0.163 0.0000000000
123648  -40.018  24.932  0.410 0.0000000000
122939  -38.439  24.853  0.527 0.0000000000
122930  -37.652  24.681  0.966 0.0000000000
122162  -37.360  23.608  2.971 0.0000000000
123629  -36.789  25.610  1.436 0.0000000000
124340  -36.080  26.277  2.075 0.0000000000
124339  -35.334  26.396  2.570 0.0000000000
109930  -45.153  10.591  7.454 0.0000000000
111015  -45.047  11.823  6.769 0.0000000000
111004  -44.796  11.619  7.598 0.0000000000
113068  -44.347  13.623  8.388 0.0000000000
114043  -43.671  14.391  9.121 0.0000000000
114042  -42.710  14.609  9.234 0.0000000000
114056  -41.883  14.771  8.261 0.0000000000
114054  -39.520  13.997  8.310 0.0000000000
114065  -37.767  14.458  7.920 0.0000000000
115034  -37.210  15.307  7.402 0.0000000000
117606  -47.447  18.893  16.571 0.0000000000
118530  -45.624  19.304  15.201 0.0000000000
118551  -46.314  19.378  13.689 0.0000000000
119512  -46.068  20.961  10.455 0.0000000000
120440  -45.202  22.077  8.625 0.0000000000
120442  -47.541  21.135  8.435 0.0000000000
120469  -46.776  22.098  7.160 0.0000000000
121318  -45.479  22.974  6.592 0.0000000000
122151  -43.993  23.563  3.981 0.0000000000
121367  -43.991  22.730  2.148 0.0000000000
121384  -44.356  22.407  -0.015 0.0000000000
120541  -44.106  21.755  -1.977 0.0000000000
121393  -44.699  22.902  -0.621 0.0000000000
122217  -44.504  23.988  -0.879 0.0000000000
123660  -43.570  25.097  -0.399 0.0000000000
122945  -46.061  24.763  0.974 0.0000000000
123652  -44.724  25.345  0.616 0.0000000000
123651  -43.662  25.418  0.397 0.0000000000
123635  -42.802  25.455  1.166 0.0000000000
123601  -42.193  25.992  3.015 0.0000000000
123585  -41.450  25.906  3.828 0.0000000000
110925  -40.272  11.512  15.211 0.0000000000
110939  -42.285  11.340  14.725 0.0000000000
110912  -40.793  11.719  15.764 0.0000000000
112014  -42.300  11.631  16.886 0.0000000000
110901  -43.947  12.042  17.935 0.0000000000
110866  -40.630  11.486  20.203 0.0000000000
110883  -42.745  12.075  18.728 0.0000000000
111993  -44.020  12.668  18.337 0.0000000000
113978  -44.756  14.344  19.516 0.0000000000
114941  -45.417  15.330  19.755 0.0000000000
115816  -47.362  15.952  20.654 0.0000000000
114915  -43.956  15.514  21.509 0.0000000000
114917  -45.460  15.641  22.227 0.0000000000
114919  -48.078  15.302  21.933 0.0000000000
116651  -47.678  17.470  19.481 0.0000000000
117587  -48.388  18.793  17.435 0.0000000000
118512  -48.700  19.446  16.142 0.0000000000
118533  -49.437  19.507  15.015 0.0000000000
109947  -49.699  11.147  6.902 0.0000000000
108913  -48.132  10.115  6.742 0.0000000000
109894  -50.359  11.032  11.428 0.0000000000
109902  -50.310  10.976  10.381 0.0000000000
108877  -49.554  9.845  9.225 0.0000000000
107965  -48.649  9.321  7.946 0.0000000000
108900  -46.674  9.857  7.177 0.0000000000
107961  -45.427  9.154  7.787 0.0000000000
108888  -44.139  9.700  8.139 0.0000000000
108887  -43.383  9.644  8.512 0.0000000000
105953  -44.314  6.740  9.695 0.0000000000
107014  -42.754  8.334  8.894 0.0000000000
108876  -42.008  9.571  9.182 0.0000000000
109899  -41.433  10.456  10.157 0.0000000000
105838  -44.856  6.114  20.027 0.0000000000
104735  -42.351  5.313  18.793 0.0000000000
105849  -43.846  5.891  19.100 0.0000000000
105851  -45.267  6.358  19.471 0.0000000000
105872  -45.168  6.081  17.879 0.0000000000
104780  -45.700  5.600  16.528 0.0000000000
104798  -45.938  5.733  15.565 0.0000000000
104817  -44.386  5.231  13.931 0.0000000000
104828  -42.389  4.926  12.726 0.0000000000
104838  -40.785  5.961  11.974 0.0000000000
110948  -39.584  11.282  13.299 0.0000000000
110923  -38.006  11.990  15.342 0.0000000000
110909  -36.917  11.780  16.361 0.0000000000
110895  -36.981  11.450  17.540 0.0000000000
109826  -36.800  10.680  19.444 0.0000000000
114189  -50.889  14.763  -0.266 0.0000000000
114201  -49.455  14.635  -1.323 0.0000000000
113220  -48.452  13.657  -1.444 0.0000000000
112102  -44.824  13.295  6.061 0.0000000000
114099  -45.027  14.782  5.612 0.0000000000
114097  -43.370  15.285  4.943 0.0000000000
115065  -44.457  15.545  3.751 0.0000000000
115075  -45.220  15.643  3.059 0.0000000000
114158  -46.636  15.329  0.931 0.0000000000
114185  -46.958  14.618  -0.952 0.0000000000
113219  -47.228  13.462  -1.523 0.0000000000
112203  -45.785  12.954  -1.741 0.0000000000
112216  -44.382  12.094  -3.211 0.0000000000
112227  -44.024  11.996  -4.053 0.0000000000
111109  -43.134  11.991  -1.595 0.0000000000
111123  -43.183  12.052  -2.744 0.0000000000
110045  -42.475  11.126  -4.013 0.0000000000
110044  -41.586  11.296  -3.940 0.0000000000
110031  -40.699  10.711  -3.392 0.0000000000
110019  -39.083  11.435  -2.756 0.0000000000
110952  -43.207  11.619  14.705 0.0000000000
113014  -41.902  13.408  14.692 0.0000000000
113019  -39.706  13.854  13.459 0.0000000000
115866  -40.489  16.157  15.420 0.0000000000
114995  -39.192  15.690  14.185 0.0000000000
115002  -37.899  15.296  12.410 0.0000000000
115881  -36.743  16.487  10.747 0.0000000000
116736  -36.865  17.248  8.722 0.0000000000
116748  -37.491  17.179  6.483 0.0000000000
118549  -44.028  19.581  13.717 0.0000000000
119496  -42.303  20.673  11.439 0.0000000000
119507  -40.924  20.918  10.546 0.0000000000
121300  -41.859  22.626  7.288 0.0000000000
120453  -40.572  22.100  7.798 0.0000000000
119540  -39.751  20.940  8.533 0.0000000000
118611  -39.089  20.159  7.388 0.0000000000
117690  -38.275  18.270  5.866 0.0000000000
116761  -37.776  17.023  4.837 0.0000000000
115929  -38.196  16.322  3.637 0.0000000000
113189  -39.133  13.823  0.441 0.0000000000
116783  -39.834  17.419  0.941 0.0000000000
115102  -39.279  15.899  0.156 0.0000000000
114196  -39.137  13.911  -1.224 0.0000000000
113228  -39.198  13.000  -2.414 0.0000000000
112198  -38.678  12.642  -2.520 0.0000000000
116812  -37.340  17.277  -2.412 0.0000000000
120540  -43.191  21.640  -2.039 0.0000000000
119630  -41.477  20.874  -2.050 0.0000000000
119621  -40.502  20.643  -0.537 0.0000000000
121383  -40.477  22.654  0.260 0.0000000000
120524  -40.256  21.730  0.511 0.0000000000
118659  -39.031  19.775  0.002 0.0000000000
118651  -37.947  19.371  0.848 0.0000000000
117718  -36.460  18.633  1.828 0.0000000000
117710  -36.396  18.704  2.805 0.0000000000
121352  -36.898  22.737  3.907 0.0000000000
121329  -36.152  22.548  5.029 0.0000000000
124297  -41.002  26.760  5.075 0.0000000000
124311  -39.739  26.027  4.453 0.0000000000
124309  -37.330  25.932  4.146 0.0000000000
124308  -36.093  26.421  3.841 0.0000000000
124307  -34.967  26.506  4.149 0.0000000000
110959  -41.713  11.531  12.773 0.0000000000
111111  -47.251  12.046  -1.091 0.0000000000
106946  -48.072  6.859  15.409 0.0000000000
105906  -48.229  7.029  14.705 0.0000000000
105904  -46.785  6.268  14.447 0.0000000000
104786  -34.953  5.682  15.537 0.0000000000
109944  -46.914  10.684  6.383 0.0000000000
111018  -47.149  11.142  5.829 0.0000000000
111017  -46.455  11.270  6.010 0.0000000000
114093  -37.749  14.447  5.820 0.0000000000
113107  -37.903  14.020  5.278 0.0000000000
114109  -37.805  14.505  4.782 0.0000000000
114110  -38.070  13.971  4.423 0.0000000000
115062  -37.694  15.388  4.561 0.0000000000
116666  -46.055  17.557  18.537 0.0000000000
117604  -44.991  18.206  16.832 0.0000000000
120532  -43.729  21.203  -0.623 0.0000000000
120525  -43.204  21.306  0.235 0.0000000000
118670  -42.500  19.855  -1.126 0.0000000000
119631  -43.309  20.104  -2.276 0.0000000000
119632  -43.992  20.808  -2.012 0.0000000000
123599  -39.878  25.634  2.600 0.0000000000
123583  -39.163  25.677  3.464 0.0000000000
109907  -43.324  10.851  9.203 0.0000000000
110995  -43.668  11.223  9.132 0.0000000000
110984  -43.285  11.751  9.836 0.0000000000
113038  -39.800  13.677  11.864 0.0000000000
113046  -40.397  13.857  11.328 0.0000000000
114024  -38.975  14.153  11.467 0.0000000000
114028  -38.304  14.571  10.733 0.0000000000
118554  -48.992  19.571  13.183 0.0000000000
119491  -48.049  19.863  11.915 0.0000000000
119502  -48.656  19.804  11.196 0.0000000000
122155  -47.683  23.093  3.156 0.0000000000
121344  -47.603  22.652  4.427 0.0000000000
122154  -47.165  23.138  3.564 0.0000000000
122165  -46.210  23.390  2.722 0.0000000000
122166  -47.015  23.375  2.622 0.0000000000
122190  -46.121  23.742  1.010 0.0000000000
122180  -46.960  23.673  1.866 0.0000000000
124344  -45.814  26.286  2.889 0.0000000000
124343  -45.566  26.237  2.676 0.0000000000
123623  -45.478  26.347  3.091 0.0000000000
124330  -44.761  27.094  3.684 0.0000000000
109006  -44.112  10.057  -1.937 0.0000000000
109005  -43.519  9.974  -2.346 0.0000000000
110878  -37.984  11.176  18.804 0.0000000000
110897  -38.607  11.647  18.191 0.0000000000
110879  -38.634  11.150  19.057 0.0000000000
112956  -41.546  13.305  21.623 0.0000000000
112957  -42.291  13.194  21.695 0.0000000000
112947  -42.888  13.483  21.952 0.0000000000
112948  -43.740  13.691  21.986 0.0000000000
113934  -43.129  14.069  22.131 0.0000000000
117561  -46.997  18.798  20.267 0.0000000000
118475  -47.621  19.492  19.743 0.0000000000
112059  -50.576  12.889  9.488 0.0000000000
110978  -50.313  12.067  10.049 0.0000000000
107005  -47.924  7.628  9.831 0.0000000000
107003  -46.432  7.355  9.349 0.0000000000
106991  -46.860  7.203  9.949 0.0000000000
105942  -42.059  6.668  10.470 0.0000000000
106988  -40.443  7.642  10.491 0.0000000000
103696  -42.869  4.182  18.704 0.0000000000
104775  -41.669  5.193  16.765 0.0000000000
103717  -42.900  5.006  16.573 0.0000000000
103723  -42.030  4.691  15.811 0.0000000000
103731  -41.685  4.466  14.708 0.0000000000
103722  -41.258  4.593  15.389 0.0000000000
108843  -36.047  9.418  13.645 0.0000000000
108838  -35.407  9.426  14.115 0.0000000000
115077  -47.001  15.276  2.216 0.0000000000
114070  -43.379  15.449  7.280 0.0000000000
112152  -43.169  13.130  2.405 0.0000000000
113176  -44.366  13.723  1.249 0.0000000000
112167  -44.327  13.174  0.714 0.0000000000
111105  -39.970  11.990  -0.560 0.0000000000
111120  -40.592  11.805  -1.912 0.0000000000
112200  -40.095  12.215  -1.943 0.0000000000
112199  -39.605  12.511  -1.596 0.0000000000
113003  -43.954  12.658  16.884 0.0000000000
113002  -43.260  13.284  16.605 0.0000000000
114007  -42.569  13.696  16.831 0.0000000000
118557  -39.871  19.269  12.357 0.0000000000
117650  -39.203  18.673  12.407 0.0000000000
118577  -38.876  19.336  10.695 0.0000000000
121288  -44.332  22.433  8.168 0.0000000000
120439  -43.966  22.222  8.837 0.0000000000
121287  -43.429  22.490  8.148 0.0000000000
118632  -40.051  20.088  4.046 0.0000000000
118631  -39.510  19.583  4.251 0.0000000000
118639  -39.601  19.181  3.485 0.0000000000
117712  -39.604  18.705  2.841 0.0000000000
115957  -39.754  16.813  -2.221 0.0000000000
115123  -39.221  16.138  -1.920 0.0000000000
115131  -38.299  15.916  -2.362 0.0000000000
114208  -37.600  15.109  -2.366 0.0000000000
117743  -38.399  18.751  -1.787 0.0000000000
118665  -38.369  18.850  -1.256 0.0000000000
118658  -38.234  19.088  -0.568 0.0000000000
122951  -42.645  24.227  -0.838 0.0000000000
122950  -41.839  24.097  -0.650 0.0000000000
122175  -38.482  23.534  1.986 0.0000000000
121365  -39.110  22.816  2.167 0.0000000000
120506  -38.522  21.864  2.890 0.0000000000
120498  -37.968  21.848  3.335 0.0000000000
121354  -38.102  22.557  3.125 0.0000000000
122912  -34.975  25.577  3.117 0.0000000000
110969  -42.370  11.981  11.985 0.0000000000
112039  -43.017  12.294  12.978 0.0000000000
113031  -42.356  13.294  13.036 0.0000000000
119545  -50.133  20.083  8.935 0.0000000000
119555  -50.444  20.680  8.514 0.0000000000
121322  -49.624  22.084  6.089 0.0000000000
120484  -49.456  21.494  5.862 0.0000000000
121334  -49.093  22.218  5.188 0.0000000000
121346  -48.650  23.031  3.907 0.0000000000
121358  -48.264  23.540  3.208 0.0000000000
122156  -48.475  23.792  3.775 0.0000000000
122900  -47.993  25.083  4.705 0.0000000000
123589  -47.763  24.962  4.056 0.0000000000
124333  -47.125  25.905  3.372 0.0000000000
110024  -46.220  10.876  -1.028 0.0000000000
110023  -45.465  10.761  -1.463 0.0000000000
111140  -45.058  11.572  -2.446 0.0000000000
110848  -37.327  10.888  20.420 0.0000000000
106963  -47.787  7.285  12.746 0.0000000000
105926  -47.247  6.953  12.144 0.0000000000
105925  -46.543  6.602  12.275 0.0000000000
104831  -45.312  5.848  12.515 0.0000000000
104841  -43.650  5.625  11.606 0.0000000000
104829  -43.518  5.248  12.675 0.0000000000
105901  -36.419  6.657  14.466 0.0000000000
106953  -35.917  7.194  14.397 0.0000000000
106952  -35.303  7.647  14.424 0.0000000000
106951  -34.452  7.522  14.849 0.0000000000
113080  -40.299  13.715  7.313 0.0000000000
113093  -40.809  13.620  6.416 0.0000000000
113092  -39.648  13.218  6.309 0.0000000000
112116  -39.740  12.626  4.302 0.0000000000
112099  -40.141  12.882  5.230 0.0000000000
112135  -41.390  12.312  3.193 0.0000000000
111051  -40.601  12.105  2.827 0.0000000000
112147  -39.001  13.194  2.540 0.0000000000
111063  -39.528  12.345  2.047 0.0000000000
112164  -39.223  12.873  1.721 0.0000000000
112178  -39.491  12.713  0.722 0.0000000000
113173  -38.959  13.705  1.483 0.0000000000
114961  -43.915  15.211  18.727 0.0000000000
115845  -42.674  16.210  17.579 0.0000000000
116663  -43.368  16.922  17.457 0.0000000000
117632  -43.366  18.506  14.868 0.0000000000
117622  -43.000  17.919  15.523 0.0000000000
117643  -42.078  18.993  14.042 0.0000000000
118547  -41.787  19.324  13.389 0.0000000000
121343  -43.146  23.128  3.782 0.0000000000
122140  -42.991  23.388  5.196 0.0000000000
121355  -42.759  22.571  3.219 0.0000000000
119609  -42.209  21.083  1.424 0.0000000000
119608  -41.581  20.528  1.626 0.0000000000
119599  -41.040  21.035  2.927 0.0000000000
118653  -41.025  19.459  1.102 0.0000000000
117755  -41.984  18.749  -2.451 0.0000000000
117745  -41.706  18.842  -1.675 0.0000000000
117754  -41.314  18.365  -2.261 0.0000000000
116806  -40.707  17.735  -2.686 0.0000000000
117762  -41.287  18.160  -2.908 0.0000000000
116817  -41.435  18.719  -3.688 0.0000000000
119648  -41.979  20.272  -3.921 0.0000000000
118693  -40.804  19.817  -4.100 0.0000000000
118685  -40.581  19.968  -3.039 0.0000000000
119638  -41.100  20.445  -2.589 0.0000000000
123634  -41.620  25.306  0.946 0.0000000000
123633  -40.359  25.260  0.893 0.0000000000
123631  -38.272  25.771  0.760 0.0000000000
123647  -38.907  25.244  0.452 0.0000000000
123646  -38.127  25.382  0.570 0.0000000000
122938  -37.902  25.068  0.585 0.0000000000
123645  -37.648  25.387  0.732 0.0000000000
122929  -37.047  25.168  1.262 0.0000000000
123630  -37.214  25.490  0.985 0.0000000000
123597  -37.326  26.217  2.193 0.0000000000
124341  -36.866  26.235  1.667 0.0000000000
124327  -36.521  26.392  2.175 0.0000000000
124326  -36.023  26.764  2.607 0.0000000000
112069  -44.347  12.799  8.974 0.0000000000
114044  -44.191  14.266  8.622 0.0000000000
112057  -43.524  12.798  10.194 0.0000000000
114032  -42.493  14.111  10.133 0.0000000000
114041  -41.600  14.557  9.288 0.0000000000
114055  -40.663  14.326  8.219 0.0000000000
114052  -37.658  14.613  9.077 0.0000000000
114053  -38.530  14.197  8.723 0.0000000000
115026  -37.118  15.260  8.478 0.0000000000
117626  -47.587  19.215  15.569 0.0000000000
117635  -46.745  19.325  14.771 0.0000000000
117645  -47.051  19.202  14.123 0.0000000000
119513  -47.251  20.473  10.429 0.0000000000
119500  -46.622  20.497  11.319 0.0000000000
120423  -45.607  21.439  9.700 0.0000000000
120424  -46.325  21.254  9.513 0.0000000000
120443  -48.203  20.810  8.417 0.0000000000
120457  -48.293  21.110  7.660 0.0000000000
122130  -46.585  23.065  5.237 0.0000000000
121319  -46.723  22.551  6.197 0.0000000000
121304  -46.043  22.445  7.116 0.0000000000
122142  -44.926  23.713  4.851 0.0000000000
122178  -45.235  23.361  1.868 0.0000000000
122177  -44.670  23.236  2.291 0.0000000000
121368  -44.506  22.943  1.644 0.0000000000
121376  -44.041  22.393  1.017 0.0000000000
121392  -44.587  22.387  -0.626 0.0000000000
121385  -44.854  22.923  0.079 0.0000000000
122199  -45.804  24.009  0.322 0.0000000000
122209  -44.985  23.771  -0.432 0.0000000000
122210  -45.251  24.301  -0.211 0.0000000000
122959  -44.262  24.230  -0.940 0.0000000000
122953  -44.627  24.552  -0.533 0.0000000000
123640  -47.241  25.081  1.838 0.0000000000
122933  -46.830  24.721  1.318 0.0000000000
123639  -46.716  25.385  1.635 0.0000000000
123653  -45.633  25.238  1.060 0.0000000000
123602  -43.342  26.171  3.388 0.0000000000
123586  -42.437  26.152  3.933 0.0000000000
108995  -41.884  9.540  -2.022 0.0000000000
112021  -39.352  11.947  15.696 0.0000000000
112022  -40.019  11.933  15.952 0.0000000000
112001  -40.845  12.257  17.605 0.0000000000
112013  -41.677  11.749  16.820 0.0000000000
112002  -42.092  11.918  17.559 0.0000000000
110900  -43.162  11.771  17.495 0.0000000000
112003  -42.559  11.997  18.035 0.0000000000
110850  -39.890  11.034  20.896 0.0000000000
110865  -39.559  11.124  20.141 0.0000000000
110851  -40.775  11.523  20.892 0.0000000000
111982  -42.690  12.447  20.315 0.0000000000
110867  -41.830  12.095  20.147 0.0000000000
110869  -43.428  12.548  19.548 0.0000000000
110884  -43.583  12.475  18.806 0.0000000000
111992  -43.820  12.739  18.831 0.0000000000
112988  -44.259  13.349  18.887 0.0000000000
111971  -44.217  13.138  20.193 0.0000000000
112971  -45.398  14.290  21.400 0.0000000000
112985  -45.295  14.263  20.761 0.0000000000
113960  -46.376  14.815  21.137 0.0000000000
115815  -46.104  16.272  19.968 0.0000000000
114927  -47.062  15.140  21.021 0.0000000000
116633  -44.103  17.416  19.912 0.0000000000
114926  -43.310  15.636  20.916 0.0000000000
115791  -44.260  16.098  21.126 0.0000000000
114904  -44.396  15.200  22.145 0.0000000000
115792  -44.772  16.109  21.533 0.0000000000
117543  -47.835  17.603  21.557 0.0000000000
115794  -47.022  16.343  22.060 0.0000000000
115796  -48.058  16.703  21.708 0.0000000000
116636  -48.018  16.765  20.496 0.0000000000
116652  -48.267  17.654  19.877 0.0000000000
117575  -48.281  18.231  18.756 0.0000000000
117562  -48.564  18.317  19.801 0.0000000000
119441  -49.044  19.710  18.197 0.0000000000
118490  -49.112  19.323  18.007 0.0000000000
118500  -49.098  19.497  16.971 0.0000000000
118513  -49.081  19.751  15.919 0.0000000000
119475  -49.449  20.176  15.568 0.0000000000
112079  -50.762  13.116  7.355 0.0000000000
109935  -50.125  11.579  8.093 0.0000000000
111006  -49.917  11.430  7.108 0.0000000000
109946  -49.054  10.737  6.556 0.0000000000
109933  -49.219  10.292  7.326 0.0000000000
108859  -49.880  9.976  11.172 0.0000000000
109893  -49.971  10.552  12.033 0.0000000000
108860  -50.224  10.533  10.875 0.0000000000
108869  -50.044  10.316  10.535 0.0000000000
109908  -49.894  10.458  9.695 0.0000000000
107950  -47.712  8.236  8.641 0.0000000000
107951  -48.827  8.992  8.560 0.0000000000
107964  -48.174  9.006  7.804 0.0000000000
107963  -47.183  8.898  7.679 0.0000000000
107962  -46.205  9.040  7.692 0.0000000000
107017  -45.140  7.834  8.510 0.0000000000
107947  -44.717  8.786  8.103 0.0000000000
107946  -43.728  8.825  8.327 0.0000000000
105945  -45.013  6.255  10.491 0.0000000000
105954  -45.252  6.763  9.721 0.0000000000
106999  -42.467  7.632  9.384 0.0000000000
107931  -42.369  8.762  8.929 0.0000000000
109905  -41.848  10.204  9.600 0.0000000000
108875  -41.183  9.516  9.643 0.0000000000
105874  -47.061  6.355  17.334 0.0000000000
103682  -44.282  4.786  19.590 0.0000000000
103668  -45.014  4.969  20.072 0.0000000000
104724  -45.389  5.569  20.360 0.0000000000
104723  -44.654  5.420  19.915 0.0000000000
104745  -41.519  5.382  18.463 0.0000000000
104746  -42.553  5.725  18.464 0.0000000000
105869  -43.102  6.031  18.033 0.0000000000
105859  -43.310  5.991  18.522 0.0000000000
105860  -44.081  6.147  18.577 0.0000000000
105850  -44.528  6.128  19.267 0.0000000000
105861  -44.837  6.280  18.643 0.0000000000
105862  -45.700  6.322  18.593 0.0000000000
104796  -44.422  5.255  15.926 0.0000000000
104779  -44.934  5.441  16.613 0.0000000000
104797  -45.180  5.433  15.733 0.0000000000
104807  -45.331  5.499  14.734 0.0000000000
104806  -44.669  5.201  15.089 0.0000000000
103740  -42.219  4.573  13.809 0.0000000000
104815  -42.817  4.695  13.551 0.0000000000
103749  -41.609  4.755  13.038 0.0000000000
104827  -41.194  5.241  12.461 0.0000000000
109876  -37.433  10.435  12.902 0.0000000000
109882  -37.757  10.086  12.398 0.0000000000
109877  -38.057  10.539  12.575 0.0000000000
110956  -38.496  10.703  12.500 0.0000000000
110947  -38.269  11.054  13.154 0.0000000000
110936  -38.750  11.579  14.184 0.0000000000
110935  -37.559  11.450  14.203 0.0000000000
110922  -36.546  11.476  15.114 0.0000000000
108831  -34.086  9.743  15.168 0.0000000000
109860  -34.612  10.380  15.324 0.0000000000
109859  -33.883  10.072  15.857 0.0000000000
109839  -35.656  10.596  18.672 0.0000000000
109840  -36.411  10.995  18.251 0.0000000000
109812  -36.578  10.446  20.148 0.0000000000
114190  -51.363  14.778  -0.063 0.0000000000
115107  -50.847  15.161  0.235 0.0000000000
115115  -48.260  15.406  -0.191 0.0000000000
115117  -49.500  15.169  -1.082 0.0000000000
114187  -48.645  15.161  -1.148 0.0000000000
113221  -49.127  14.176  -1.474 0.0000000000
114200  -48.716  14.677  -1.400 0.0000000000
112088  -44.717  12.740  6.725 0.0000000000
112089  -45.101  12.175  6.304 0.0000000000
114085  -44.909  14.517  6.025 0.0000000000
114095  -42.049  14.383  5.582 0.0000000000
114096  -42.708  14.861  5.341 0.0000000000
114111  -42.834  14.460  4.672 0.0000000000
114124  -43.849  14.895  3.341 0.0000000000
115064  -43.834  15.328  3.987 0.0000000000
114125  -44.326  15.371  3.200 0.0000000000
115087  -44.938  15.426  2.553 0.0000000000
115088  -45.596  15.315  2.174 0.0000000000
114157  -45.861  15.024  0.915 0.0000000000
113192  -45.339  14.245  0.089 0.0000000000
114172  -46.166  14.538  -0.321 0.0000000000
114184  -46.211  14.199  -1.217 0.0000000000
114198  -46.780  14.042  -1.519 0.0000000000
114197  -46.285  13.827  -1.481 0.0000000000
113218  -46.384  13.409  -1.557 0.0000000000
113217  -45.774  13.535  -1.454 0.0000000000
112202  -44.896  12.863  -2.102 0.0000000000
112201  -43.912  12.344  -3.027 0.0000000000
111095  -42.193  11.568  -0.149 0.0000000000
111096  -43.005  11.976  -0.338 0.0000000000
111122  -42.356  11.702  -2.458 0.0000000000
111137  -42.384  11.746  -3.331 0.0000000000
111138  -43.199  11.973  -3.557 0.0000000000
111152  -42.426  11.547  -3.788 0.0000000000
111151  -41.515  11.653  -3.638 0.0000000000
111149  -39.902  12.305  -3.532 0.0000000000
110042  -40.275  12.012  -3.727 0.0000000000
110030  -39.834  11.576  -3.462 0.0000000000
110029  -39.296  11.808  -3.237 0.0000000000
110927  -42.570  11.327  15.476 0.0000000000
110940  -43.199  11.245  15.068 0.0000000000
110941  -43.749  11.210  15.338 0.0000000000
113006  -41.164  13.605  15.460 0.0000000000
113015  -42.844  13.126  14.896 0.0000000000
113013  -40.745  13.615  14.522 0.0000000000
114014  -40.060  14.058  14.555 0.0000000000
115867  -41.131  16.175  16.075 0.0000000000
114989  -41.263  15.458  16.448 0.0000000000
116699  -40.625  16.876  14.992 0.0000000000
116710  -38.905  17.041  13.299 0.0000000000
116704  -39.501  16.843  13.945 0.0000000000
116709  -38.364  16.671  13.029 0.0000000000
114998  -38.116  15.512  13.128 0.0000000000
115875  -37.677  16.399  12.246 0.0000000000
115879  -37.298  16.461  11.609 0.0000000000
116718  -37.304  17.137  11.477 0.0000000000
117666  -37.312  18.223  9.318 0.0000000000
116729  -36.873  17.495  9.762 0.0000000000
116742  -37.135  17.201  7.554 0.0000000000
117682  -37.682  17.980  7.184 0.0000000000
118550  -45.202  19.716  13.802 0.0000000000
118540  -44.776  19.380  14.593 0.0000000000
118561  -44.497  19.908  12.954 0.0000000000
120403  -42.767  21.519  10.047 0.0000000000
119508  -41.923  21.172  10.426 0.0000000000
119495  -41.466  20.743  11.112 0.0000000000
119527  -41.266  21.223  10.056 0.0000000000
121330  -41.449  22.678  5.497 0.0000000000
121315  -42.132  23.094  6.422 0.0000000000
120467  -40.208  21.583  6.553 0.0000000000
121298  -40.321  22.137  7.144 0.0000000000
120452  -40.012  21.706  7.392 0.0000000000
119541  -40.294  21.224  9.039 0.0000000000
119552  -39.519  20.813  7.659 0.0000000000
118601  -39.283  20.357  8.188 0.0000000000
117695  -38.510  18.380  4.942 0.0000000000
118617  -38.645  19.027  6.180 0.0000000000
116749  -37.840  17.626  5.902 0.0000000000
115922  -37.931  16.602  4.391 0.0000000000
115085  -38.939  15.409  1.685 0.0000000000
115086  -39.285  15.840  1.021 0.0000000000
116784  -40.254  17.915  0.411 0.0000000000
114182  -39.041  14.377  -0.399 0.0000000000
113215  -39.071  13.293  -1.955 0.0000000000
114195  -38.711  14.407  -1.710 0.0000000000
111118  -38.394  11.897  -2.258 0.0000000000
116814  -38.753  17.649  -3.406 0.0000000000
116813  -37.962  17.500  -2.893 0.0000000000
116803  -36.901  17.543  -1.840 0.0000000000
120549  -44.039  21.291  -2.460 0.0000000000
121390  -41.807  22.495  -0.876 0.0000000000
120539  -42.122  21.492  -1.793 0.0000000000
120538  -41.263  21.149  -1.136 0.0000000000
119629  -40.846  20.606  -1.602 0.0000000000
122197  -40.526  23.514  0.048 0.0000000000
120523  -39.640  21.755  1.075 0.0000000000
119613  -39.745  20.652  0.511 0.0000000000
119612  -39.108  20.139  0.768 0.0000000000
118652  -38.780  19.838  0.858 0.0000000000
119605  -38.817  20.467  1.562 0.0000000000
118637  -36.968  19.269  2.446 0.0000000000
118622  -36.651  20.091  4.532 0.0000000000
119572  -36.451  20.647  4.990 0.0000000000
122161  -36.699  23.822  3.335 0.0000000000
122138  -35.641  23.492  4.930 0.0000000000
122139  -36.201  23.189  4.639 0.0000000000
124295  -39.304  26.510  5.314 0.0000000000
124310  -38.574  25.877  4.349 0.0000000000
124294  -38.085  26.308  5.184 0.0000000000
124293  -36.897  26.336  5.082 0.0000000000
110960  -42.699  11.717  13.142 0.0000000000
110961  -43.066  11.838  13.841 0.0000000000
121306  -50.399  21.548  7.721 0.0000000000
122120  -49.688  22.544  6.720 0.0000000000
122892  -48.425  24.216  5.606 0.0000000000
122891  -48.040  25.114  5.230 0.0000000000
111125  -46.149  11.660  -1.649 0.0000000000
112981  -36.225  13.020  19.842 0.0000000000
112967  -37.472  12.657  20.447 0.0000000000
106955  -48.383  7.500  14.324 0.0000000000
106954  -47.884  7.208  13.521 0.0000000000
105915  -46.456  6.304  13.351 0.0000000000
104818  -45.554  5.731  13.574 0.0000000000
105899  -35.027  6.939  14.797 0.0000000000
105888  -34.432  6.600  15.197 0.0000000000
109954  -48.512  11.177  5.844 0.0000000000
111030  -47.738  11.623  5.340 0.0000000000
112105  -47.083  12.057  5.105 0.0000000000
112104  -46.436  12.328  5.149 0.0000000000
113108  -38.400  13.585  5.642 0.0000000000
112115  -39.131  12.786  3.961 0.0000000000
112133  -39.597  12.622  3.432 0.0000000000
113145  -38.579  13.608  3.175 0.0000000000
114139  -38.401  14.246  2.811 0.0000000000
116648  -44.806  16.826  18.625 0.0000000000
116664  -44.252  17.050  17.975 0.0000000000
116687  -44.038  17.587  17.116 0.0000000000
118539  -43.642  19.175  14.412 0.0000000000
121366  -43.117  22.369  2.307 0.0000000000
120518  -42.764  21.633  1.429 0.0000000000
119616  -42.456  20.865  0.677 0.0000000000
119615  -41.960  20.250  0.208 0.0000000000
118662  -41.531  19.446  -0.038 0.0000000000
119622  -42.176  19.906  -0.625 0.0000000000
118686  -42.397  18.904  -2.767 0.0000000000
117773  -42.273  19.081  -3.602 0.0000000000
118687  -42.873  19.306  -2.933 0.0000000000
119649  -42.421  20.016  -3.891 0.0000000000
123617  -39.462  25.749  1.555 0.0000000000
123616  -38.135  26.076  1.344 0.0000000000
124342  -37.384  26.153  1.281 0.0000000000
112058  -43.951  12.804  9.632 0.0000000000
113048  -42.299  13.667  11.123 0.0000000000
113047  -41.239  13.828  11.207 0.0000000000
114030  -40.268  14.126  10.473 0.0000000000
114039  -39.382  14.243  9.515 0.0000000000
114029  -39.177  14.253  10.514 0.0000000000
114037  -37.682  14.902  10.045 0.0000000000
118543  -48.274  19.312  14.164 0.0000000000
118552  -47.239  19.388  13.472 0.0000000000
118564  -47.621  19.634  12.693 0.0000000000
119501  -47.682  20.182  11.228 0.0000000000
120482  -48.260  21.514  5.908 0.0000000000
120470  -47.690  21.670  6.678 0.0000000000
121332  -47.317  22.543  5.196 0.0000000000
122143  -45.958  23.487  4.621 0.0000000000
122153  -46.140  23.429  3.668 0.0000000000
122189  -45.321  23.472  0.964 0.0000000000
124354  -46.508  25.846  1.959 0.0000000000
124353  -46.003  26.130  2.107 0.0000000000
123621  -44.228  26.000  2.485 0.0000000000
108996  -42.828  9.595  -1.737 0.0000000000
109003  -41.796  10.148  -2.934 0.0000000000
112011  -39.162  12.048  16.721 0.0000000000
111999  -38.901  11.904  17.528 0.0000000000
112000  -39.545  12.043  17.799 0.0000000000
111989  -40.086  11.945  18.543 0.0000000000
110838  -40.742  11.926  21.274 0.0000000000
110839  -41.219  12.253  21.267 0.0000000000
111968  -42.294  12.429  20.903 0.0000000000
111969  -43.062  12.749  20.794 0.0000000000
111958  -44.088  13.355  20.909 0.0000000000
112958  -43.771  13.488  21.705 0.0000000000
112959  -44.431  13.725  21.634 0.0000000000
112960  -45.434  14.324  21.973 0.0000000000
117549  -45.169  17.430  20.433 0.0000000000
116623  -45.474  16.932  20.988 0.0000000000
116624  -46.258  17.365  21.194 0.0000000000
117551  -47.049  17.988  21.061 0.0000000000
117552  -48.072  18.258  21.182 0.0000000000
118469  -48.614  18.730  20.047 0.0000000000
118468  -48.265  18.759  20.414 0.0000000000
119429  -48.607  19.591  19.139 0.0000000000
112070  -50.632  13.079  8.373 0.0000000000
110997  -50.184  12.232  8.574 0.0000000000
109922  -49.970  11.400  8.650 0.0000000000
107924  -49.283  9.030  10.497 0.0000000000
107933  -48.617  8.166  9.680 0.0000000000
107932  -47.898  7.869  9.382 0.0000000000
107019  -46.824  7.805  8.821 0.0000000000
107018  -46.046  7.761  8.620 0.0000000000
105933  -43.432  6.083  10.822 0.0000000000
105943  -42.849  6.574  10.155 0.0000000000
106990  -42.214  6.991  9.976 0.0000000000
106998  -41.280  7.967  9.757 0.0000000000
107929  -40.969  8.642  9.672 0.0000000000
106997  -40.765  8.179  9.944 0.0000000000
104757  -42.524  5.730  17.770 0.0000000000
104758  -43.243  5.741  17.611 0.0000000000
104759  -43.944  5.747  17.491 0.0000000000
104777  -43.528  5.334  17.035 0.0000000000
104795  -43.726  5.171  16.316 0.0000000000
103725  -43.904  4.943  15.586 0.0000000000
103733  -43.529  4.556  15.007 0.0000000000
103732  -42.647  4.464  14.946 0.0000000000
103739  -41.094  4.642  13.590 0.0000000000
107904  -37.556  8.681  12.500 0.0000000000
108845  -36.967  10.019  12.948 0.0000000000
109875  -36.792  10.369  13.360 0.0000000000
109869  -36.434  10.562  13.892 0.0000000000
109862  -36.226  10.833  14.446 0.0000000000
109861  -35.609  10.802  14.985 0.0000000000
115092  -49.409  15.548  0.996 0.0000000000
115104  -47.850  15.413  0.550 0.0000000000
114059  -44.186  14.413  7.855 0.0000000000
114072  -44.395  14.747  7.026 0.0000000000
115028  -44.043  15.694  7.032 0.0000000000
115036  -43.967  15.663  6.385 0.0000000000
112119  -42.396  13.389  4.192 0.0000000000
113131  -42.942  14.131  4.325 0.0000000000
113163  -43.445  13.987  2.769 0.0000000000
114140  -44.047  14.465  2.389 0.0000000000
114156  -44.814  14.707  1.857 0.0000000000
113191  -44.687  13.707  0.416 0.0000000000
113203  -44.892  13.632  -0.470 0.0000000000
113216  -45.170  13.425  -1.217 0.0000000000
111093  -40.539  11.740  0.303 0.0000000000
111107  -41.410  11.572  -1.052 0.0000000000
112226  -40.410  12.430  -3.128 0.0000000000
112225  -40.067  12.589  -3.201 0.0000000000
110929  -43.895  11.343  16.062 0.0000000000
112023  -43.824  11.700  15.692 0.0000000000
113009  -43.744  12.518  16.062 0.0000000000
113001  -42.436  13.527  16.275 0.0000000000
114005  -40.942  14.120  16.166 0.0000000000
116712  -40.577  17.878  14.050 0.0000000000
116705  -40.135  17.120  14.462 0.0000000000
117641  -40.043  18.292  13.340 0.0000000000
117640  -39.313  17.880  13.120 0.0000000000
117649  -38.079  18.083  12.217 0.0000000000
117654  -37.535  17.867  11.389 0.0000000000
117655  -38.292  18.750  11.326 0.0000000000
117659  -38.058  18.874  10.033 0.0000000000
117667  -37.974  18.928  8.834 0.0000000000
119511  -45.034  21.179  10.890 0.0000000000
119498  -44.468  20.856  11.596 0.0000000000
120404  -43.711  21.551  10.217 0.0000000000
120421  -43.380  21.895  9.510 0.0000000000
120420  -42.470  21.825  9.432 0.0000000000
120499  -40.898  21.399  4.076 0.0000000000
120481  -40.857  22.004  5.529 0.0000000000
120490  -40.622  21.345  4.770 0.0000000000
120480  -40.419  21.340  5.686 0.0000000000
119574  -39.982  20.913  6.039 0.0000000000
119573  -39.456  20.283  5.730 0.0000000000
119582  -39.349  20.051  5.013 0.0000000000
117696  -38.959  18.881  4.417 0.0000000000
117703  -38.623  18.210  3.902 0.0000000000
116769  -38.539  17.308  3.258 0.0000000000
117711  -38.906  18.142  2.989 0.0000000000
116775  -38.813  17.362  2.186 0.0000000000
116782  -39.283  17.086  1.464 0.0000000000
116797  -40.343  17.329  -0.946 0.0000000000
115951  -39.875  16.680  -1.090 0.0000000000
114194  -37.863  14.330  -2.312 0.0000000000
114207  -37.118  15.208  -2.311 0.0000000000
117752  -38.092  18.316  -2.475 0.0000000000
122215  -43.464  23.302  -1.240 0.0000000000
121398  -43.292  22.519  -1.402 0.0000000000
121391  -42.437  22.784  -1.013 0.0000000000
121389  -40.962  22.639  -0.472 0.0000000000
122932  -39.408  23.973  0.721 0.0000000000
122196  -39.918  23.518  0.602 0.0000000000
121374  -39.481  22.696  1.517 0.0000000000
120516  -39.214  21.746  1.796 0.0000000000
120515  -38.837  21.396  2.308 0.0000000000
119597  -38.471  20.967  2.650 0.0000000000
118630  -37.354  20.284  3.453 0.0000000000
119588  -37.851  20.832  3.254 0.0000000000
122913  -35.794  25.082  3.033 0.0000000000
122160  -36.020  24.059  3.721 0.0000000000
122907  -35.444  24.359  3.938 0.0000000000
122897  -33.843  24.801  4.823 0.0000000000
110983  -42.574  11.094  9.964 0.0000000000
110977  -42.897  11.995  11.200 0.0000000000
112046  -42.867  12.494  11.786 0.0000000000
112045  -42.695  12.283  12.039 0.0000000000
113040  -41.881  13.455  12.056 0.0000000000
113029  -40.274  13.580  12.726 0.0000000000
119515  -49.028  19.770  10.359 0.0000000000
118591  -49.574  19.823  9.630 0.0000000000
118602  -49.712  19.916  9.119 0.0000000000
119553  -49.155  20.726  7.199 0.0000000000
120458  -50.037  21.211  7.259 0.0000000000
119566  -49.610  20.979  6.836 0.0000000000
120483  -48.943  21.346  5.781 0.0000000000
121345  -48.164  22.681  4.010 0.0000000000
122181  -47.620  23.907  2.129 0.0000000000
121369  -47.996  23.550  2.737 0.0000000000
122182  -47.919  24.156  2.578 0.0000000000
122915  -47.477  24.730  2.827 0.0000000000
122909  -48.087  24.447  3.591 0.0000000000
122908  -47.562  24.841  3.397 0.0000000000
123607  -47.243  25.292  3.124 0.0000000000
123606  -46.970  25.774  2.833 0.0000000000
124332  -46.547  26.363  3.342 0.0000000000
124318  -46.265  26.853  4.339 0.0000000000
110035  -44.321  10.628  -2.698 0.0000000000
109827  -37.756  10.412  19.833 0.0000000000
109828  -38.176  10.372  19.889 0.0000000000
109814  -38.145  10.391  20.140 0.0000000000
110849  -38.642  10.742  20.780 0.0000000000
110836  -39.492  11.210  21.247 0.0000000000
111966  -39.120  11.902  21.318 0.0000000000
111967  -39.592  12.502  21.427 0.0000000000
106971  -47.780  7.270  11.931 0.0000000000
106981  -47.480  7.365  11.115 0.0000000000
106980  -46.956  7.219  10.591 0.0000000000
105936  -46.672  6.967  11.266 0.0000000000
105934  -45.115  5.969  11.247 0.0000000000
105924  -45.855  6.228  12.408 0.0000000000
104843  -45.348  6.032  11.858 0.0000000000
104852  -44.573  5.925  10.925 0.0000000000
105931  -41.834  6.330  11.182 0.0000000000
103694  -41.365  4.629  18.642 0.0000000000
104744  -40.429  5.086  18.350 0.0000000000
104755  -40.447  5.448  17.724 0.0000000000
104774  -40.482  5.409  16.800 0.0000000000
107895  -35.792  8.625  13.838 0.0000000000
107889  -35.174  8.615  14.248 0.0000000000
107887  -33.760  8.733  15.043 0.0000000000
107881  -33.880  8.126  15.024 0.0000000000
114081  -41.328  14.111  6.512 0.0000000000
113094  -41.374  13.899  6.146 0.0000000000
112101  -41.550  13.469  5.065 0.0000000000
112086  -40.484  13.196  5.847 0.0000000000
112100  -41.020  13.235  5.288 0.0000000000
112118  -41.765  13.133  4.439 0.0000000000
112151  -42.385  12.250  2.081 0.0000000000
112165  -42.796  11.949  1.230 0.0000000000
111082  -42.097  11.603  1.026 0.0000000000
111081  -41.151  11.552  1.162 0.0000000000
111064  -40.000  11.995  2.345 0.0000000000
111080  -40.331  11.788  1.345 0.0000000000
111092  -39.925  12.163  0.494 0.0000000000
113991  -43.741  14.107  18.080 0.0000000000
113998  -42.859  14.133  17.454 0.0000000000
114976  -42.869  15.217  18.095 0.0000000000
115844  -42.161  16.112  17.277 0.0000000000
116684  -41.602  16.918  16.224 0.0000000000
116686  -43.142  17.457  16.678 0.0000000000
116701  -42.128  17.456  15.737 0.0000000000
116707  -41.836  17.517  15.083 0.0000000000
117642  -41.202  18.570  13.639 0.0000000000
118558  -40.575  19.577  12.281 0.0000000000
122127  -43.653  23.444  5.993 0.0000000000
121316  -43.287  23.114  6.722 0.0000000000
121331  -42.191  23.117  5.346 0.0000000000
120492  -41.799  22.189  4.162 0.0000000000
120509  -42.408  21.904  2.500 0.0000000000
120501  -42.080  22.081  3.420 0.0000000000
120500  -41.391  21.605  3.650 0.0000000000
119591  -40.916  21.220  3.589 0.0000000000
119598  -40.740  20.233  2.557 0.0000000000
118646  -40.551  19.484  2.097 0.0000000000
117713  -40.132  18.952  2.319 0.0000000000
117721  -40.398  18.826  1.508 0.0000000000
117729  -40.646  18.604  0.563 0.0000000000
116792  -40.550  18.045  -0.433 0.0000000000
117737  -41.521  18.944  -0.825 0.0000000000
117736  -41.081  18.743  -0.223 0.0000000000
116798  -40.571  17.815  -1.612 0.0000000000
115958  -40.250  17.335  -2.182 0.0000000000
115965  -39.521  17.019  -3.138 0.0000000000
115964  -38.609  16.852  -3.085 0.0000000000
115971  -39.698  17.531  -3.563 0.0000000000
116824  -39.452  17.847  -3.690 0.0000000000
117769  -39.826  18.237  -3.713 0.0000000000
117771  -41.184  19.241  -4.063 0.0000000000
117770  -40.404  18.790  -3.667 0.0000000000
117760  -39.269  18.459  -3.323 0.0000000000
118683  -39.396  18.869  -2.836 0.0000000000
118676  -39.838  19.648  -2.196 0.0000000000
122942  -41.284  24.226  -0.383 0.0000000000
122931  -38.795  24.263  0.796 0.0000000000
122187  -38.515  23.926  1.315 0.0000000000
122186  -37.927  24.083  1.610 0.0000000000
121363  -37.855  23.194  2.961 0.0000000000
122922  -37.485  24.411  1.679 0.0000000000
122921  -36.742  24.863  1.934 0.0000000000
124350  -37.064  26.038  1.144 0.0000000000
123614  -36.223  25.771  1.898 0.0000000000
122920  -36.013  25.504  2.271 0.0000000000
123613  -35.330  25.939  2.332 0.0000000000
123612  -34.940  26.174  2.655 0.0000000000
124338  -34.827  26.324  2.884 0.0000000000
109931  -45.880  10.614  6.963 0.0000000000
111016  -45.640  11.545  6.323 0.0000000000
111005  -45.232  11.189  6.979 0.0000000000
112078  -44.440  12.701  7.983 0.0000000000
114058  -43.743  14.765  8.099 0.0000000000
114057  -42.962  14.968  8.265 0.0000000000
113054  -43.635  13.510  9.765 0.0000000000
114033  -43.225  14.025  9.842 0.0000000000
113067  -39.891  13.814  7.897 0.0000000000
113079  -39.376  13.711  7.525 0.0000000000
114066  -38.746  13.932  7.728 0.0000000000
113078  -38.926  13.746  7.389 0.0000000000
114080  -38.175  14.120  7.171 0.0000000000
114079  -37.691  14.597  6.852 0.0000000000
115042  -37.367  15.344  6.367 0.0000000000
117605  -46.334  18.638  16.748 0.0000000000
117624  -45.390  18.990  15.975 0.0000000000
117625  -46.501  19.238  15.728 0.0000000000
118541  -46.021  19.357  14.499 0.0000000000
118562  -45.605  19.826  12.959 0.0000000000
118563  -46.644  19.680  12.839 0.0000000000
119489  -46.107  20.368  12.260 0.0000000000
119499  -45.551  20.820  11.512 0.0000000000
120406  -45.362  21.287  10.352 0.0000000000
119531  -48.835  19.990  9.727 0.0000000000
119530  -48.074  20.486  9.658 0.0000000000
119542  -47.191  21.052  8.953 0.0000000000
120456  -47.154  21.572  7.773 0.0000000000
120441  -46.492  21.419  8.815 0.0000000000
120455  -46.071  22.119  7.931 0.0000000000
121303  -45.110  22.516  7.621 0.0000000000
121317  -44.357  23.089  6.770 0.0000000000
122128  -44.691  23.573  5.899 0.0000000000
122152  -45.128  23.574  3.824 0.0000000000
122163  -44.395  23.412  2.987 0.0000000000
121375  -43.459  22.192  1.556 0.0000000000
120526  -43.768  21.878  -0.003 0.0000000000
120533  -44.319  21.632  -1.061 0.0000000000
120534  -44.527  22.199  -1.180 0.0000000000
120542  -44.420  22.557  -1.298 0.0000000000
121400  -44.491  23.295  -1.056 0.0000000000
122216  -43.976  23.757  -1.234 0.0000000000
122952  -43.568  24.423  -0.895 0.0000000000
123659  -42.637  24.764  -0.481 0.0000000000
122200  -46.204  24.377  0.807 0.0000000000
122944  -45.382  24.649  0.260 0.0000000000
123638  -46.094  25.678  1.575 0.0000000000
122943  -44.797  24.981  -0.023 0.0000000000
123661  -44.316  25.200  -0.112 0.0000000000
123650  -42.592  25.268  0.155 0.0000000000
123619  -41.912  25.490  2.015 0.0000000000
110937  -39.972  11.413  14.294 0.0000000000
110938  -41.174  11.318  14.471 0.0000000000
110926  -41.484  11.416  15.253 0.0000000000
110913  -41.642  11.624  16.006 0.0000000000
110914  -42.617  11.454  16.314 0.0000000000
110915  -43.430  11.444  16.520 0.0000000000
110916  -43.881  11.760  16.937 0.0000000000
112004  -44.232  12.198  17.442 0.0000000000
110880  -39.398  11.348  19.192 0.0000000000
110881  -40.355  11.646  19.371 0.0000000000
110882  -41.459  11.913  19.288 0.0000000000
111991  -42.031  12.047  18.437 0.0000000000
112005  -44.315  12.233  17.981 0.0000000000
112996  -44.191  12.611  18.079 0.0000000000
112987  -44.142  13.378  18.289 0.0000000000
113992  -44.358  14.195  18.713 0.0000000000
114962  -44.648  14.997  19.197 0.0000000000
112984  -44.668  13.729  19.990 0.0000000000
115829  -44.753  16.069  19.234 0.0000000000
115830  -45.465  16.343  19.490 0.0000000000
116649  -45.629  16.961  19.164 0.0000000000
116650  -46.670  17.385  19.116 0.0000000000
113947  -43.955  15.021  22.049 0.0000000000
113936  -45.288  14.757  22.350 0.0000000000
113937  -46.162  14.828  22.186 0.0000000000
115793  -45.837  16.269  21.866 0.0000000000
115785  -47.093  15.763  22.339 0.0000000000
113938  -47.227  14.857  22.177 0.0000000000
115804  -47.858  15.807  21.027 0.0000000000
116635  -47.066  16.849  19.952 0.0000000000
117574  -47.188  17.873  18.537 0.0000000000
117586  -47.340  18.463  17.665 0.0000000000
117607  -48.244  19.157  16.336 0.0000000000
117563  -48.797  18.726  18.966 0.0000000000
118499  -48.747  19.151  16.904 0.0000000000
117627  -48.509  19.188  15.364 0.0000000000
117628  -49.087  19.099  14.986 0.0000000000
117638  -49.132  19.277  14.530 0.0000000000
118555  -49.442  19.886  12.911 0.0000000000
119482  -49.612  20.145  14.643 0.0000000000
111020  -49.857  11.837  6.390 0.0000000000
111019  -49.224  11.383  6.068 0.0000000000
108912  -47.356  10.186  6.736 0.0000000000
109909  -50.024  11.250  9.478 0.0000000000
109921  -49.735  10.582  8.849 0.0000000000
107952  -49.280  9.409  8.897 0.0000000000
108890  -49.366  9.838  8.402 0.0000000000
108903  -49.253  10.000  7.741 0.0000000000
108902  -48.653  9.797  7.411 0.0000000000
108901  -47.690  9.611  7.241 0.0000000000
108899  -45.708  9.834  7.467 0.0000000000
108898  -44.900  9.759  7.721 0.0000000000
109918  -43.116  10.277  8.838 0.0000000000
105955  -46.027  6.929  9.767 0.0000000000
107001  -44.673  7.254  9.058 0.0000000000
107000  -43.699  7.406  9.165 0.0000000000
107015  -43.274  8.147  8.775 0.0000000000
107945  -42.987  8.871  8.614 0.0000000000
108886  -42.688  9.625  8.801 0.0000000000
109900  -42.137  10.749  9.941 0.0000000000
110975  -41.051  10.991  10.833 0.0000000000
110967  -40.176  11.036  11.374 0.0000000000
105881  -47.312  6.427  16.246 0.0000000000
104725  -46.440  5.671  20.735 0.0000000000
105839  -45.813  6.272  20.297 0.0000000000
103680  -42.061  4.960  18.803 0.0000000000
104736  -43.278  5.504  19.134 0.0000000000
105848  -43.361  5.848  18.928 0.0000000000
105837  -44.400  5.817  19.570 0.0000000000
105852  -46.213  6.517  19.454 0.0000000000
105873  -46.080  5.936  17.530 0.0000000000
104760  -44.673  5.688  17.364 0.0000000000
104761  -45.339  5.648  17.219 0.0000000000
105880  -46.545  5.899  16.444 0.0000000000
105892  -46.703  6.147  15.413 0.0000000000
104808  -46.113  5.864  14.601 0.0000000000
103742  -43.776  4.760  14.307 0.0000000000
104816  -43.387  4.861  13.540 0.0000000000
104839  -41.565  5.731  11.821 0.0000000000
105930  -40.748  6.633  11.340 0.0000000000
104805  -40.037  4.838  14.188 0.0000000000
103738  -40.502  4.709  13.876 0.0000000000
104813  -40.246  5.177  13.287 0.0000000000
104825  -39.879  5.808  12.900 0.0000000000
104826  -40.351  5.773  12.530 0.0000000000
105923  -40.271  6.420  12.001 0.0000000000
105929  -39.955  6.893  11.688 0.0000000000
106979  -40.079  7.197  11.230 0.0000000000
110924  -39.192  11.682  15.032 0.0000000000
112020  -38.801  12.003  15.468 0.0000000000
110896  -37.844  11.567  17.918 0.0000000000
110877  -37.236  11.146  18.600 0.0000000000
109867  -35.137  10.141  14.523 0.0000000000
109849  -36.311  11.208  17.588 0.0000000000
110847  -36.330  10.884  20.342 0.0000000000
109811  -35.683  10.524  20.109 0.0000000000
110846  -35.562  10.953  20.336 0.0000000000
111980  -35.756  11.921  20.091 0.0000000000
113194  -50.791  13.728  -0.203 0.0000000000
115106  -49.894  15.355  -0.100 0.0000000000
114188  -50.246  14.820  -0.838 0.0000000000
113206  -49.694  13.753  -0.952 0.0000000000
112206  -48.430  12.959  -1.267 0.0000000000
112103  -45.386  12.784  5.641 0.0000000000
112120  -45.609  13.467  5.047 0.0000000000
113095  -44.738  14.003  6.390 0.0000000000
113096  -45.009  14.240  5.838 0.0000000000
114083  -42.738  15.296  6.416 0.0000000000
115043  -43.124  15.382  5.925 0.0000000000
115044  -43.670  15.511  5.521 0.0000000000
114112  -43.342  14.833  4.371 0.0000000000
115066  -45.361  15.406  4.020 0.0000000000
115076  -46.149  15.133  2.811 0.0000000000
115089  -46.555  15.395  1.678 0.0000000000
115103  -47.113  15.413  0.983 0.0000000000
114173  -47.058  15.073  0.151 0.0000000000
114199  -47.693  14.286  -1.387 0.0000000000
112205  -47.558  12.758  -1.387 0.0000000000
112204  -46.403  12.621  -1.625 0.0000000000
112218  -45.934  12.156  -2.006 0.0000000000
112217  -45.479  12.350  -2.273 0.0000000000
111139  -44.301  11.428  -3.381 0.0000000000
110047  -43.907  10.924  -3.585 0.0000000000
111108  -42.285  11.665  -1.311 0.0000000000
111153  -43.338  11.639  -3.918 0.0000000000
110046  -43.281  10.991  -3.903 0.0000000000
110033  -42.547  10.553  -3.492 0.0000000000
110032  -41.709  10.674  -3.626 0.0000000000
109002  -41.236  10.307  -3.170 0.0000000000
110043  -40.750  11.666  -3.803 0.0000000000
110021  -40.331  10.267  -2.696 0.0000000000
110951  -42.796  11.564  14.270 0.0000000000
112033  -43.256  12.135  14.024 0.0000000000
112028  -43.418  11.840  14.937 0.0000000000
113023  -43.244  12.630  14.379 0.0000000000
113022  -42.662  13.248  14.000 0.0000000000
113021  -41.644  13.437  13.774 0.0000000000
113020  -40.606  13.569  13.583 0.0000000000
114017  -38.909  14.277  13.235 0.0000000000
114985  -41.598  15.053  16.963 0.0000000000
114984  -41.231  14.750  16.478 0.0000000000
114987  -39.973  15.281  15.291 0.0000000000
115870  -40.113  16.494  14.904 0.0000000000
115865  -39.834  15.941  15.041 0.0000000000
114009  -39.631  14.829  14.971 0.0000000000
114012  -38.833  14.984  14.052 0.0000000000
114016  -38.602  14.884  13.606 0.0000000000
114019  -38.242  14.751  12.800 0.0000000000
114022  -37.587  15.230  11.392 0.0000000000
115005  -37.220  15.517  11.138 0.0000000000
115889  -36.613  16.283  10.204 0.0000000000
116721  -36.931  17.238  10.696 0.0000000000
116728  -36.556  16.895  10.023 0.0000000000
115898  -36.836  16.187  9.047 0.0000000000
115904  -36.879  16.230  7.989 0.0000000000
115909  -37.108  16.249  6.919 0.0000000000
115915  -37.346  16.236  5.913 0.0000000000
118529  -44.817  19.094  15.301 0.0000000000
117633  -44.184  18.870  14.928 0.0000000000
119497  -43.429  20.735  11.496 0.0000000000
119486  -42.946  20.416  12.138 0.0000000000
118548  -42.765  19.499  13.671 0.0000000000
118559  -41.868  20.041  12.479 0.0000000000
118571  -40.713  20.308  11.377 0.0000000000
118579  -40.382  20.548  10.634 0.0000000000
121301  -42.865  22.752  7.382 0.0000000000
121286  -42.470  22.435  8.075 0.0000000000
120437  -42.014  22.159  8.771 0.0000000000
121314  -41.065  22.609  6.409 0.0000000000
121284  -41.052  22.252  7.928 0.0000000000
120436  -41.087  22.043  8.534 0.0000000000
120418  -40.758  21.585  9.062 0.0000000000
119506  -40.275  20.791  10.195 0.0000000000
118578  -39.702  20.155  10.344 0.0000000000
118590  -39.319  20.269  9.077 0.0000000000
118600  -38.709  19.644  8.262 0.0000000000
117675  -37.991  18.842  7.700 0.0000000000
118618  -38.999  19.877  6.396 0.0000000000
118610  -38.539  19.405  7.099 0.0000000000
117689  -37.922  17.919  6.443 0.0000000000
116754  -37.593  17.025  5.526 0.0000000000
115921  -37.621  16.241  4.961 0.0000000000
115928  -37.843  15.995  4.264 0.0000000000
115063  -37.879  15.368  3.843 0.0000000000
115073  -38.313  15.214  2.866 0.0000000000
113201  -39.254  13.758  -0.322 0.0000000000
117720  -39.740  18.337  1.766 0.0000000000
115940  -39.542  16.486  0.936 0.0000000000
115946  -39.711  16.588  0.020 0.0000000000
115101  -38.951  15.239  0.447 0.0000000000
113202  -39.294  13.330  -0.901 0.0000000000
112213  -39.484  12.770  -2.624 0.0000000000
112212  -39.222  12.593  -2.902 0.0000000000
113227  -38.982  13.003  -2.538 0.0000000000
111133  -39.006  12.136  -3.025 0.0000000000
115963  -37.647  16.630  -2.537 0.0000000000
116804  -37.445  17.799  -2.350 0.0000000000
115962  -37.025  16.892  -2.212 0.0000000000
119641  -43.847  21.193  -2.529 0.0000000000
120548  -43.627  21.075  -2.565 0.0000000000
119639  -42.063  20.539  -2.866 0.0000000000
118668  -40.393  20.339  -1.265 0.0000000000
118667  -39.859  19.981  -0.955 0.0000000000
122949  -41.295  23.876  -0.549 0.0000000000
122205  -41.127  23.386  -0.528 0.0000000000
120530  -40.775  21.683  -0.301 0.0000000000
119614  -40.465  21.103  0.157 0.0000000000
118660  -39.633  20.153  -0.151 0.0000000000
118650  -37.116  19.032  0.918 0.0000000000
119604  -38.108  19.894  1.703 0.0000000000
118644  -37.073  19.117  1.478 0.0000000000
118629  -36.849  19.641  3.728 0.0000000000
118628  -36.308  19.022  4.067 0.0000000000
121353  -37.501  22.831  3.431 0.0000000000
120496  -36.763  21.971  4.121 0.0000000000
122149  -36.399  23.370  4.088 0.0000000000
121340  -36.513  22.575  4.434 0.0000000000
120488  -36.561  21.610  4.680 0.0000000000
121327  -34.479  22.604  5.728 0.0000000000
124317  -45.870  27.059  4.081 0.0000000000
124328  -43.293  26.572  3.970 0.0000000000
124314  -42.768  26.670  4.361 0.0000000000
124313  -41.779  26.522  4.601 0.0000000000
124312  -40.771  26.178  4.524 0.0000000000
124296  -40.240  26.587  5.147 0.0000000000
123581  -36.858  26.441  3.030 0.0000000000
124325  -35.188  26.628  3.130 0.0000000000
103667  -44.644  5.060  19.919 0.0000000000
103695  -42.336  4.327  18.658 0.0000000000
103716  -42.491  4.951  16.502 0.0000000000
103734  -44.187  4.828  14.891 0.0000000000
104734  -41.915  5.278  18.674 0.0000000000
104747  -43.114  5.801  18.785 0.0000000000
104794  -43.211  5.105  16.611 0.0000000000
104814  -40.755  5.089  12.885 0.0000000000
104851  -44.055  5.823  11.031 0.0000000000
105870  -43.642  6.183  17.996 0.0000000000
105894  -48.093  6.803  14.975 0.0000000000
105947  -46.474  6.985  10.319 0.0000000000
105956  -46.451  7.081  9.839 0.0000000000
107922  -40.482  8.563  10.013 0.0000000000
108836  -34.001  9.183  14.869 0.0000000000
108850  -37.205  9.587  12.629 0.0000000000
108874  -40.686  9.037  9.765 0.0000000000
108889  -48.975  9.546  7.999 0.0000000000
108911  -46.861  10.289  6.777 0.0000000000
109810  -35.220  10.587  20.125 0.0000000000
109901  -49.995  10.382  10.173 0.0000000000
109943  -46.272  10.909  6.499 0.0000000000
109955  -48.938  11.263  5.975 0.0000000000
110863  -38.111  10.737  19.542 0.0000000000
110868  -42.958  12.346  19.629 0.0000000000
110885  -43.844  12.505  18.386 0.0000000000
110898  -39.122  11.546  18.571 0.0000000000
110899  -42.770  11.595  16.932 0.0000000000
110902  -44.075  12.350  18.130 0.0000000000
110945  -36.780  10.777  13.718 0.0000000000
111029  -46.810  11.665  5.469 0.0000000000
111050  -40.258  12.263  2.871 0.0000000000
111066  -41.653  11.756  1.799 0.0000000000
111119  -40.109  11.948  -1.399 0.0000000000
111124  -45.426  11.214  -1.945 0.0000000000
111134  -39.457  12.064  -3.394 0.0000000000
111154  -43.881  11.489  -3.932 0.0000000000
111947  -43.208  13.352  21.861 0.0000000000
111948  -43.416  13.368  21.723 0.0000000000
111952  -39.685  11.602  21.426 0.0000000000
111953  -40.062  12.196  21.527 0.0000000000
111955  -41.802  12.641  21.373 0.0000000000
111957  -43.586  13.239  21.312 0.0000000000
111963  -36.095  11.332  20.356 0.0000000000
111981  -36.369  12.338  20.154 0.0000000000
111983  -43.290  12.585  20.072 0.0000000000
111984  -43.769  12.716  19.618 0.0000000000
111985  -44.057  13.027  19.305 0.0000000000
112137  -43.068  13.536  3.071 0.0000000000
112148  -39.477  12.641  2.619 0.0000000000
112149  -39.955  12.424  2.930 0.0000000000
112163  -38.999  13.376  2.028 0.0000000000
112215  -43.801  12.149  -3.750 0.0000000000
112224  -39.650  12.560  -3.170 0.0000000000
112228  -44.182  11.810  -3.803 0.0000000000
112946  -42.293  13.607  21.865 0.0000000000
112949  -44.780  14.170  22.171 0.0000000000
112950  -45.410  14.507  22.197 0.0000000000
112955  -40.580  13.054  21.545 0.0000000000
112966  -36.769  12.637  20.199 0.0000000000
112994  -43.612  13.306  17.226 0.0000000000
112995  -44.051  13.049  17.636 0.0000000000
113000  -41.653  13.672  16.108 0.0000000000
113007  -42.199  13.412  15.522 0.0000000000
113012  -40.031  13.842  14.115 0.0000000000
113016  -43.408  12.447  15.260 0.0000000000
113028  -39.396  13.826  12.616 0.0000000000
113066  -39.585  13.823  7.914 0.0000000000
113110  -41.133  13.571  5.868 0.0000000000
113111  -41.625  13.847  5.561 0.0000000000
113112  -42.094  14.175  5.208 0.0000000000
113113  -45.018  13.691  5.824 0.0000000000
113114  -45.258  13.976  5.291 0.0000000000
113127  -38.560  13.375  4.292 0.0000000000
113128  -39.118  12.878  4.412 0.0000000000
113129  -41.868  13.709  4.982 0.0000000000
113146  -42.752  13.633  4.102 0.0000000000
113190  -39.402  13.278  0.083 0.0000000000
113205  -48.905  13.293  -1.204 0.0000000000
113207  -50.743  14.377  -0.423 0.0000000000
113208  -51.159  14.603  -0.171 0.0000000000
113933  -42.590  13.843  22.026 0.0000000000
113939  -47.870  14.908  22.126 0.0000000000
113946  -43.376  14.738  21.856 0.0000000000
113949  -47.462  14.892  21.715 0.0000000000
113950  -48.011  14.911  21.936 0.0000000000
113961  -47.208  15.024  21.294 0.0000000000
113979  -45.502  14.624  20.318 0.0000000000
113990  -43.195  14.563  18.006 0.0000000000
113997  -42.023  14.605  17.272 0.0000000000
114013  -39.366  14.528  14.275 0.0000000000
114020  -38.738  14.224  12.323 0.0000000000
114023  -38.058  14.807  11.730 0.0000000000
114067  -39.197  13.855  7.858 0.0000000000
114122  -37.772  14.891  4.214 0.0000000000
114155  -44.171  14.210  1.802 0.0000000000
114159  -47.463  15.194  2.160 0.0000000000
114174  -47.785  15.274  -0.096 0.0000000000
114175  -50.654  15.017  -0.260 0.0000000000
114176  -51.201  14.966  -0.023 0.0000000000
114183  -39.231  13.878  -0.752 0.0000000000
114905  -45.037  15.227  22.390 0.0000000000
114906  -46.081  15.451  22.344 0.0000000000
114907  -47.062  15.241  22.363 0.0000000000
114908  -47.744  15.266  22.261 0.0000000000
114916  -44.911  15.638  22.002 0.0000000000
114918  -48.015  15.043  21.707 0.0000000000
114928  -47.688  15.328  21.248 0.0000000000
114929  -48.035  15.368  21.609 0.0000000000
114942  -46.483  15.324  20.541 0.0000000000
114943  -47.210  15.388  20.871 0.0000000000
114977  -43.357  15.361  18.420 0.0000000000
114988  -40.674  15.156  15.938 0.0000000000
114991  -39.035  15.192  14.258 0.0000000000
114992  -39.401  15.375  14.730 0.0000000000
114994  -38.750  15.503  13.775 0.0000000000
114997  -37.818  15.836  12.502 0.0000000000
115000  -37.108  15.962  11.361 0.0000000000
115001  -37.558  15.673  11.803 0.0000000000
115004  -36.797  15.929  10.939 0.0000000000
115011  -36.694  16.041  10.555 0.0000000000
115012  -37.016  15.579  10.363 0.0000000000
115027  -43.739  15.670  6.807 0.0000000000
115029  -44.235  15.349  7.082 0.0000000000
115037  -44.311  15.354  6.615 0.0000000000
115074  -44.664  15.575  3.040 0.0000000000
115116  -48.875  15.428  -0.712 0.0000000000
115124  -49.003  15.171  -1.276 0.0000000000
115125  -49.192  14.964  -1.373 0.0000000000
115784  -46.532  15.989  22.325 0.0000000000
115786  -47.544  15.550  22.296 0.0000000000
115795  -47.884  16.119  22.032 0.0000000000
115803  -45.172  16.463  21.364 0.0000000000
115805  -47.995  16.100  21.365 0.0000000000
115806  -48.071  16.475  21.647 0.0000000000
115814  -45.424  16.009  19.621 0.0000000000
115817  -47.904  16.115  20.899 0.0000000000
115846  -43.450  16.137  18.350 0.0000000000
115847  -44.219  16.441  18.618 0.0000000000
115862  -41.743  16.139  16.808 0.0000000000
115863  -42.294  16.542  17.070 0.0000000000
115869  -39.585  16.256  14.458 0.0000000000
115872  -38.495  16.214  13.354 0.0000000000
115873  -39.105  16.237  13.803 0.0000000000
115876  -38.021  16.300  12.854 0.0000000000
115878  -36.937  16.321  11.184 0.0000000000
115882  -36.992  16.750  11.164 0.0000000000
115890  -36.751  15.925  9.725 0.0000000000
115897  -36.639  16.438  9.660 0.0000000000
116615  -46.114  16.903  21.421 0.0000000000
116617  -47.602  16.908  21.725 0.0000000000
116618  -48.069  17.005  21.680 0.0000000000
116621  -43.898  17.027  20.110 0.0000000000
116622  -44.546  17.072  20.351 0.0000000000
116625  -48.335  16.805  20.983 0.0000000000
116626  -48.288  17.027  21.322 0.0000000000
116634  -46.355  16.939  19.605 0.0000000000
116637  -48.371  17.458  20.605 0.0000000000
116685  -42.295  17.097  16.566 0.0000000000
116688  -44.776  17.651  17.496 0.0000000000
116702  -42.737  17.585  16.112 0.0000000000
116706  -41.144  17.489  14.675 0.0000000000
116714  -37.549  16.933  12.008 0.0000000000
116716  -38.690  17.787  12.765 0.0000000000
116720  -36.660  16.744  10.424 0.0000000000
116735  -36.665  16.880  9.413 0.0000000000
116755  -37.977  17.657  5.209 0.0000000000
116776  -39.316  17.697  1.693 0.0000000000
116805  -40.111  17.211  -2.774 0.0000000000
116816  -41.005  18.164  -3.433 0.0000000000
116826  -40.937  18.662  -3.822 0.0000000000
116827  -41.334  19.000  -3.923 0.0000000000
117542  -47.404  17.420  21.537 0.0000000000
117544  -48.231  17.622  21.379 0.0000000000
117550  -45.826  17.706  20.618 0.0000000000
117571  -43.680  18.237  19.095 0.0000000000
117573  -46.544  17.730  18.479 0.0000000000
117576  -48.904  18.806  18.246 0.0000000000
117584  -45.308  17.848  17.541 0.0000000000
117588  -49.017  19.004  17.515 0.0000000000
117602  -43.155  17.765  16.134 0.0000000000
117621  -42.316  17.701  15.178 0.0000000000
117630  -41.279  18.022  14.240 0.0000000000
117634  -46.439  19.345  14.474 0.0000000000
117637  -48.676  19.175  14.616 0.0000000000
117644  -46.530  19.291  14.261 0.0000000000
117646  -47.711  19.311  13.990 0.0000000000
117648  -37.630  17.475  11.988 0.0000000000
117683  -38.206  18.563  6.752 0.0000000000
117742  -37.825  18.554  -1.318 0.0000000000
117761  -40.017  18.900  -3.466 0.0000000000
117764  -42.500  19.114  -3.410 0.0000000000
117772  -41.833  19.128  -3.855 0.0000000000
118476  -48.465  19.285  19.691 0.0000000000
118478  -48.996  19.079  18.646 0.0000000000
118489  -48.942  19.455  18.532 0.0000000000
118531  -46.252  19.395  15.001 0.0000000000
118532  -49.033  19.318  15.451 0.0000000000
118542  -46.346  19.384  14.745 0.0000000000
118544  -48.823  19.311  13.989 0.0000000000
118545  -49.344  19.650  13.991 0.0000000000
118560  -43.322  19.997  12.887 0.0000000000
118565  -48.546  19.630  12.444 0.0000000000
118566  -49.232  19.703  12.243 0.0000000000
118569  -38.916  19.170  11.327 0.0000000000
118572  -41.578  20.434  11.605 0.0000000000
118573  -48.913  19.628  11.788 0.0000000000
118592  -50.100  19.930  9.510 0.0000000000
118603  -49.940  19.883  9.294 0.0000000000
118623  -38.624  18.760  5.584 0.0000000000
118675  -39.396  19.157  -2.424 0.0000000000
118678  -42.237  19.192  -2.187 0.0000000000
118684  -39.997  19.220  -3.148 0.0000000000
118695  -42.472  19.557  -3.655 0.0000000000
119427  -47.784  20.190  19.132 0.0000000000
119439  -48.067  20.676  18.736 0.0000000000
119460  -49.196  20.244  16.582 0.0000000000
119487  -43.927  20.331  12.202 0.0000000000
119492  -48.567  19.704  11.823 0.0000000000
119503  -49.154  19.776  10.807 0.0000000000
119510  -44.038  21.178  10.900 0.0000000000
119525  -39.948  20.823  9.515 0.0000000000
119526  -40.688  21.211  9.729 0.0000000000
119528  -46.241  21.164  9.844 0.0000000000
119543  -47.820  20.741  8.939 0.0000000000
119564  -39.929  21.149  6.533 0.0000000000
119565  -49.258  20.835  6.267 0.0000000000
119576  -49.578  21.029  6.189 0.0000000000
119580  -36.883  20.648  4.413 0.0000000000
119620  -39.938  20.325  -0.256 0.0000000000
120405  -44.701  21.463  10.300 0.0000000000
120419  -41.549  21.589  9.493 0.0000000000
120434  -39.789  21.328  7.844 0.0000000000
120435  -40.292  21.606  8.334 0.0000000000
120451  -39.754  21.206  7.282 0.0000000000
120454  -45.466  22.245  8.079 0.0000000000
120459  -50.427  21.242  7.885 0.0000000000
120466  -39.868  21.321  6.867 0.0000000000
120472  -49.837  21.398  6.526 0.0000000000
120547  -42.932  21.027  -2.606 0.0000000000
121285  -41.587  22.334  7.996 0.0000000000
121291  -50.439  21.578  7.977 0.0000000000
121299  -40.949  22.423  7.336 0.0000000000
121313  -40.543  22.217  6.704 0.0000000000
121321  -49.338  22.311  5.718 0.0000000000
121335  -49.403  21.882  5.679 0.0000000000
121341  -41.795  22.581  4.774 0.0000000000
121370  -48.081  23.823  2.699 0.0000000000
122132  -49.505  22.458  6.292 0.0000000000
122150  -43.249  23.382  4.462 0.0000000000
122168  -48.226  24.035  3.080 0.0000000000
122173  -37.034  24.200  2.686 0.0000000000
122174  -37.677  23.883  2.323 0.0000000000
122188  -39.341  23.563  1.108 0.0000000000
122207  -42.668  23.460  -0.970 0.0000000000
122899  -35.522  23.997  4.482 0.0000000000
122923  -47.548  24.542  2.195 0.0000000000
122924  -47.720  24.424  2.643 0.0000000000
122934  -47.299  24.674  1.703 0.0000000000
122960  -44.476  24.262  -0.795 0.0000000000
123573  -47.904  25.036  4.465 0.0000000000
123604  -45.216  26.599  3.282 0.0000000000
123605  -45.565  26.543  3.238 0.0000000000
123625  -47.254  25.171  2.507 0.0000000000
123654  -46.303  25.156  1.277 0.0000000000
124315  -43.491  26.999  4.273 0.0000000000
124349  -36.606  26.039  1.640 0.0000000000
124351  -37.648  26.057  0.942 0.0000000000
124352  -45.595  26.202  2.391 0.0000000000
124359  -37.443  25.817  0.860 0.0000000000
125034  -45.600  27.225  4.330 0.0000000000
125035  -45.932  27.092  4.579 0.0000000000
