#!ascii label  , from subject ernie vox2ras=TkReg
2178
70188  -36.677  -24.787  46.755 0.0000000000
84610  -49.055  -12.943  24.653 0.0000000000
81085  -37.945  -14.872  39.076 0.0000000000
56990  -8.302  -36.004  43.603 0.0000000000
56979  -24.385  -33.976  45.386 0.0000000000
65475  -5.454  -29.451  51.297 0.0000000000
61601  -6.520  -30.399  55.494 0.0000000000
79997  -44.254  -14.629  31.513 0.0000000000
69121  -10.612  -26.233  43.306 0.0000000000
55669  -5.770  -38.632  52.667 0.0000000000
73952  -36.372  -24.134  40.556 0.0000000000
65609  -34.005  -27.530  43.266 0.0000000000
64192  -30.682  -28.006  48.111 0.0000000000
89063  -51.732  -8.976  23.019 0.0000000000
82271  -41.337  -13.250  35.153 0.0000000000
57010  -18.809  -33.608  42.364 0.0000000000
69083  -3.815  -26.087  45.208 0.0000000000
59136  -3.967  -33.464  46.840 0.0000000000
64209  -2.813  -31.003  44.081 0.0000000000
59269  -6.373  -34.356  39.391 0.0000000000
53493  -12.824  -37.496  54.633 0.0000000000
55641  -10.226  -37.482  56.474 0.0000000000
81055  -35.248  -15.094  41.321 0.0000000000
62886  -28.507  -29.890  50.742 0.0000000000
62963  -24.917  -30.514  43.836 0.0000000000
64119  -4.100  -30.897  53.748 0.0000000000
60399  -7.860  -33.387  48.995 0.0000000000
84575  -46.092  -13.570  28.054 0.0000000000
54584  -14.566  -36.701  52.119 0.0000000000
58012  -16.781  -34.683  47.431 0.0000000000
66835  -8.841  -28.053  48.082 0.0000000000
64266  -6.524  -30.614  40.249 0.0000000000
62823  -10.410  -30.646  58.621 0.0000000000
59097  -10.552  -34.143  53.592 0.0000000000
56891  -6.087  -38.049  48.626 0.0000000000
76312  -37.163  -21.487  46.667 0.0000000000
69109  -37.367  -25.792  44.276 0.0000000000
73921  -37.662  -23.328  43.905 0.0000000000
66867  -36.346  -27.385  45.594 0.0000000000
64224  -35.228  -27.701  41.848 0.0000000000
65517  -34.673  -28.076  47.417 0.0000000000
85688  -50.169  -11.600  23.134 0.0000000000
83519  -45.435  -13.176  23.656 0.0000000000
84652  -46.262  -12.295  21.499 0.0000000000
87948  -47.937  -10.167  21.391 0.0000000000
82227  -39.593  -13.832  37.359 0.0000000000
78799  -35.072  -16.572  37.230 0.0000000000
81119  -36.746  -15.409  36.092 0.0000000000
82286  -38.464  -13.556  34.429 0.0000000000
59188  -7.197  -33.849  44.642 0.0000000000
59218  -6.106  -34.165  42.897 0.0000000000
58099  -8.572  -35.067  40.927 0.0000000000
57088  -8.290  -37.021  37.087 0.0000000000
55878  -7.896  -37.860  40.673 0.0000000000
52381  -12.062  -39.190  52.946 0.0000000000
52363  -10.269  -38.878  54.342 0.0000000000
82138  -32.845  -15.231  43.773 0.0000000000
77538  -34.339  -20.780  44.313 0.0000000000
75229  -33.659  -23.248  41.105 0.0000000000
77522  -32.565  -19.156  43.322 0.0000000000
79913  -32.339  -17.413  41.505 0.0000000000
64118  -29.814  -28.421  51.709 0.0000000000
66892  -29.210  -26.657  43.963 0.0000000000
64207  -28.076  -29.193  46.285 0.0000000000
93467  -51.023  -5.160  20.957 0.0000000000
95560  -52.355  -3.391  19.992 0.0000000000
61621  -4.820  -31.348  54.350 0.0000000000
60351  -4.869  -33.205  51.383 0.0000000000
60344  -7.387  -33.131  53.262 0.0000000000
81201  -45.851  -14.556  29.291 0.0000000000
80006  -41.305  -15.156  30.831 0.0000000000
77770  -42.397  -16.158  28.839 0.0000000000
80082  -43.562  -15.799  27.090 0.0000000000
55665  -16.468  -35.302  53.470 0.0000000000
54573  -17.379  -35.377  51.814 0.0000000000
68991  -6.264  -26.174  52.571 0.0000000000
69036  -6.540  -25.740  49.778 0.0000000000
66811  -7.317  -28.638  49.213 0.0000000000
61801  -3.550  -32.076  40.706 0.0000000000
65598  -4.570  -30.476  42.773 0.0000000000
64298  -4.160  -30.749  38.317 0.0000000000
61574  -12.217  -31.282  58.900 0.0000000000
55650  -7.908  -37.560  55.026 0.0000000000
57943  -10.094  -35.045  55.784 0.0000000000
57953  -7.642  -36.025  53.685 0.0000000000
57973  -8.627  -35.826  51.176 0.0000000000
56850  -5.411  -37.800  51.023 0.0000000000
76352  -36.369  -21.820  44.183 0.0000000000
65469  -31.799  -28.107  51.425 0.0000000000
65494  -33.063  -27.834  49.624 0.0000000000
65571  -32.532  -27.035  45.521 0.0000000000
91286  -52.906  -7.269  22.804 0.0000000000
90165  -49.315  -8.275  21.277 0.0000000000
81147  -43.068  -13.959  32.994 0.0000000000
82312  -40.246  -13.879  32.404 0.0000000000
57043  -22.870  -34.211  42.222 0.0000000000
55821  -21.864  -34.761  44.284 0.0000000000
69103  -7.489  -25.292  44.520 0.0000000000
62909  -3.507  -31.915  48.722 0.0000000000
64184  -4.332  -30.658  47.841 0.0000000000
60455  -2.675  -33.348  44.892 0.0000000000
59232  -3.775  -33.946  41.822 0.0000000000
60554  -5.300  -33.512  37.517 0.0000000000
55638  -14.063  -35.065  56.886 0.0000000000
56790  -12.838  -34.517  57.499 0.0000000000
54546  -11.660  -37.677  56.245 0.0000000000
52346  -8.931  -39.002  56.301 0.0000000000
79917  -37.158  -15.252  40.555 0.0000000000
78760  -33.907  -16.497  39.051 0.0000000000
59142  -27.012  -32.807  47.392 0.0000000000
62917  -29.445  -29.129  49.017 0.0000000000
61714  -26.972  -31.016  46.841 0.0000000000
59208  -25.380  -32.713  44.537 0.0000000000
68978  -4.593  -26.421  53.585 0.0000000000
67944  -3.961  -27.561  54.710 0.0000000000
65473  -3.853  -30.003  51.727 0.0000000000
60363  -3.460  -33.165  49.995 0.0000000000
60414  -6.080  -33.617  47.626 0.0000000000
58036  -9.078  -34.472  46.052 0.0000000000
84603  -47.295  -12.757  26.080 0.0000000000
82384  -43.864  -14.079  24.986 0.0000000000
55653  -14.174  -35.174  55.105 0.0000000000
53506  -13.992  -37.606  53.303 0.0000000000
51027  -12.712  -38.533  50.331 0.0000000000
55775  -20.439  -35.439  46.167 0.0000000000
55741  -19.842  -36.108  48.244 0.0000000000
55701  -18.725  -36.707  50.053 0.0000000000
56877  -15.455  -35.712  50.004 0.0000000000
54640  -13.581  -37.566  48.387 0.0000000000
69047  -3.650  -24.586  47.942 0.0000000000
70206  -7.608  -25.139  46.882 0.0000000000
68044  -10.155  -26.898  45.192 0.0000000000
65542  -6.130  -29.550  46.201 0.0000000000
65581  -6.884  -29.642  44.290 0.0000000000
65621  -8.769  -29.706  42.474 0.0000000000
61585  -8.757  -30.486  57.543 0.0000000000
59074  -12.120  -33.091  56.904 0.0000000000
61626  -10.818  -32.525  56.193 0.0000000000
61623  -8.961  -31.807  55.051 0.0000000000
60355  -10.376  -33.440  51.529 0.0000000000
57985  -8.742  -35.881  48.598 0.0000000000
56950  -7.083  -36.981  45.559 0.0000000000
52397  -3.317  -39.985  50.703 0.0000000000
53559  -3.637  -39.610  48.013 0.0000000000
55837  -6.025  -37.962  43.160 0.0000000000
73874  -37.392  -22.755  46.735 0.0000000000
72631  -36.879  -23.405  47.540 0.0000000000
70224  -37.462  -25.211  45.481 0.0000000000
72653  -38.100  -23.826  45.895 0.0000000000
69069  -37.079  -26.073  46.198 0.0000000000
66869  -36.836  -26.676  44.901 0.0000000000
70187  -36.614  -24.948  47.459 0.0000000000
66831  -36.169  -26.417  46.584 0.0000000000
85682  -49.416  -12.373  23.504 0.0000000000
83509  -47.235  -12.825  23.495 0.0000000000
83537  -46.240  -12.675  22.256 0.0000000000
84625  -47.810  -12.591  23.159 0.0000000000
85698  -48.574  -11.895  22.735 0.0000000000
81095  -38.470  -14.489  37.722 0.0000000000
82201  -40.113  -14.006  39.608 0.0000000000
82200  -39.316  -14.511  39.888 0.0000000000
78839  -35.606  -16.278  36.543 0.0000000000
79955  -36.992  -15.589  37.359 0.0000000000
81112  -37.508  -14.966  36.854 0.0000000000
58064  -8.555  -34.369  43.639 0.0000000000
59204  -8.181  -34.088  43.108 0.0000000000
58088  -8.503  -34.833  41.975 0.0000000000
57034  -8.554  -36.472  40.776 0.0000000000
57019  -8.039  -36.807  41.763 0.0000000000
51008  -11.095  -39.084  51.054 0.0000000000
50993  -10.059  -39.359  52.032 0.0000000000
78703  -33.458  -18.823  45.019 0.0000000000
78733  -33.216  -19.911  43.988 0.0000000000
79893  -32.779  -18.143  44.297 0.0000000000
81026  -32.573  -16.827  43.795 0.0000000000
93460  -53.304  -5.051  22.334 0.0000000000
94519  -52.130  -3.955  20.625 0.0000000000
96608  -54.443  -3.047  20.869 0.0000000000
61612  -5.607  -30.869  55.341 0.0000000000
60326  -6.171  -32.390  53.785 0.0000000000
60318  -7.011  -31.536  54.422 0.0000000000
80025  -45.082  -14.871  30.070 0.0000000000
81179  -46.746  -14.537  30.909 0.0000000000
80008  -42.796  -14.988  31.191 0.0000000000
78912  -41.808  -15.866  29.432 0.0000000000
78898  -43.292  -15.378  29.810 0.0000000000
78915  -43.850  -15.405  28.975 0.0000000000
56828  -18.792  -34.573  53.222 0.0000000000
55679  -19.309  -35.674  52.425 0.0000000000
58014  -25.914  -34.609  46.990 0.0000000000
56956  -23.851  -34.509  46.378 0.0000000000
70257  -9.201  -25.301  42.621 0.0000000000
66779  -6.792  -28.197  52.159 0.0000000000
67980  -7.540  -27.301  51.774 0.0000000000
66788  -6.521  -28.958  51.141 0.0000000000
60567  -4.125  -32.570  37.969 0.0000000000
62995  -4.278  -31.642  40.041 0.0000000000
63025  -3.664  -31.287  37.593 0.0000000000
64071  -12.904  -30.037  58.738 0.0000000000
60278  -12.754  -31.824  58.668 0.0000000000
55656  -7.269  -37.844  53.856 0.0000000000
56825  -7.821  -36.597  53.885 0.0000000000
56830  -6.815  -37.322  52.853 0.0000000000
56844  -6.168  -36.884  52.027 0.0000000000
55682  -5.191  -38.385  51.537 0.0000000000
76338  -37.343  -21.298  45.786 0.0000000000
73920  -37.532  -22.843  44.049 0.0000000000
77513  -36.621  -20.869  45.442 0.0000000000
78721  -35.822  -20.204  45.498 0.0000000000
65573  -34.580  -27.406  45.431 0.0000000000
65534  -33.997  -27.785  47.866 0.0000000000
65587  -33.461  -27.140  44.230 0.0000000000
66895  -32.158  -26.577  44.168 0.0000000000
90159  -52.375  -7.840  22.780 0.0000000000
87941  -49.508  -10.190  21.721 0.0000000000
89075  -48.730  -9.217  21.220 0.0000000000
90157  -50.851  -8.295  22.062 0.0000000000
91284  -51.640  -7.422  22.242 0.0000000000
81131  -42.399  -13.802  33.858 0.0000000000
81122  -43.725  -13.777  34.518 0.0000000000
82255  -42.664  -13.225  35.949 0.0000000000
82269  -39.426  -13.651  35.241 0.0000000000
82300  -39.454  -13.499  33.152 0.0000000000
82302  -41.275  -13.667  33.488 0.0000000000
81146  -42.090  -13.706  33.175 0.0000000000
69100  -4.546  -25.995  44.385 0.0000000000
69118  -6.475  -25.773  43.793 0.0000000000
69101  -5.594  -25.692  44.584 0.0000000000
60412  -2.957  -33.145  47.312 0.0000000000
61713  -2.956  -32.709  46.751 0.0000000000
59148  -3.269  -33.478  45.595 0.0000000000
59234  -5.864  -34.163  41.759 0.0000000000
59216  -3.984  -34.150  42.599 0.0000000000
59250  -4.966  -34.417  40.766 0.0000000000
59267  -4.339  -34.252  40.060 0.0000000000
59286  -5.550  -33.922  38.528 0.0000000000
59301  -6.891  -34.683  36.944 0.0000000000
54541  -13.427  -36.518  56.045 0.0000000000
54540  -12.990  -36.952  56.209 0.0000000000
53484  -12.309  -37.843  55.486 0.0000000000
50960  -9.577  -39.148  54.055 0.0000000000
52353  -9.323  -38.850  55.497 0.0000000000
52361  -8.642  -38.933  54.871 0.0000000000
52350  -7.574  -38.935  55.140 0.0000000000
79903  -36.250  -15.165  41.258 0.0000000000
81053  -32.942  -16.116  41.509 0.0000000000
79925  -32.900  -16.803  40.316 0.0000000000
79914  -34.503  -15.959  40.558 0.0000000000
78746  -35.784  -16.009  39.864 0.0000000000
61658  -28.085  -30.416  51.011 0.0000000000
60377  -27.327  -30.760  49.441 0.0000000000
60405  -27.723  -31.021  48.687 0.0000000000
64156  -31.357  -28.161  49.961 0.0000000000
64155  -30.634  -28.560  50.150 0.0000000000
64178  -29.939  -28.398  48.828 0.0000000000
64221  -27.033  -29.595  45.001 0.0000000000
62939  -27.177  -30.236  46.039 0.0000000000
62945  -26.740  -30.911  45.275 0.0000000000
60459  -26.315  -32.157  45.367 0.0000000000
61755  -25.345  -31.479  44.597 0.0000000000
60486  -24.147  -32.235  42.921 0.0000000000
65436  -4.697  -29.282  55.060 0.0000000000
65437  -4.808  -29.379  54.419 0.0000000000
66751  -5.081  -28.814  54.269 0.0000000000
64131  -4.292  -30.436  52.812 0.0000000000
64151  -4.083  -31.099  50.570 0.0000000000
62880  -4.026  -32.238  51.553 0.0000000000
60367  -6.799  -33.305  51.003 0.0000000000
60382  -5.748  -33.303  49.517 0.0000000000
60398  -6.781  -33.478  48.690 0.0000000000
60432  -7.832  -33.590  47.055 0.0000000000
60417  -8.672  -33.501  48.218 0.0000000000
84602  -46.564  -12.845  26.503 0.0000000000
84577  -48.344  -12.940  27.939 0.0000000000
84576  -47.011  -13.346  28.312 0.0000000000
82365  -44.243  -14.671  27.509 0.0000000000
81252  -43.574  -14.591  25.699 0.0000000000
83493  -44.710  -13.797  26.472 0.0000000000
83495  -46.093  -12.908  25.738 0.0000000000
56810  -16.355  -34.234  55.956 0.0000000000
54571  -16.015  -36.286  52.628 0.0000000000
54565  -14.821  -36.676  53.520 0.0000000000
53511  -14.215  -37.573  52.847 0.0000000000
52387  -13.334  -38.166  51.780 0.0000000000
53518  -13.590  -37.846  51.695 0.0000000000
55842  -20.560  -34.404  43.179 0.0000000000
55797  -21.595  -35.000  45.123 0.0000000000
56995  -19.580  -34.333  44.139 0.0000000000
58027  -17.700  -34.675  46.684 0.0000000000
56933  -18.795  -35.327  46.826 0.0000000000
56914  -18.905  -35.523  47.700 0.0000000000
55727  -19.536  -37.105  48.655 0.0000000000
56880  -18.411  -35.825  49.058 0.0000000000
56863  -17.024  -35.953  50.175 0.0000000000
56895  -15.458  -35.398  48.923 0.0000000000
54641  -14.110  -36.997  47.755 0.0000000000
69032  -3.545  -24.908  48.948 0.0000000000
68008  -8.711  -26.904  48.979 0.0000000000
70179  -7.236  -25.334  48.558 0.0000000000
69052  -9.062  -26.277  48.070 0.0000000000
70208  -9.125  -25.571  46.593 0.0000000000
66847  -9.672  -27.327  46.550 0.0000000000
65539  -3.667  -30.883  45.851 0.0000000000
65522  -5.479  -29.730  47.114 0.0000000000
64206  -3.434  -30.774  44.715 0.0000000000
64232  -5.606  -30.462  41.507 0.0000000000
65599  -5.537  -30.115  42.973 0.0000000000
65619  -6.432  -30.404  41.930 0.0000000000
65601  -7.847  -29.685  43.401 0.0000000000
65637  -7.593  -30.344  41.224 0.0000000000
65655  -8.324  -30.237  40.472 0.0000000000
62831  -9.331  -30.291  58.415 0.0000000000
55633  -11.572  -36.351  56.548 0.0000000000
57929  -12.079  -34.283  57.286 0.0000000000
57927  -11.149  -35.552  56.342 0.0000000000
57956  -9.444  -34.978  54.814 0.0000000000
59084  -11.355  -33.743  55.953 0.0000000000
60329  -10.977  -33.245  54.648 0.0000000000
61624  -9.777  -32.148  55.517 0.0000000000
61642  -10.346  -32.794  54.151 0.0000000000
61651  -9.482  -32.519  52.805 0.0000000000
59101  -10.525  -34.176  52.736 0.0000000000
56859  -7.143  -37.043  50.037 0.0000000000
57978  -8.449  -36.140  49.877 0.0000000000
56876  -8.110  -36.713  48.858 0.0000000000
56911  -8.364  -36.307  46.959 0.0000000000
56909  -6.911  -37.506  47.438 0.0000000000
51040  -3.175  -41.188  49.819 0.0000000000
53547  -3.197  -39.693  49.543 0.0000000000
76324  -37.213  -21.035  46.553 0.0000000000
68066  -37.660  -26.706  43.026 0.0000000000
70259  -38.106  -25.437  43.042 0.0000000000
71450  -37.562  -24.498  44.478 0.0000000000
73895  -38.413  -22.852  45.681 0.0000000000
65589  -35.077  -27.703  44.306 0.0000000000
65591  -35.952  -27.761  44.505 0.0000000000
66896  -36.555  -27.291  43.131 0.0000000000
65537  -35.807  -27.562  46.228 0.0000000000
86801  -50.669  -10.787  23.095 0.0000000000
83571  -45.222  -12.545  20.614 0.0000000000
85726  -45.512  -12.095  20.434 0.0000000000
87963  -46.138  -10.157  21.082 0.0000000000
85728  -46.947  -11.581  21.540 0.0000000000
86807  -49.092  -11.173  22.037 0.0000000000
82253  -40.471  -13.326  36.223 0.0000000000
82229  -42.039  -13.413  37.067 0.0000000000
82214  -41.357  -13.659  38.100 0.0000000000
82202  -40.951  -13.687  39.216 0.0000000000
77600  -33.864  -17.388  37.195 0.0000000000
78817  -34.523  -16.863  36.146 0.0000000000
78853  -34.896  -16.568  35.529 0.0000000000
81128  -35.671  -15.666  34.802 0.0000000000
81143  -36.729  -14.293  34.013 0.0000000000
81120  -37.545  -14.670  35.752 0.0000000000
82251  -38.411  -14.117  36.065 0.0000000000
59168  -6.508  -33.975  45.501 0.0000000000
59186  -5.412  -34.155  44.531 0.0000000000
60469  -6.736  -33.847  43.886 0.0000000000
60502  -7.488  -33.829  41.892 0.0000000000
59253  -8.175  -34.564  40.041 0.0000000000
58124  -8.292  -35.201  37.924 0.0000000000
58110  -8.755  -35.362  39.771 0.0000000000
55924  -8.397  -37.647  38.643 0.0000000000
52366  -12.356  -38.526  53.881 0.0000000000
52356  -11.646  -38.638  54.586 0.0000000000
52373  -11.191  -39.091  53.710 0.0000000000
82157  -33.717  -14.833  42.432 0.0000000000
76387  -35.252  -22.013  43.070 0.0000000000
75216  -34.963  -23.295  41.714 0.0000000000
76385  -34.337  -22.053  42.743 0.0000000000
75185  -33.057  -21.417  42.767 0.0000000000
76383  -32.135  -20.735  41.948 0.0000000000
78732  -32.357  -18.621  42.733 0.0000000000
81039  -32.788  -16.131  42.171 0.0000000000
62877  -29.153  -29.556  51.398 0.0000000000
65569  -30.609  -27.105  46.489 0.0000000000
65549  -29.831  -27.614  47.198 0.0000000000
66876  -28.280  -27.434  45.165 0.0000000000
65604  -26.773  -28.442  44.828 0.0000000000
94517  -50.020  -4.610  20.235 0.0000000000
95573  -50.122  -3.414  19.241 0.0000000000
153042  -51.181  -2.911  18.924 0.0000000000
153050  -51.960  -2.325  18.256 0.0000000000
61629  -3.758  -31.838  53.920 0.0000000000
61648  -3.576  -32.761  52.623 0.0000000000
60324  -4.392  -33.011  54.028 0.0000000000
60342  -5.760  -33.104  52.732 0.0000000000
60368  -7.637  -32.952  51.473 0.0000000000
82346  -45.642  -14.259  28.712 0.0000000000
82332  -46.734  -14.430  29.870 0.0000000000
77784  -41.062  -16.950  28.099 0.0000000000
77826  -41.828  -16.742  27.319 0.0000000000
78984  -42.433  -16.389  26.294 0.0000000000
78947  -43.308  -16.323  27.612 0.0000000000
80064  -44.224  -15.276  27.903 0.0000000000
56816  -17.034  -34.165  54.986 0.0000000000
56822  -17.903  -34.362  54.142 0.0000000000
55670  -16.952  -35.268  52.426 0.0000000000
54577  -16.226  -35.637  52.093 0.0000000000
58066  -16.097  -34.297  43.954 0.0000000000
56931  -14.883  -35.403  47.159 0.0000000000
69019  -3.936  -25.607  50.574 0.0000000000
69034  -4.743  -25.493  49.584 0.0000000000
69006  -6.354  -25.762  51.099 0.0000000000
67989  -8.409  -26.920  50.317 0.0000000000
66823  -8.080  -28.364  48.621 0.0000000000
62961  -3.135  -31.587  42.477 0.0000000000
64210  -3.315  -30.657  43.761 0.0000000000
64244  -3.564  -31.072  41.371 0.0000000000
64263  -4.547  -31.332  40.124 0.0000000000
64282  -4.914  -30.950  39.252 0.0000000000
67897  -12.437  -28.208  58.952 0.0000000000
64064  -11.828  -29.725  59.084 0.0000000000
61572  -11.507  -31.237  59.028 0.0000000000
55639  -8.811  -37.764  55.768 0.0000000000
57926  -10.674  -36.079  55.891 0.0000000000
56819  -7.939  -36.305  55.653 0.0000000000
57948  -8.286  -35.542  55.026 0.0000000000
59095  -9.361  -34.666  53.761 0.0000000000
57968  -9.514  -34.847  52.307 0.0000000000
57966  -7.815  -36.037  52.103 0.0000000000
57971  -6.876  -36.938  51.346 0.0000000000
56873  -5.868  -37.920  49.550 0.0000000000
72702  -36.794  -24.182  41.251 0.0000000000
71463  -37.392  -24.269  42.514 0.0000000000
73933  -37.114  -23.356  42.938 0.0000000000
75206  -36.293  -23.252  42.289 0.0000000000
77539  -35.246  -21.341  44.204 0.0000000000
79883  -34.251  -18.801  46.308 0.0000000000
64180  -32.211  -28.255  48.504 0.0000000000
65516  -34.259  -28.702  48.262 0.0000000000
64194  -32.733  -28.404  47.912 0.0000000000
65551  -31.968  -28.043  46.489 0.0000000000
66879  -31.381  -26.883  44.853 0.0000000000
90177  -47.416  -8.078  20.109 0.0000000000
92378  -49.810  -6.765  21.297 0.0000000000
92380  -51.551  -6.476  22.000 0.0000000000
81161  -43.136  -14.456  32.009 0.0000000000
81149  -44.810  -14.299  32.900 0.0000000000
81134  -44.657  -14.060  33.801 0.0000000000
83432  -37.582  -13.660  32.600 0.0000000000
79992  -40.845  -14.777  31.121 0.0000000000
81160  -42.296  -14.392  32.182 0.0000000000
57014  -23.249  -34.118  43.825 0.0000000000
56996  -23.106  -34.326  44.611 0.0000000000
55867  -21.989  -34.676  42.895 0.0000000000
55865  -20.973  -34.437  42.311 0.0000000000
69132  -7.350  -25.821  43.079 0.0000000000
70246  -9.555  -25.536  43.670 0.0000000000
65498  -3.992  -30.052  49.470 0.0000000000
65499  -4.834  -29.857  49.268 0.0000000000
64171  -4.159  -30.680  48.471 0.0000000000
62930  -3.266  -31.907  46.450 0.0000000000
61736  -2.774  -32.540  44.672 0.0000000000
59184  -3.533  -34.102  44.252 0.0000000000
59198  -2.733  -33.899  43.224 0.0000000000
60482  -2.727  -33.190  42.881 0.0000000000
60518  -2.934  -33.143  41.103 0.0000000000
57916  -13.420  -33.640  57.874 0.0000000000
56798  -13.499  -35.023  57.333 0.0000000000
55644  -12.166  -36.687  56.634 0.0000000000
54537  -10.909  -37.638  56.557 0.0000000000
53490  -11.138  -38.410  55.606 0.0000000000
53481  -9.917  -38.582  56.554 0.0000000000
54535  -9.652  -37.958  56.786 0.0000000000
54543  -8.371  -38.192  55.749 0.0000000000
53486  -7.146  -38.590  54.293 0.0000000000
53495  -5.965  -38.888  53.781 0.0000000000
79936  -37.514  -15.333  39.395 0.0000000000
82198  -38.399  -15.366  40.534 0.0000000000
79906  -37.968  -15.438  41.764 0.0000000000
73964  -34.843  -23.952  39.783 0.0000000000
77599  -32.983  -17.851  37.408 0.0000000000
78782  -36.449  -16.160  38.573 0.0000000000
59127  -26.581  -33.381  47.226 0.0000000000
58043  -26.353  -33.413  46.426 0.0000000000
65458  -30.813  -28.165  51.578 0.0000000000
62888  -29.818  -29.078  50.681 0.0000000000
62906  -28.564  -29.844  49.417 0.0000000000
62924  -28.213  -29.289  47.884 0.0000000000
61703  -27.597  -30.447  47.868 0.0000000000
61697  -27.876  -30.874  48.434 0.0000000000
60435  -27.019  -32.246  46.907 0.0000000000
59173  -26.482  -32.931  46.099 0.0000000000
58071  -25.260  -33.113  44.645 0.0000000000
58094  -23.882  -33.405  42.749 0.0000000000
95600  -52.288  -1.852  17.168 0.0000000000
96645  -52.481  -1.485  16.369 0.0000000000
97627  -52.662  -1.152  15.629 0.0000000000
68980  -5.683  -26.606  52.970 0.0000000000
66778  -6.172  -28.753  52.525 0.0000000000
67958  -4.677  -27.345  54.211 0.0000000000
66765  -5.438  -28.666  53.974 0.0000000000
65474  -4.579  -29.735  51.461 0.0000000000
65484  -3.707  -30.442  50.586 0.0000000000
61692  -2.969  -32.588  49.025 0.0000000000
60395  -3.724  -33.487  48.310 0.0000000000
60350  -4.030  -33.219  51.025 0.0000000000
60381  -4.750  -33.213  49.327 0.0000000000
59138  -5.587  -33.617  47.361 0.0000000000
59152  -6.682  -33.756  46.569 0.0000000000
59170  -8.535  -34.189  45.585 0.0000000000
56973  -8.627  -35.461  44.464 0.0000000000
84609  -48.074  -12.643  24.888 0.0000000000
80120  -42.828  -15.344  25.600 0.0000000000
80138  -43.085  -14.725  25.120 0.0000000000
82409  -43.535  -14.245  23.708 0.0000000000
83506  -45.078  -13.214  24.548 0.0000000000
83503  -46.846  -12.668  24.679 0.0000000000
56807  -14.582  -34.868  56.410 0.0000000000
54550  -13.602  -35.925  55.071 0.0000000000
55659  -15.084  -35.050  54.111 0.0000000000
54560  -14.436  -36.636  54.134 0.0000000000
53499  -12.931  -37.816  53.957 0.0000000000
50996  -12.167  -38.493  51.678 0.0000000000
55778  -22.688  -34.490  45.828 0.0000000000
55759  -21.801  -35.050  46.833 0.0000000000
55744  -21.436  -35.221  47.711 0.0000000000
56975  -19.011  -34.743  45.212 0.0000000000
55757  -20.217  -35.606  47.137 0.0000000000
55730  -21.205  -35.545  48.578 0.0000000000
54616  -21.335  -36.723  49.578 0.0000000000
55693  -20.208  -35.902  50.535 0.0000000000
55685  -19.728  -35.931  51.407 0.0000000000
54588  -18.318  -36.545  51.213 0.0000000000
55691  -16.903  -35.491  51.316 0.0000000000
55697  -14.868  -35.898  51.184 0.0000000000
55739  -14.362  -35.853  48.164 0.0000000000
54627  -13.905  -36.874  48.886 0.0000000000
53538  -13.310  -37.522  50.553 0.0000000000
52412  -12.890  -38.362  49.780 0.0000000000
69060  -3.630  -24.765  46.852 0.0000000000
70177  -5.546  -25.182  48.775 0.0000000000
70203  -5.219  -25.013  47.596 0.0000000000
69074  -5.727  -25.092  46.512 0.0000000000
70230  -7.173  -25.101  45.538 0.0000000000
70232  -8.777  -25.237  44.967 0.0000000000
68045  -10.529  -26.977  44.439 0.0000000000
65500  -5.691  -29.374  48.977 0.0000000000
66821  -6.710  -29.090  47.743 0.0000000000
65524  -6.946  -29.102  46.889 0.0000000000
65579  -4.729  -30.218  43.744 0.0000000000
65561  -7.111  -29.346  45.425 0.0000000000
66855  -8.054  -29.100  45.714 0.0000000000
66871  -8.953  -28.910  44.771 0.0000000000
66888  -9.838  -28.645  43.716 0.0000000000
66901  -10.170  -28.867  43.033 0.0000000000
65640  -10.349  -29.211  41.456 0.0000000000
59064  -12.545  -32.682  58.147 0.0000000000
60290  -11.783  -32.451  58.296 0.0000000000
60289  -11.223  -32.351  58.330 0.0000000000
57935  -10.786  -35.006  56.214 0.0000000000
60302  -11.664  -32.520  56.797 0.0000000000
61606  -10.693  -32.178  57.421 0.0000000000
61605  -10.012  -31.597  57.009 0.0000000000
61614  -8.904  -31.712  55.883 0.0000000000
60310  -7.537  -31.046  55.165 0.0000000000
61631  -8.110  -32.284  54.014 0.0000000000
61662  -9.107  -32.525  51.964 0.0000000000
61684  -9.033  -32.737  50.565 0.0000000000
57974  -9.471  -35.131  51.414 0.0000000000
59117  -9.692  -34.529  49.764 0.0000000000
60418  -9.324  -33.820  48.450 0.0000000000
58010  -9.322  -35.088  47.219 0.0000000000
56930  -8.569  -36.233  46.076 0.0000000000
56972  -8.118  -36.271  44.508 0.0000000000
53508  -4.394  -39.615  53.274 0.0000000000
52389  -3.711  -40.249  51.496 0.0000000000
54574  -4.421  -39.343  51.833 0.0000000000
54595  -3.923  -38.979  50.651 0.0000000000
56871  -4.668  -38.518  49.831 0.0000000000
56906  -5.198  -39.010  48.050 0.0000000000
54660  -4.237  -39.052  46.214 0.0000000000
56926  -5.507  -38.274  46.916 0.0000000000
56948  -5.455  -38.069  45.912 0.0000000000
56970  -6.359  -37.179  44.758 0.0000000000
57005  -7.277  -36.882  43.121 0.0000000000
55860  -6.787  -38.234  42.018 0.0000000000
53621  -6.876  -39.456  40.787 0.0000000000
72632  -37.059  -23.438  46.920 0.0000000000
70200  -37.060  -24.850  46.270 0.0000000000
71420  -37.543  -24.351  46.111 0.0000000000
69059  -36.805  -25.183  46.462 0.0000000000
69081  -37.463  -25.959  45.822 0.0000000000
69058  -36.532  -25.516  46.730 0.0000000000
71398  -36.740  -24.248  47.865 0.0000000000
84616  -49.013  -12.738  23.822 0.0000000000
85679  -50.411  -12.115  24.766 0.0000000000
84611  -49.916  -12.764  24.638 0.0000000000
84615  -48.111  -12.624  24.044 0.0000000000
84626  -48.580  -12.316  23.146 0.0000000000
81086  -38.335  -14.574  38.543 0.0000000000
82212  -39.199  -14.140  38.715 0.0000000000
82211  -38.621  -14.523  39.270 0.0000000000
79945  -37.227  -15.563  38.307 0.0000000000
81094  -37.752  -15.089  37.963 0.0000000000
56991  -8.718  -35.138  43.596 0.0000000000
58077  -8.493  -34.660  42.880 0.0000000000
57007  -8.394  -35.530  42.741 0.0000000000
57020  -8.312  -35.858  41.794 0.0000000000
57006  -7.840  -36.571  42.696 0.0000000000
51007  -10.244  -39.350  51.035 0.0000000000
79881  -33.147  -18.123  44.917 0.0000000000
61600  -5.814  -30.428  55.523 0.0000000000
60308  -6.472  -31.145  54.740 0.0000000000
60299  -6.425  -30.810  55.184 0.0000000000
80010  -44.394  -14.892  31.026 0.0000000000
81177  -45.057  -14.783  31.102 0.0000000000
81163  -45.003  -14.408  31.794 0.0000000000
80009  -43.713  -14.823  31.298 0.0000000000
80022  -43.033  -15.147  30.767 0.0000000000
80023  -43.524  -15.139  30.540 0.0000000000
80024  -44.198  -15.118  30.176 0.0000000000
60338  -20.259  -33.335  52.471 0.0000000000
59093  -19.658  -34.014  52.912 0.0000000000
57957  -19.903  -34.495  52.603 0.0000000000
56958  -25.318  -34.151  46.506 0.0000000000
56937  -25.313  -34.497  46.859 0.0000000000
56957  -24.560  -34.242  46.301 0.0000000000
70247  -10.040  -25.575  43.105 0.0000000000
70258  -10.052  -25.647  42.363 0.0000000000
61835  -3.732  -32.126  37.270 0.0000000000
60280  -13.683  -31.912  58.453 0.0000000000
55662  -6.256  -38.438  53.192 0.0000000000
56823  -6.730  -37.808  53.133 0.0000000000
56829  -6.323  -37.945  52.696 0.0000000000
56835  -5.788  -38.081  51.999 0.0000000000
55675  -5.292  -38.739  52.067 0.0000000000
77495  -36.957  -20.343  46.643 0.0000000000
77506  -36.732  -20.565  46.140 0.0000000000
78696  -36.549  -19.784  46.464 0.0000000000
78706  -35.818  -19.552  46.153 0.0000000000
65588  -34.320  -27.444  44.260 0.0000000000
65572  -33.635  -27.132  45.425 0.0000000000
90151  -51.931  -8.389  22.793 0.0000000000
87943  -50.797  -9.597  22.508 0.0000000000
89068  -50.153  -9.218  21.665 0.0000000000
89069  -50.937  -9.040  22.238 0.0000000000
90158  -51.646  -8.161  22.496 0.0000000000
82290  -42.102  -13.755  34.278 0.0000000000
82291  -42.681  -13.711  34.616 0.0000000000
82272  -42.299  -13.549  35.176 0.0000000000
82270  -40.349  -13.435  35.207 0.0000000000
82288  -40.470  -13.486  34.247 0.0000000000
82289  -41.232  -13.621  34.350 0.0000000000
82303  -41.696  -13.807  33.841 0.0000000000
69084  -4.753  -25.598  45.382 0.0000000000
60430  -3.350  -33.328  46.838 0.0000000000
59149  -3.786  -33.495  46.001 0.0000000000
59251  -6.106  -34.333  40.510 0.0000000000
59268  -5.268  -34.366  39.715 0.0000000000
59287  -6.691  -34.285  38.223 0.0000000000
54553  -12.994  -37.039  55.134 0.0000000000
54548  -12.943  -37.182  55.681 0.0000000000
53485  -12.658  -37.536  55.145 0.0000000000
50959  -8.841  -39.120  54.127 0.0000000000
81040  -36.238  -14.834  41.785 0.0000000000
82158  -35.857  -14.510  42.256 0.0000000000
73967  -36.779  -24.121  40.045 0.0000000000
81054  -33.858  -15.703  41.134 0.0000000000
79915  -35.528  -15.673  40.581 0.0000000000
62876  -28.464  -30.141  51.309 0.0000000000
61670  -28.052  -30.220  50.648 0.0000000000
60378  -27.657  -30.449  49.778 0.0000000000
61691  -28.181  -30.439  49.332 0.0000000000
64179  -31.103  -28.015  48.700 0.0000000000
64166  -30.608  -28.308  49.487 0.0000000000
64219  -26.346  -30.178  44.416 0.0000000000
62956  -26.946  -30.213  44.824 0.0000000000
62954  -25.858  -30.625  44.597 0.0000000000
61756  -26.084  -31.484  45.001 0.0000000000
62962  -24.402  -31.031  43.581 0.0000000000
64108  -4.558  -30.299  54.400 0.0000000000
64120  -4.373  -30.458  53.592 0.0000000000
65450  -4.682  -29.899  53.583 0.0000000000
64130  -3.992  -30.998  52.980 0.0000000000
62879  -4.213  -31.822  51.636 0.0000000000
62868  -3.897  -31.922  52.411 0.0000000000
60383  -6.838  -33.344  49.839 0.0000000000
60416  -7.780  -33.465  47.945 0.0000000000
84589  -46.255  -13.140  27.287 0.0000000000
84590  -47.305  -12.770  27.186 0.0000000000
83474  -45.091  -13.845  27.699 0.0000000000
83482  -44.735  -13.895  27.125 0.0000000000
83483  -45.353  -13.525  26.899 0.0000000000
83484  -45.887  -13.149  26.415 0.0000000000
54576  -15.261  -36.341  52.466 0.0000000000
54570  -14.830  -36.662  52.932 0.0000000000
54575  -14.443  -36.920  52.615 0.0000000000
53515  -14.041  -37.440  52.304 0.0000000000
53519  -13.760  -37.317  51.654 0.0000000000
57011  -19.689  -34.088  43.367 0.0000000000
58026  -16.304  -34.368  46.598 0.0000000000
58013  -17.707  -34.951  47.597 0.0000000000
56898  -18.761  -35.654  48.463 0.0000000000
57997  -17.190  -35.012  48.123 0.0000000000
56896  -16.783  -35.350  48.823 0.0000000000
57996  -16.099  -34.915  48.129 0.0000000000
70159  -2.983  -24.692  49.496 0.0000000000
68017  -9.004  -27.284  48.361 0.0000000000
69051  -8.591  -25.900  48.474 0.0000000000
68018  -9.261  -26.730  47.873 0.0000000000
68026  -9.589  -26.873  47.069 0.0000000000
66846  -9.094  -27.918  46.935 0.0000000000
64205  -3.121  -31.152  45.029 0.0000000000
65540  -4.018  -30.512  45.604 0.0000000000
64248  -6.098  -30.520  40.940 0.0000000000
65620  -7.634  -29.995  42.285 0.0000000000
65636  -6.891  -30.510  40.791 0.0000000000
65654  -7.596  -30.495  40.331 0.0000000000
65653  -7.072  -30.561  40.156 0.0000000000
62814  -10.456  -30.207  58.675 0.0000000000
61578  -9.841  -30.789  58.361 0.0000000000
56806  -11.393  -36.000  56.471 0.0000000000
56805  -10.809  -36.598  56.217 0.0000000000
59091  -10.001  -34.624  54.380 0.0000000000
59092  -10.837  -34.085  54.423 0.0000000000
60337  -10.652  -33.458  53.809 0.0000000000
60345  -10.742  -33.546  52.965 0.0000000000
56874  -6.559  -37.492  49.344 0.0000000000
56875  -7.280  -37.098  49.074 0.0000000000
56892  -6.829  -37.642  48.417 0.0000000000
56893  -7.440  -36.970  48.146 0.0000000000
48479  -3.644  -43.057  48.610 0.0000000000
49732  -3.508  -42.129  49.237 0.0000000000
69122  -37.957  -26.056  43.540 0.0000000000
70248  -37.541  -25.268  43.903 0.0000000000
73884  -38.132  -22.874  46.396 0.0000000000
75138  -38.268  -22.184  46.198 0.0000000000
76325  -37.647  -21.702  46.232 0.0000000000
65575  -35.806  -27.825  45.314 0.0000000000
65590  -35.607  -27.826  44.352 0.0000000000
68048  -37.087  -26.292  44.657 0.0000000000
66882  -36.755  -26.657  44.429 0.0000000000
68057  -37.135  -26.252  43.876 0.0000000000
66910  -37.131  -27.160  42.544 0.0000000000
66842  -36.290  -27.015  46.195 0.0000000000
65519  -36.015  -27.217  46.355 0.0000000000
65557  -36.210  -27.525  45.898 0.0000000000
86802  -51.417  -10.222  23.547 0.0000000000
86796  -51.585  -10.833  24.156 0.0000000000
82410  -44.414  -13.543  23.446 0.0000000000
82427  -44.434  -13.176  22.430 0.0000000000
82428  -44.839  -12.865  22.483 0.0000000000
83556  -45.999  -12.546  21.822 0.0000000000
83555  -45.603  -12.483  21.442 0.0000000000
84651  -45.832  -12.304  21.186 0.0000000000
84665  -45.417  -12.655  20.176 0.0000000000
84666  -45.762  -12.298  20.854 0.0000000000
85727  -46.068  -11.776  21.053 0.0000000000
84668  -46.886  -12.020  21.614 0.0000000000
85687  -49.126  -11.912  22.918 0.0000000000
86799  -49.001  -11.610  22.501 0.0000000000
86800  -49.708  -11.342  22.616 0.0000000000
86808  -49.957  -10.589  22.348 0.0000000000
82252  -39.392  -13.649  36.180 0.0000000000
82228  -40.881  -13.433  37.256 0.0000000000
82189  -40.926  -13.769  40.505 0.0000000000
77601  -34.372  -16.989  36.893 0.0000000000
77618  -34.597  -16.794  36.595 0.0000000000
79970  -36.124  -15.952  36.544 0.0000000000
79973  -35.472  -16.222  35.850 0.0000000000
79974  -35.922  -15.786  35.678 0.0000000000
79977  -35.147  -16.348  35.116 0.0000000000
79978  -35.808  -15.761  35.218 0.0000000000
81129  -36.591  -15.055  35.029 0.0000000000
81113  -38.622  -14.202  36.861 0.0000000000
59187  -6.369  -33.965  44.589 0.0000000000
60458  -7.477  -33.698  43.973 0.0000000000
59220  -8.381  -34.134  42.298 0.0000000000
60485  -7.921  -33.815  42.331 0.0000000000
59236  -8.005  -34.134  41.399 0.0000000000
59235  -6.950  -34.093  41.285 0.0000000000
55879  -8.526  -37.095  40.170 0.0000000000
55902  -8.041  -38.141  39.429 0.0000000000
54765  -7.616  -38.780  39.236 0.0000000000
54743  -7.728  -38.474  39.937 0.0000000000
52374  -11.899  -39.070  53.600 0.0000000000
52380  -11.475  -39.119  53.327 0.0000000000
82139  -33.375  -14.874  43.135 0.0000000000
76366  -34.895  -21.640  43.529 0.0000000000
76386  -34.815  -22.013  42.888 0.0000000000
76365  -34.027  -21.514  43.222 0.0000000000
77536  -32.896  -19.916  43.503 0.0000000000
76364  -33.098  -20.974  42.983 0.0000000000
76384  -32.644  -20.872  42.503 0.0000000000
76363  -32.523  -20.226  42.737 0.0000000000
77552  -32.092  -19.497  42.254 0.0000000000
82155  -32.490  -16.032  43.477 0.0000000000
81038  -32.448  -16.694  42.859 0.0000000000
64116  -28.992  -29.021  52.315 0.0000000000
64127  -29.443  -28.970  51.803 0.0000000000
66863  -29.879  -27.049  45.594 0.0000000000
65568  -29.284  -27.503  46.352 0.0000000000
66877  -29.324  -27.267  45.247 0.0000000000
93466  -50.248  -5.439  20.718 0.0000000000
94516  -49.288  -4.765  20.006 0.0000000000
153041  -50.628  -3.751  19.782 0.0000000000
94530  -51.647  -3.462  19.870 0.0000000000
95574  -52.403  -2.775  19.144 0.0000000000
95575  -53.186  -2.831  19.601 0.0000000000
61620  -4.353  -31.332  54.378 0.0000000000
61630  -4.263  -32.102  54.136 0.0000000000
60315  -5.030  -31.941  53.768 0.0000000000
60335  -6.664  -33.076  53.846 0.0000000000
60334  -5.850  -33.126  53.647 0.0000000000
60343  -6.602  -33.224  53.024 0.0000000000
60353  -6.650  -33.163  52.054 0.0000000000
60354  -7.437  -33.131  52.420 0.0000000000
81212  -45.741  -14.447  28.937 0.0000000000
82347  -46.142  -14.283  29.105 0.0000000000
81202  -46.395  -14.470  29.636 0.0000000000
78884  -40.953  -15.503  30.229 0.0000000000
77768  -41.385  -16.344  28.672 0.0000000000
77769  -42.010  -16.222  28.838 0.0000000000
77804  -42.082  -16.707  27.814 0.0000000000
78946  -42.780  -16.541  28.061 0.0000000000
80035  -45.169  -14.727  29.356 0.0000000000
80047  -44.393  -15.115  28.656 0.0000000000
80048  -45.211  -14.681  29.002 0.0000000000
81211  -44.979  -14.653  28.476 0.0000000000
59086  -18.490  -33.779  54.034 0.0000000000
55672  -18.314  -35.072  52.955 0.0000000000
55671  -17.520  -35.253  52.760 0.0000000000
55676  -17.148  -35.557  52.153 0.0000000000
54572  -16.718  -35.253  52.182 0.0000000000
54578  -17.141  -35.188  51.674 0.0000000000
58053  -15.967  -34.203  44.955 0.0000000000
58052  -15.260  -34.699  45.190 0.0000000000
69005  -4.868  -25.569  51.461 0.0000000000
70147  -5.415  -25.664  50.934 0.0000000000
70133  -6.508  -25.714  51.599 0.0000000000
66800  -7.415  -28.625  50.371 0.0000000000
67988  -8.151  -27.026  50.918 0.0000000000
67997  -8.327  -27.444  50.318 0.0000000000
66812  -8.200  -28.038  49.667 0.0000000000
61789  -3.204  -32.227  41.790 0.0000000000
62969  -3.458  -31.533  41.606 0.0000000000
64280  -4.249  -31.279  39.245 0.0000000000
64262  -3.991  -31.288  40.522 0.0000000000
64281  -4.446  -30.974  39.004 0.0000000000
64316  -4.307  -30.429  37.732 0.0000000000
62818  -12.225  -30.568  58.967 0.0000000000
64070  -12.382  -30.068  58.930 0.0000000000
62817  -11.911  -30.789  59.130 0.0000000000
62816  -11.505  -30.627  58.965 0.0000000000
61573  -11.875  -31.319  59.093 0.0000000000
55651  -8.372  -37.445  55.331 0.0000000000
56812  -8.706  -36.771  55.313 0.0000000000
56811  -8.268  -36.869  55.041 0.0000000000
57947  -7.775  -35.943  54.642 0.0000000000
57955  -9.045  -34.893  54.364 0.0000000000
57954  -8.289  -35.543  54.057 0.0000000000
57960  -8.001  -35.534  53.059 0.0000000000
57959  -7.254  -36.122  52.792 0.0000000000
56843  -5.818  -37.452  51.721 0.0000000000
57965  -6.842  -36.563  51.924 0.0000000000
56851  -6.234  -37.303  51.284 0.0000000000
56858  -6.367  -37.469  50.252 0.0000000000
56857  -5.638  -37.833  50.410 0.0000000000
71492  -37.541  -24.845  39.974 0.0000000000
72711  -37.111  -24.505  40.586 0.0000000000
72688  -37.673  -23.893  43.318 0.0000000000
71464  -37.605  -24.702  42.588 0.0000000000
75173  -36.925  -22.227  44.221 0.0000000000
75189  -36.974  -22.831  43.680 0.0000000000
73932  -36.665  -23.236  42.648 0.0000000000
75188  -36.364  -22.538  43.338 0.0000000000
76367  -35.644  -21.979  43.421 0.0000000000
77540  -35.830  -21.634  44.085 0.0000000000
78705  -34.748  -19.513  45.958 0.0000000000
64238  -34.904  -28.080  41.305 0.0000000000
65493  -32.420  -27.781  50.191 0.0000000000
64157  -32.263  -27.901  49.656 0.0000000000
64168  -32.703  -28.349  48.987 0.0000000000
65508  -34.413  -27.321  47.228 0.0000000000
65552  -32.856  -27.544  46.528 0.0000000000
65533  -33.195  -27.883  47.502 0.0000000000
65532  -32.354  -28.379  47.180 0.0000000000
65570  -31.642  -27.230  46.235 0.0000000000
66866  -31.906  -26.950  45.659 0.0000000000
66894  -31.687  -26.518  43.786 0.0000000000
92374  -53.331  -6.507  22.943 0.0000000000
87964  -46.949  -10.126  21.296 0.0000000000
89087  -46.733  -9.504  21.051 0.0000000000
90164  -48.415  -8.267  20.864 0.0000000000
91289  -49.166  -7.380  21.149 0.0000000000
92385  -49.367  -6.378  20.877 0.0000000000
91282  -49.935  -7.450  21.508 0.0000000000
91285  -52.379  -7.389  22.539 0.0000000000
92381  -52.457  -6.582  22.416 0.0000000000
93452  -52.936  -5.816  22.564 0.0000000000
81148  -43.945  -14.317  32.945 0.0000000000
81133  -43.852  -13.917  33.827 0.0000000000
82257  -44.374  -13.381  35.750 0.0000000000
82274  -44.117  -13.697  35.124 0.0000000000
83362  -42.177  -13.548  37.834 0.0000000000
83379  -42.520  -13.505  37.275 0.0000000000
82285  -37.466  -13.944  34.413 0.0000000000
82298  -37.464  -13.712  33.490 0.0000000000
81157  -40.137  -14.422  31.323 0.0000000000
81158  -40.674  -14.502  31.683 0.0000000000
81159  -41.523  -14.537  32.075 0.0000000000
57013  -22.802  -34.486  43.596 0.0000000000
57027  -22.729  -34.456  42.737 0.0000000000
55882  -21.040  -34.492  41.649 0.0000000000
70254  -5.006  -25.895  42.909 0.0000000000
70255  -7.958  -25.563  43.721 0.0000000000
70245  -8.745  -25.437  44.075 0.0000000000
64160  -3.960  -30.670  49.190 0.0000000000
64170  -3.917  -31.274  48.463 0.0000000000
60443  -2.933  -33.231  45.725 0.0000000000
61723  -2.876  -32.620  45.667 0.0000000000
62938  -3.124  -31.846  45.390 0.0000000000
59201  -5.242  -34.211  43.636 0.0000000000
59185  -4.421  -34.183  44.391 0.0000000000
59233  -4.554  -34.205  41.738 0.0000000000
59215  -3.237  -34.059  42.556 0.0000000000
59231  -3.463  -33.612  42.021 0.0000000000
60500  -2.967  -32.971  42.052 0.0000000000
59248  -3.067  -33.990  41.166 0.0000000000
59285  -4.643  -33.847  39.172 0.0000000000
59284  -4.117  -33.762  39.653 0.0000000000
58145  -8.703  -36.437  37.768 0.0000000000
58166  -7.564  -36.474  36.645 0.0000000000
57107  -7.465  -37.228  36.730 0.0000000000
56792  -13.737  -34.383  57.733 0.0000000000
55637  -13.687  -35.345  56.803 0.0000000000
54539  -12.325  -37.193  56.450 0.0000000000
55645  -12.791  -36.438  56.499 0.0000000000
54538  -11.625  -37.325  56.479 0.0000000000
55643  -11.539  -36.903  56.591 0.0000000000
53491  -11.721  -38.410  55.275 0.0000000000
52355  -10.909  -38.605  54.936 0.0000000000
52347  -9.307  -39.039  56.163 0.0000000000
52348  -10.010  -38.805  55.909 0.0000000000
53475  -9.767  -38.244  56.796 0.0000000000
53480  -9.291  -38.629  56.470 0.0000000000
54534  -8.902  -38.249  56.310 0.0000000000
53479  -8.603  -38.654  56.134 0.0000000000
52359  -7.233  -39.001  54.463 0.0000000000
53487  -7.446  -38.707  54.859 0.0000000000
53496  -6.434  -38.899  54.063 0.0000000000
79927  -37.176  -15.412  39.696 0.0000000000
79928  -37.685  -15.312  40.353 0.0000000000
75230  -34.466  -23.444  40.851 0.0000000000
75231  -35.310  -23.744  40.629 0.0000000000
78759  -32.794  -17.308  39.476 0.0000000000
78778  -32.697  -17.574  38.757 0.0000000000
78779  -33.362  -17.226  38.541 0.0000000000
78762  -36.080  -16.129  39.142 0.0000000000
78747  -36.526  -15.674  39.876 0.0000000000
79935  -37.010  -15.715  38.873 0.0000000000
60390  -27.399  -31.387  48.572 0.0000000000
59128  -27.138  -32.589  48.043 0.0000000000
59141  -26.729  -33.637  46.952 0.0000000000
59156  -26.630  -33.428  46.684 0.0000000000
62908  -30.018  -28.652  49.794 0.0000000000
62899  -29.862  -28.826  50.208 0.0000000000
62898  -28.987  -29.077  50.199 0.0000000000
62907  -29.267  -29.051  49.564 0.0000000000
64208  -28.517  -28.404  46.529 0.0000000000
64204  -28.535  -28.570  47.045 0.0000000000
61715  -27.456  -29.990  47.321 0.0000000000
61702  -27.577  -31.610  47.554 0.0000000000
59209  -25.901  -32.622  45.039 0.0000000000
60444  -26.411  -32.538  45.741 0.0000000000
59190  -25.807  -32.941  45.013 0.0000000000
59207  -24.719  -33.002  44.080 0.0000000000
60504  -23.394  -32.055  41.979 0.0000000000
59238  -23.515  -32.802  42.294 0.0000000000
95590  -52.696  -1.850  18.167 0.0000000000
94556  -52.027  -2.062  17.703 0.0000000000
97628  -53.357  -0.988  16.170 0.0000000000
98597  -53.564  -0.250  16.745 0.0000000000
68988  -4.021  -25.890  53.137 0.0000000000
68979  -5.080  -26.515  53.235 0.0000000000
67960  -5.836  -27.466  53.313 0.0000000000
68951  -3.743  -26.768  55.077 0.0000000000
67957  -4.329  -26.997  54.508 0.0000000000
65461  -4.583  -30.081  52.718 0.0000000000
65462  -5.037  -29.724  52.685 0.0000000000
66777  -5.742  -29.208  53.072 0.0000000000
65485  -3.829  -29.887  50.603 0.0000000000
61683  -3.304  -32.582  49.960 0.0000000000
62900  -3.597  -31.823  49.780 0.0000000000
60379  -3.209  -33.211  49.176 0.0000000000
60340  -4.123  -33.058  52.054 0.0000000000
60397  -5.663  -33.503  48.321 0.0000000000
59125  -5.082  -33.604  48.004 0.0000000000
59139  -6.287  -33.613  47.267 0.0000000000
59154  -8.496  -33.960  46.559 0.0000000000
59153  -7.773  -33.817  46.326 0.0000000000
58035  -9.013  -34.961  45.399 0.0000000000
84604  -48.339  -12.777  25.856 0.0000000000
84605  -49.184  -12.834  25.542 0.0000000000
82187  -39.305  -15.023  40.826 0.0000000000
80081  -42.926  -16.216  26.738 0.0000000000
79007  -42.409  -15.966  25.865 0.0000000000
80097  -42.905  -15.853  26.309 0.0000000000
82373  -44.227  -13.988  25.848 0.0000000000
80121  -43.233  -14.867  25.535 0.0000000000
81268  -43.447  -14.449  25.010 0.0000000000
81284  -43.260  -14.481  24.441 0.0000000000
82394  -43.728  -14.302  24.427 0.0000000000
82395  -44.307  -13.908  24.279 0.0000000000
82385  -44.439  -13.569  24.992 0.0000000000
83496  -46.716  -12.647  25.334 0.0000000000
83502  -45.970  -12.691  25.068 0.0000000000
84608  -47.462  -12.630  25.340 0.0000000000
56808  -15.042  -34.623  56.442 0.0000000000
55648  -14.809  -34.967  55.972 0.0000000000
55652  -13.776  -35.737  55.496 0.0000000000
56820  -16.676  -34.262  54.515 0.0000000000
55660  -16.136  -34.283  54.268 0.0000000000
55664  -15.672  -35.503  53.709 0.0000000000
53501  -14.241  -37.074  53.575 0.0000000000
53500  -13.723  -37.343  53.880 0.0000000000
54559  -13.782  -36.841  54.401 0.0000000000
52367  -12.876  -38.328  53.551 0.0000000000
53505  -13.446  -38.004  53.468 0.0000000000
52390  -12.915  -38.292  50.959 0.0000000000
52386  -12.789  -38.388  51.911 0.0000000000
51010  -12.477  -38.438  50.945 0.0000000000
51026  -12.244  -38.590  50.195 0.0000000000
55822  -22.365  -34.613  44.231 0.0000000000
55799  -22.703  -34.489  44.892 0.0000000000
55798  -22.246  -34.700  45.042 0.0000000000
55796  -20.793  -35.319  45.179 0.0000000000
55777  -22.011  -34.692  45.977 0.0000000000
55776  -21.219  -35.108  46.040 0.0000000000
55758  -20.924  -35.381  46.954 0.0000000000
55755  -19.442  -35.677  47.473 0.0000000000
55773  -19.424  -35.619  46.590 0.0000000000
55756  -19.814  -35.732  47.302 0.0000000000
55743  -20.617  -35.488  48.030 0.0000000000
55742  -20.176  -35.931  48.206 0.0000000000
55716  -21.258  -36.151  49.114 0.0000000000
55728  -20.381  -37.113  48.412 0.0000000000
55714  -19.009  -36.995  49.407 0.0000000000
54614  -20.097  -37.197  49.852 0.0000000000
54599  -19.588  -36.716  50.423 0.0000000000
55686  -20.425  -35.453  51.006 0.0000000000
54590  -19.659  -36.198  50.736 0.0000000000
54581  -19.271  -36.347  51.392 0.0000000000
54598  -18.766  -36.738  50.621 0.0000000000
56862  -16.304  -35.721  50.516 0.0000000000
55699  -17.140  -35.851  50.797 0.0000000000
55698  -16.144  -35.580  51.125 0.0000000000
55690  -15.877  -35.678  51.617 0.0000000000
56861  -15.487  -35.679  50.738 0.0000000000
55754  -14.328  -36.452  46.884 0.0000000000
54626  -13.336  -37.514  49.371 0.0000000000
54612  -13.568  -36.800  50.267 0.0000000000
53537  -13.247  -37.862  49.991 0.0000000000
53550  -12.902  -37.974  49.076 0.0000000000
70189  -2.181  -24.328  48.018 0.0000000000
70190  -2.873  -24.460  47.522 0.0000000000
69061  -4.198  -24.971  47.295 0.0000000000
69035  -5.640  -25.658  49.855 0.0000000000
70160  -4.960  -25.377  49.318 0.0000000000
70162  -6.009  -25.420  49.260 0.0000000000
70194  -7.428  -25.131  47.720 0.0000000000
70193  -6.552  -25.122  47.859 0.0000000000
70205  -6.754  -25.118  47.052 0.0000000000
70204  -5.872  -25.076  47.171 0.0000000000
70215  -6.216  -25.086  46.518 0.0000000000
70216  -6.870  -25.126  46.181 0.0000000000
70217  -7.760  -25.190  46.053 0.0000000000
68033  -9.932  -26.781  46.137 0.0000000000
70219  -9.415  -25.572  45.700 0.0000000000
69087  -9.957  -26.120  45.447 0.0000000000
70233  -9.565  -25.615  44.715 0.0000000000
65509  -4.350  -30.178  48.414 0.0000000000
65510  -5.015  -29.730  48.150 0.0000000000
65541  -5.120  -30.051  46.012 0.0000000000
65523  -6.371  -29.241  47.078 0.0000000000
66832  -6.822  -29.088  47.239 0.0000000000
65597  -3.964  -30.600  42.972 0.0000000000
65578  -3.960  -30.515  43.432 0.0000000000
65580  -5.757  -29.978  44.040 0.0000000000
65562  -7.851  -29.285  45.187 0.0000000000
66856  -9.011  -28.364  45.796 0.0000000000
65582  -8.086  -29.324  44.498 0.0000000000
65602  -9.063  -29.291  43.556 0.0000000000
65603  -9.788  -29.050  43.235 0.0000000000
65623  -10.536  -28.861  41.981 0.0000000000
65639  -9.489  -29.614  41.520 0.0000000000
62838  -8.200  -30.136  57.434 0.0000000000
56791  -13.270  -34.403  57.611 0.0000000000
59065  -12.943  -32.822  58.127 0.0000000000
57915  -13.007  -33.534  57.731 0.0000000000
59075  -12.226  -33.502  57.235 0.0000000000
59070  -12.448  -32.832  57.699 0.0000000000
60295  -12.032  -32.603  57.581 0.0000000000
57934  -9.945  -35.929  55.676 0.0000000000
60311  -11.361  -32.837  56.257 0.0000000000
61616  -10.822  -32.334  56.617 0.0000000000
61603  -8.055  -30.861  55.855 0.0000000000
61613  -8.187  -31.455  55.254 0.0000000000
61622  -8.167  -31.863  54.667 0.0000000000
61632  -8.902  -32.116  54.265 0.0000000000
61663  -10.088  -32.851  52.014 0.0000000000
61673  -8.597  -32.665  51.210 0.0000000000
61685  -9.646  -33.077  50.581 0.0000000000
57967  -8.749  -35.374  52.236 0.0000000000
57986  -9.327  -35.314  49.253 0.0000000000
57979  -9.337  -35.269  50.359 0.0000000000
60401  -9.529  -33.765  49.332 0.0000000000
59126  -9.555  -34.513  48.784 0.0000000000
59140  -9.513  -34.439  47.821 0.0000000000
57995  -9.408  -35.222  48.186 0.0000000000
56929  -7.809  -36.788  46.282 0.0000000000
56951  -7.983  -36.575  45.383 0.0000000000
52384  -3.872  -40.280  52.680 0.0000000000
51018  -3.166  -40.961  50.999 0.0000000000
52398  -3.334  -40.409  51.044 0.0000000000
53516  -3.751  -39.518  50.930 0.0000000000
54583  -4.147  -39.102  51.041 0.0000000000
53525  -3.719  -39.416  50.605 0.0000000000
53548  -3.549  -39.501  49.121 0.0000000000
54625  -4.194  -39.161  49.439 0.0000000000
54639  -4.199  -39.241  48.607 0.0000000000
56889  -4.957  -38.893  49.096 0.0000000000
55738  -4.701  -39.175  48.298 0.0000000000
56925  -5.051  -38.691  47.057 0.0000000000
55769  -4.675  -38.769  46.197 0.0000000000
55770  -4.839  -38.358  45.719 0.0000000000
55791  -5.639  -37.531  44.518 0.0000000000
55815  -6.165  -37.344  43.741 0.0000000000
56988  -6.790  -36.905  44.029 0.0000000000
55838  -6.949  -37.331  42.738 0.0000000000
75112  -36.919  -22.030  46.754 0.0000000000
73865  -36.879  -22.652  47.111 0.0000000000
73864  -36.656  -22.540  47.689 0.0000000000
69094  -37.375  -25.855  45.086 0.0000000000
70237  -37.394  -25.185  44.762 0.0000000000
71431  -37.704  -24.605  45.757 0.0000000000
72642  -37.604  -23.572  46.478 0.0000000000
66853  -36.621  -26.784  45.926 0.0000000000
66868  -36.558  -27.020  45.257 0.0000000000
68032  -37.090  -26.393  45.785 0.0000000000
68041  -37.045  -26.459  45.341 0.0000000000
68007  -36.411  -26.156  47.923 0.0000000000
69046  -36.620  -25.705  47.740 0.0000000000
68024  -36.542  -26.245  46.471 0.0000000000
71397  -36.483  -24.339  48.410 0.0000000000
85683  -50.270  -12.036  23.769 0.0000000000
85684  -51.029  -11.563  24.165 0.0000000000
85680  -50.814  -11.766  24.553 0.0000000000
83508  -46.555  -13.000  23.889 0.0000000000
83520  -46.330  -12.877  23.052 0.0000000000
83521  -46.957  -12.772  22.803 0.0000000000
83538  -46.920  -12.590  22.371 0.0000000000
83557  -46.753  -12.429  21.984 0.0000000000
84653  -47.064  -12.164  21.851 0.0000000000
84637  -47.663  -12.270  22.537 0.0000000000
82188  -40.014  -14.274  40.717 0.0000000000
78819  -35.839  -16.341  37.002 0.0000000000
79954  -36.576  -16.078  37.502 0.0000000000
79971  -36.839  -15.574  36.886 0.0000000000
81111  -36.780  -15.528  36.630 0.0000000000
59189  -8.117  -33.869  44.249 0.0000000000
57033  -8.050  -37.193  41.263 0.0000000000
50995  -11.574  -38.678  52.065 0.0000000000
50981  -11.339  -39.008  52.799 0.0000000000
50994  -10.797  -39.024  52.057 0.0000000000
78718  -33.638  -19.632  44.947 0.0000000000
78734  -33.534  -20.082  44.394 0.0000000000
78717  -33.007  -19.037  44.242 0.0000000000
79892  -32.555  -17.914  43.518 0.0000000000
79880  -32.740  -17.445  44.350 0.0000000000
82137  -32.642  -16.099  44.190 0.0000000000
66762  -30.111  -27.625  51.964 0.0000000000
68056  -28.351  -26.762  43.720 0.0000000000
93458  -51.411  -5.473  21.538 0.0000000000
94509  -51.565  -4.667  21.062 0.0000000000
94510  -52.250  -4.614  21.385 0.0000000000
94520  -52.815  -4.094  20.950 0.0000000000
96578  -54.913  -3.097  21.518 0.0000000000
61611  -5.125  -31.037  55.192 0.0000000000
60306  -5.412  -31.358  54.231 0.0000000000
60307  -5.886  -31.180  54.669 0.0000000000
60317  -6.473  -31.553  54.060 0.0000000000
60327  -6.904  -32.197  53.952 0.0000000000
81190  -45.879  -14.646  29.867 0.0000000000
81178  -45.807  -14.692  30.984 0.0000000000
80007  -41.959  -15.104  31.003 0.0000000000
78885  -41.573  -15.393  30.430 0.0000000000
78886  -42.196  -15.288  30.585 0.0000000000
78897  -42.581  -15.401  30.141 0.0000000000
78913  -42.571  -15.840  29.298 0.0000000000
78914  -43.281  -15.680  29.154 0.0000000000
78899  -43.780  -15.305  29.531 0.0000000000
80034  -44.409  -15.062  29.461 0.0000000000
57946  -18.655  -33.997  53.721 0.0000000000
57952  -19.020  -34.304  53.278 0.0000000000
55673  -18.951  -35.210  52.752 0.0000000000
55678  -18.401  -35.641  52.469 0.0000000000
58000  -25.913  -33.956  47.291 0.0000000000
69133  -7.709  -25.620  42.657 0.0000000000
70265  -7.812  -25.454  41.977 0.0000000000
68992  -7.092  -26.024  52.112 0.0000000000
67970  -7.097  -27.155  52.300 0.0000000000
66789  -7.431  -28.102  51.517 0.0000000000
66799  -6.494  -29.038  49.745 0.0000000000
60551  -3.868  -32.774  39.069 0.0000000000
61813  -3.906  -32.130  39.516 0.0000000000
61825  -3.936  -32.062  38.345 0.0000000000
63011  -3.958  -31.481  38.788 0.0000000000
64314  -3.724  -30.794  37.645 0.0000000000
62819  -12.859  -30.660  58.670 0.0000000000
55657  -7.743  -37.456  54.374 0.0000000000
56818  -8.050  -36.647  54.703 0.0000000000
56817  -7.791  -37.188  53.959 0.0000000000
56824  -7.348  -37.380  53.382 0.0000000000
56831  -7.365  -36.709  53.147 0.0000000000
56837  -6.792  -36.821  52.480 0.0000000000
56836  -6.182  -37.293  52.351 0.0000000000
56842  -5.328  -38.016  51.308 0.0000000000
75159  -38.144  -22.119  45.040 0.0000000000
75158  -37.803  -21.993  44.881 0.0000000000
76344  -37.101  -21.495  44.897 0.0000000000
77527  -36.598  -21.306  44.750 0.0000000000
77526  -35.919  -20.861  44.829 0.0000000000
77512  -36.143  -20.306  45.564 0.0000000000
65631  -35.662  -27.690  41.714 0.0000000000
65554  -34.757  -27.413  46.671 0.0000000000
65535  -34.517  -28.058  47.515 0.0000000000
65553  -33.854  -27.339  46.653 0.0000000000
66880  -32.022  -26.743  45.022 0.0000000000
65586  -32.746  -26.851  44.157 0.0000000000
87949  -48.853  -10.000  21.404 0.0000000000
89067  -49.388  -9.537  21.441 0.0000000000
89076  -49.583  -8.958  21.351 0.0000000000
90156  -50.109  -8.318  21.603 0.0000000000
91283  -50.778  -7.432  21.854 0.0000000000
81132  -42.975  -13.750  34.077 0.0000000000
81121  -43.356  -13.744  34.523 0.0000000000
82273  -43.223  -13.707  34.986 0.0000000000
82256  -43.582  -13.282  35.808 0.0000000000
82287  -39.547  -13.366  34.269 0.0000000000
82301  -40.610  -13.554  32.917 0.0000000000
81145  -41.222  -14.047  32.591 0.0000000000
58105  -22.624  -34.096  41.444 0.0000000000
69117  -5.334  -25.851  43.447 0.0000000000
69102  -6.791  -25.310  44.806 0.0000000000
61701  -2.962  -32.632  47.966 0.0000000000
62918  -3.486  -31.992  47.595 0.0000000000
60429  -3.174  -33.171  46.382 0.0000000000
59217  -4.986  -34.189  42.677 0.0000000000
59249  -3.943  -34.254  40.945 0.0000000000
59300  -6.024  -33.880  37.288 0.0000000000
59318  -6.397  -35.007  36.196 0.0000000000
55646  -13.341  -36.070  56.347 0.0000000000
54547  -12.348  -37.515  56.009 0.0000000000
53483  -11.661  -38.020  55.820 0.0000000000
52354  -10.061  -38.597  55.159 0.0000000000
52362  -9.460  -38.773  54.680 0.0000000000
52352  -8.525  -39.009  55.725 0.0000000000
53489  -8.112  -38.977  55.810 0.0000000000
52351  -7.785  -39.023  55.336 0.0000000000
52370  -6.941  -39.266  54.054 0.0000000000
79916  -36.393  -15.437  40.582 0.0000000000
79904  -36.994  -15.142  41.344 0.0000000000
81041  -36.841  -14.927  41.857 0.0000000000
75214  -33.159  -22.627  41.729 0.0000000000
81066  -32.599  -16.698  41.329 0.0000000000
81067  -32.942  -16.295  40.852 0.0000000000
81068  -33.615  -16.274  40.534 0.0000000000
79926  -33.781  -16.549  39.961 0.0000000000
78745  -34.781  -16.190  39.837 0.0000000000
61669  -27.668  -30.372  50.485 0.0000000000
60404  -27.752  -32.046  48.136 0.0000000000
64149  -31.297  -28.390  50.586 0.0000000000
64165  -29.819  -28.684  49.383 0.0000000000
64211  -27.399  -29.454  45.643 0.0000000000
62946  -27.000  -30.516  45.264 0.0000000000
61724  -26.737  -31.129  45.828 0.0000000000
60460  -26.542  -31.606  45.578 0.0000000000
61737  -26.505  -31.319  45.340 0.0000000000
60473  -25.741  -32.234  44.834 0.0000000000
60472  -25.047  -32.185  44.353 0.0000000000
59224  -24.648  -32.526  43.879 0.0000000000
60487  -24.573  -32.033  43.712 0.0000000000
61774  -24.235  -31.492  43.299 0.0000000000
95578  -48.765  -3.647  18.417 0.0000000000
66750  -4.579  -28.427  54.518 0.0000000000
67945  -4.279  -27.746  54.402 0.0000000000
65438  -4.981  -29.229  54.134 0.0000000000
64142  -4.158  -30.334  52.257 0.0000000000
65472  -3.696  -30.560  51.196 0.0000000000
64141  -4.095  -31.020  51.801 0.0000000000
62889  -3.967  -31.981  50.904 0.0000000000
61671  -3.504  -32.718  50.746 0.0000000000
60366  -5.776  -33.415  50.645 0.0000000000
60415  -6.804  -33.610  47.536 0.0000000000
60433  -8.576  -33.693  47.352 0.0000000000
59155  -9.057  -34.346  46.895 0.0000000000
84591  -48.392  -12.691  26.876 0.0000000000
81239  -44.010  -15.010  27.513 0.0000000000
80098  -43.272  -15.258  26.176 0.0000000000
81238  -43.657  -14.824  26.837 0.0000000000
82374  -44.711  -13.512  25.443 0.0000000000
83501  -45.148  -13.102  25.248 0.0000000000
83494  -45.195  -13.487  25.927 0.0000000000
55654  -15.287  -34.494  55.232 0.0000000000
54562  -16.087  -35.995  53.609 0.0000000000
54566  -15.709  -36.428  53.321 0.0000000000
53507  -14.333  -37.094  53.152 0.0000000000
53510  -13.878  -38.243  53.036 0.0000000000
53514  -13.821  -38.026  52.444 0.0000000000
52391  -13.158  -38.121  50.932 0.0000000000
55843  -21.420  -34.622  43.420 0.0000000000
55820  -21.114  -34.746  44.299 0.0000000000
55819  -20.197  -34.719  44.364 0.0000000000
55795  -19.908  -35.275  45.424 0.0000000000
58040  -18.069  -34.427  45.629 0.0000000000
58028  -18.463  -34.912  46.290 0.0000000000
55726  -18.936  -36.417  48.908 0.0000000000
55713  -18.404  -36.293  49.663 0.0000000000
55700  -18.071  -36.382  50.457 0.0000000000
56879  -17.547  -35.840  49.437 0.0000000000
56878  -16.429  -35.673  49.667 0.0000000000
55753  -13.972  -36.948  46.872 0.0000000000
53561  -13.169  -37.901  48.133 0.0000000000
53549  -12.809  -38.143  48.565 0.0000000000
69048  -4.100  -24.963  48.393 0.0000000000
69037  -7.621  -25.798  49.402 0.0000000000
70163  -6.751  -25.481  49.139 0.0000000000
69050  -7.918  -25.533  48.733 0.0000000000
70180  -7.998  -25.261  48.300 0.0000000000
70195  -8.320  -25.280  47.612 0.0000000000
70207  -8.407  -25.280  46.703 0.0000000000
69064  -9.244  -25.999  47.478 0.0000000000
66857  -9.767  -27.601  45.926 0.0000000000
65520  -3.871  -30.844  46.335 0.0000000000
65521  -4.504  -30.413  47.106 0.0000000000
65617  -4.800  -30.547  42.120 0.0000000000
65618  -5.302  -30.447  42.174 0.0000000000
65600  -6.664  -29.922  43.162 0.0000000000
65638  -8.498  -29.941  41.423 0.0000000000
56796  -12.388  -35.209  57.180 0.0000000000
57922  -12.464  -34.096  57.405 0.0000000000
57921  -12.044  -34.807  57.249 0.0000000000
57928  -11.651  -34.631  56.966 0.0000000000
57950  -9.739  -35.060  55.187 0.0000000000
59083  -10.916  -34.488  55.798 0.0000000000
59087  -10.567  -34.636  55.133 0.0000000000
59088  -11.215  -33.901  55.213 0.0000000000
60320  -11.289  -32.939  55.513 0.0000000000
61625  -10.646  -32.448  55.913 0.0000000000
61634  -10.632  -32.483  55.007 0.0000000000
61633  -9.748  -32.227  54.608 0.0000000000
61641  -9.631  -32.450  53.723 0.0000000000
61652  -10.334  -32.841  53.110 0.0000000000
61664  -10.537  -33.141  52.530 0.0000000000
60356  -10.614  -33.609  52.150 0.0000000000
57972  -7.588  -36.636  50.986 0.0000000000
57977  -7.788  -36.715  50.176 0.0000000000
56894  -8.097  -36.283  47.888 0.0000000000
56910  -7.580  -36.841  47.211 0.0000000000
56928  -6.935  -37.213  46.493 0.0000000000
51017  -3.007  -40.481  50.176 0.0000000000
52409  -2.961  -39.926  49.843 0.0000000000
51039  -2.943  -40.475  49.403 0.0000000000
52421  -3.131  -40.082  48.527 0.0000000000
52432  -3.357  -40.305  47.558 0.0000000000
55813  -4.945  -38.408  44.681 0.0000000000
68074  -37.878  -27.121  41.764 0.0000000000
69150  -38.194  -26.390  41.327 0.0000000000
69136  -38.219  -26.277  42.474 0.0000000000
72677  -37.667  -23.761  44.198 0.0000000000
72665  -37.972  -23.694  45.076 0.0000000000
73907  -38.050  -22.741  44.757 0.0000000000
75150  -38.181  -21.868  45.574 0.0000000000
76339  -37.631  -21.464  46.058 0.0000000000
65611  -35.278  -27.755  43.364 0.0000000000
65612  -35.612  -27.738  43.105 0.0000000000
65592  -36.289  -27.479  44.799 0.0000000000
65613  -36.112  -27.519  43.768 0.0000000000
65632  -36.109  -27.579  42.533 0.0000000000
66923  -37.261  -27.588  41.705 0.0000000000
66829  -34.804  -26.874  46.950 0.0000000000
68015  -35.928  -26.256  47.519 0.0000000000
65518  -35.122  -27.357  46.591 0.0000000000
65536  -35.165  -27.708  46.489 0.0000000000
65555  -35.351  -27.758  46.176 0.0000000000
65574  -35.308  -27.713  45.383 0.0000000000
87934  -51.140  -9.797  22.976 0.0000000000
87935  -51.813  -9.574  23.481 0.0000000000
87930  -51.944  -9.925  24.148 0.0000000000
83536  -45.380  -12.756  22.433 0.0000000000
83570  -44.596  -12.479  20.987 0.0000000000
84663  -44.166  -12.346  20.719 0.0000000000
84664  -44.872  -12.527  20.266 0.0000000000
86834  -45.737  -11.136  20.821 0.0000000000
86835  -46.416  -10.956  21.297 0.0000000000
86836  -47.167  -10.793  21.466 0.0000000000
85714  -47.310  -11.856  21.797 0.0000000000
86806  -48.271  -11.361  21.869 0.0000000000
87940  -48.589  -10.699  21.625 0.0000000000
86809  -50.520  -10.101  22.635 0.0000000000
82254  -41.615  -13.189  36.135 0.0000000000
82213  -40.351  -13.804  38.394 0.0000000000
78838  -35.242  -16.429  36.092 0.0000000000
78837  -34.446  -16.873  35.673 0.0000000000
79985  -35.137  -15.891  34.433 0.0000000000
81141  -34.799  -15.665  33.822 0.0000000000
81142  -35.722  -14.963  33.865 0.0000000000
82268  -38.462  -13.855  35.244 0.0000000000
69071  -3.798  -25.046  45.730 0.0000000000
59150  -4.698  -33.692  46.130 0.0000000000
59167  -5.540  -34.027  45.405 0.0000000000
59219  -6.678  -34.061  43.338 0.0000000000
60471  -7.705  -33.850  43.318 0.0000000000
60484  -7.078  -34.031  42.706 0.0000000000
60483  -6.479  -34.068  42.334 0.0000000000
59252  -7.278  -34.197  40.251 0.0000000000
59270  -7.463  -34.477  39.124 0.0000000000
59288  -7.744  -34.785  37.951 0.0000000000
59271  -8.300  -34.851  38.929 0.0000000000
58125  -8.721  -35.644  38.472 0.0000000000
57089  -8.632  -37.187  37.942 0.0000000000
57048  -8.804  -36.475  39.584 0.0000000000
57068  -8.804  -36.835  38.657 0.0000000000
55923  -7.910  -38.312  38.408 0.0000000000
53498  -12.509  -38.116  54.327 0.0000000000
53492  -12.378  -38.218  54.891 0.0000000000
52357  -12.140  -38.541  54.354 0.0000000000
52365  -11.698  -38.851  54.034 0.0000000000
52372  -10.686  -39.156  53.906 0.0000000000
50980  -10.757  -38.948  53.000 0.0000000000
50967  -10.551  -39.003  53.521 0.0000000000
50966  -9.937  -39.004  53.534 0.0000000000
83322  -34.739  -14.530  41.932 0.0000000000
83306  -35.081  -14.265  42.403 0.0000000000
75217  -35.937  -23.656  41.393 0.0000000000
75232  -35.923  -24.136  40.444 0.0000000000
75204  -34.610  -22.524  42.379 0.0000000000
75215  -34.093  -23.029  41.819 0.0000000000
77537  -33.520  -20.553  43.750 0.0000000000
75203  -33.777  -22.168  42.478 0.0000000000
75202  -32.785  -21.572  42.334 0.0000000000
75201  -32.333  -21.366  41.816 0.0000000000
75213  -32.006  -21.809  41.184 0.0000000000
76402  -31.703  -20.730  41.251 0.0000000000
78744  -32.125  -18.448  41.770 0.0000000000
79902  -32.353  -17.655  42.398 0.0000000000
81052  -32.491  -16.778  41.959 0.0000000000
62866  -28.697  -29.548  51.941 0.0000000000
65530  -30.500  -27.765  47.621 0.0000000000
65585  -28.693  -27.734  46.019 0.0000000000
65584  -28.182  -28.291  45.788 0.0000000000
66891  -27.714  -27.293  44.545 0.0000000000
65605  -27.382  -28.409  45.343 0.0000000000
64220  -26.593  -29.648  44.469 0.0000000000
64233  -25.823  -29.586  43.921 0.0000000000
94529  -49.681  -4.097  19.675 0.0000000000
94518  -51.026  -4.359  20.546 0.0000000000
95572  -49.214  -3.674  19.144 0.0000000000
95579  -49.968  -3.177  18.408 0.0000000000
153051  -50.605  -2.717  17.851 0.0000000000
153043  -51.204  -2.551  18.104 0.0000000000
96606  -53.523  -2.836  20.086 0.0000000000
62853  -4.111  -31.110  54.152 0.0000000000
61647  -3.485  -32.341  52.750 0.0000000000
61638  -3.678  -32.715  53.636 0.0000000000
60332  -4.119  -33.140  53.129 0.0000000000
60341  -5.234  -32.984  52.552 0.0000000000
60325  -5.292  -32.744  53.953 0.0000000000
60333  -4.963  -33.081  53.448 0.0000000000
60352  -5.780  -33.161  51.725 0.0000000000
60384  -8.115  -32.980  50.219 0.0000000000
83475  -45.665  -13.915  28.419 0.0000000000
83476  -46.240  -13.702  28.549 0.0000000000
83468  -46.316  -13.935  29.029 0.0000000000
81191  -46.602  -14.561  30.243 0.0000000000
78895  -41.311  -15.680  29.815 0.0000000000
77767  -40.673  -16.559  28.473 0.0000000000
78965  -41.890  -16.705  26.722 0.0000000000
78967  -43.099  -16.263  27.100 0.0000000000
78930  -43.508  -15.984  28.460 0.0000000000
80063  -43.900  -15.784  27.981 0.0000000000
80083  -43.941  -15.265  27.492 0.0000000000
81224  -44.496  -14.983  27.943 0.0000000000
82356  -44.903  -14.364  28.043 0.0000000000
59082  -17.816  -33.690  55.084 0.0000000000
56821  -17.353  -34.382  54.380 0.0000000000
55661  -16.871  -34.466  54.257 0.0000000000
56827  -18.278  -34.611  53.504 0.0000000000
55666  -17.313  -34.818  53.703 0.0000000000
54567  -16.537  -36.007  52.971 0.0000000000
54585  -15.563  -35.914  52.060 0.0000000000
58081  -17.730  -33.590  42.668 0.0000000000
58068  -17.638  -33.998  43.553 0.0000000000
58067  -16.969  -34.140  43.768 0.0000000000
58054  -17.015  -33.971  44.759 0.0000000000
58039  -16.818  -33.989  45.779 0.0000000000
58011  -15.673  -34.726  47.321 0.0000000000
58025  -15.309  -34.803  46.463 0.0000000000
56953  -14.786  -35.629  46.160 0.0000000000
69018  -3.402  -25.323  49.726 0.0000000000
69020  -5.210  -25.628  50.645 0.0000000000
69021  -6.169  -25.767  50.665 0.0000000000
69022  -7.127  -25.976  50.414 0.0000000000
68993  -7.345  -26.338  51.587 0.0000000000
69008  -7.542  -26.394  51.015 0.0000000000
69023  -8.037  -26.397  50.281 0.0000000000
69024  -8.412  -26.699  49.994 0.0000000000
66813  -8.494  -27.469  49.279 0.0000000000
62953  -2.835  -31.672  43.413 0.0000000000
64216  -2.867  -30.943  43.074 0.0000000000
64228  -3.539  -31.203  42.319 0.0000000000
64229  -3.948  -31.125  42.068 0.0000000000
62980  -3.578  -31.376  40.816 0.0000000000
64245  -3.915  -30.738  41.096 0.0000000000
64230  -4.414  -30.728  41.884 0.0000000000
64246  -4.568  -30.550  40.938 0.0000000000
64247  -5.328  -30.495  40.902 0.0000000000
64265  -5.841  -30.701  40.235 0.0000000000
64284  -6.297  -30.840  39.646 0.0000000000
65380  -12.188  -29.463  59.088 0.0000000000
65384  -11.643  -28.721  59.361 0.0000000000
64063  -11.436  -29.668  59.007 0.0000000000
62815  -10.961  -30.523  58.768 0.0000000000
61580  -10.810  -31.380  58.858 0.0000000000
55640  -9.496  -37.715  56.238 0.0000000000
56804  -10.078  -36.942  55.818 0.0000000000
56803  -9.339  -37.291  55.592 0.0000000000
57933  -9.127  -36.106  55.569 0.0000000000
57942  -9.361  -35.569  55.566 0.0000000000
57941  -8.453  -35.841  55.663 0.0000000000
57949  -9.029  -35.347  55.145 0.0000000000
59096  -9.898  -34.535  53.368 0.0000000000
57961  -9.013  -34.905  53.259 0.0000000000
56852  -6.847  -37.132  50.811 0.0000000000
72721  -37.233  -24.437  39.749 0.0000000000
73953  -36.638  -24.023  41.049 0.0000000000
70268  -38.092  -25.615  41.983 0.0000000000
71470  -37.162  -24.619  41.983 0.0000000000
72687  -37.616  -23.510  43.199 0.0000000000
72694  -37.287  -24.025  42.492 0.0000000000
72703  -36.964  -24.463  41.584 0.0000000000
73943  -36.698  -23.792  42.046 0.0000000000
75218  -36.416  -23.721  41.707 0.0000000000
75205  -35.542  -22.590  42.601 0.0000000000
77524  -34.566  -20.548  44.784 0.0000000000
78720  -35.273  -20.193  45.464 0.0000000000
77525  -34.962  -20.663  44.810 0.0000000000
78719  -34.367  -20.182  45.191 0.0000000000
78704  -33.937  -19.259  45.618 0.0000000000
64140  -31.830  -28.184  50.875 0.0000000000
64167  -31.663  -27.990  49.232 0.0000000000
64193  -31.786  -28.309  47.910 0.0000000000
65506  -33.850  -28.358  48.992 0.0000000000
64196  -34.121  -28.766  47.716 0.0000000000
64182  -33.976  -28.691  48.069 0.0000000000
64181  -33.210  -28.612  48.328 0.0000000000
65531  -31.477  -28.105  47.365 0.0000000000
65550  -31.073  -27.560  47.006 0.0000000000
66864  -30.500  -26.829  45.715 0.0000000000
66878  -30.580  -27.033  44.840 0.0000000000
66893  -30.569  -26.549  43.953 0.0000000000
89074  -47.587  -9.223  21.088 0.0000000000
90162  -46.942  -8.569  20.409 0.0000000000
90176  -46.535  -8.293  19.948 0.0000000000
93457  -50.712  -5.773  21.123 0.0000000000
93459  -52.378  -5.402  22.176 0.0000000000
93461  -53.859  -4.988  22.498 0.0000000000
81162  -44.035  -14.471  31.880 0.0000000000
81123  -44.463  -13.878  34.526 0.0000000000
82230  -42.922  -13.447  36.708 0.0000000000
79993  -41.128  -14.836  31.260 0.0000000000
79994  -41.739  -14.830  31.457 0.0000000000
79995  -42.357  -14.793  31.559 0.0000000000
56997  -23.794  -33.992  44.712 0.0000000000
56978  -23.779  -34.283  45.502 0.0000000000
55846  -22.605  -34.533  43.779 0.0000000000
55844  -22.016  -34.707  43.551 0.0000000000
57041  -21.873  -34.484  41.774 0.0000000000
55866  -21.649  -34.602  42.792 0.0000000000
55864  -20.462  -34.352  42.340 0.0000000000
57024  -19.809  -34.137  41.930 0.0000000000
58092  -17.819  -33.222  41.348 0.0000000000
69131  -6.267  -25.903  42.797 0.0000000000
70256  -8.326  -25.465  43.110 0.0000000000
69120  -10.223  -25.803  43.624 0.0000000000
65486  -4.603  -29.757  50.384 0.0000000000
65487  -5.607  -29.522  50.140 0.0000000000
64183  -3.914  -31.135  47.255 0.0000000000
64197  -3.398  -31.152  45.978 0.0000000000
62944  -3.062  -31.774  44.405 0.0000000000
59166  -4.558  -34.036  45.287 0.0000000000
59165  -3.640  -33.998  45.127 0.0000000000
59164  -2.947  -33.900  45.020 0.0000000000
59200  -4.230  -34.220  43.482 0.0000000000
59199  -3.342  -34.160  43.368 0.0000000000
59183  -2.901  -33.889  44.131 0.0000000000
60468  -2.750  -33.244  43.929 0.0000000000
61754  -2.873  -32.446  43.694 0.0000000000
61773  -2.896  -32.312  42.704 0.0000000000
59266  -3.716  -33.935  40.346 0.0000000000
60535  -3.855  -33.387  39.775 0.0000000000
60534  -3.652  -32.867  40.131 0.0000000000
59302  -7.508  -35.097  37.287 0.0000000000
56797  -12.977  -35.194  57.306 0.0000000000
55636  -13.151  -35.623  56.755 0.0000000000
55635  -12.588  -35.846  56.720 0.0000000000
55634  -11.983  -36.056  56.681 0.0000000000
55642  -10.968  -37.065  56.473 0.0000000000
52349  -10.571  -38.554  55.598 0.0000000000
53482  -10.859  -38.289  56.301 0.0000000000
53476  -10.309  -38.147  56.782 0.0000000000
54536  -10.253  -37.809  56.767 0.0000000000
54533  -8.662  -38.042  55.978 0.0000000000
54542  -7.718  -38.325  55.229 0.0000000000
53488  -7.881  -38.867  55.557 0.0000000000
54552  -7.399  -38.093  54.552 0.0000000000
54551  -7.034  -38.424  53.981 0.0000000000
54558  -6.539  -38.488  53.652 0.0000000000
54564  -5.474  -39.049  53.189 0.0000000000
81079  -38.095  -15.282  40.171 0.0000000000
81070  -38.295  -15.475  41.054 0.0000000000
79905  -37.628  -15.288  41.554 0.0000000000
73965  -35.667  -24.212  39.737 0.0000000000
73980  -34.420  -24.181  38.800 0.0000000000
78798  -34.392  -16.878  37.248 0.0000000000
78761  -35.041  -16.181  38.955 0.0000000000
78781  -35.573  -16.425  38.248 0.0000000000
79944  -36.750  -16.056  38.176 0.0000000000
60361  -26.979  -30.740  49.973 0.0000000000
59120  -26.975  -31.909  48.537 0.0000000000
59119  -26.197  -32.982  47.666 0.0000000000
58015  -26.305  -34.234  47.007 0.0000000000
58030  -26.356  -34.062  46.802 0.0000000000
58042  -25.696  -33.622  46.263 0.0000000000
65448  -30.369  -28.060  51.684 0.0000000000
64148  -30.577  -28.710  50.701 0.0000000000
64138  -30.353  -28.778  51.162 0.0000000000
64137  -29.781  -29.091  51.362 0.0000000000
62878  -29.783  -29.269  50.986 0.0000000000
62887  -29.116  -29.479  50.747 0.0000000000
62897  -28.359  -29.644  50.136 0.0000000000
64191  -29.446  -28.288  47.971 0.0000000000
64177  -29.098  -28.999  48.528 0.0000000000
62932  -27.834  -29.392  47.140 0.0000000000
62916  -28.640  -29.758  48.659 0.0000000000
61696  -27.883  -31.877  47.885 0.0000000000
60419  -27.385  -32.330  47.456 0.0000000000
60445  -26.656  -32.154  46.076 0.0000000000
59174  -26.686  -32.859  46.540 0.0000000000
58057  -25.451  -33.319  45.259 0.0000000000
58056  -25.003  -33.642  45.535 0.0000000000
58070  -24.442  -33.575  44.686 0.0000000000
58083  -24.106  -33.410  43.594 0.0000000000
58093  -23.522  -33.878  42.975 0.0000000000
59223  -24.451  -33.006  43.067 0.0000000000
59237  -23.268  -33.430  42.225 0.0000000000
94545  -50.732  -2.442  17.073 0.0000000000
94555  -51.576  -2.176  17.075 0.0000000000
95599  -51.664  -1.863  16.437 0.0000000000
95598  -51.053  -2.004  15.855 0.0000000000
98599  -53.367  -0.166  15.444 0.0000000000
68990  -5.079  -25.853  52.489 0.0000000000
67969  -6.343  -27.413  52.774 0.0000000000
66764  -4.705  -28.161  54.309 0.0000000000
67959  -5.290  -27.392  53.822 0.0000000000
66766  -5.785  -28.342  53.445 0.0000000000
65463  -5.424  -29.495  52.190 0.0000000000
65497  -4.032  -30.438  49.912 0.0000000000
64159  -4.013  -31.096  49.580 0.0000000000
60394  -2.985  -33.200  48.256 0.0000000000
59123  -4.039  -33.552  47.509 0.0000000000
62869  -3.793  -32.387  51.959 0.0000000000
61659  -3.566  -33.088  51.024 0.0000000000
60349  -3.634  -33.150  50.590 0.0000000000
60365  -4.809  -33.352  50.345 0.0000000000
60364  -4.017  -33.333  50.109 0.0000000000
60380  -3.885  -33.378  49.255 0.0000000000
60396  -4.578  -33.435  48.499 0.0000000000
59124  -4.593  -33.600  47.793 0.0000000000
59137  -4.741  -33.566  46.994 0.0000000000
59151  -5.630  -33.782  46.322 0.0000000000
59169  -7.496  -33.933  45.471 0.0000000000
60431  -7.290  -33.660  46.851 0.0000000000
58051  -8.760  -34.565  44.455 0.0000000000
84606  -49.830  -12.789  25.302 0.0000000000
82199  -38.805  -14.909  39.796 0.0000000000
80119  -42.133  -15.664  25.318 0.0000000000
80137  -42.641  -14.858  24.878 0.0000000000
81283  -42.904  -14.529  24.267 0.0000000000
81301  -42.742  -14.407  23.815 0.0000000000
82408  -43.078  -14.236  23.537 0.0000000000
84623  -45.250  -13.286  24.177 0.0000000000
83507  -45.832  -13.027  24.340 0.0000000000
83504  -47.386  -12.748  24.194 0.0000000000
55647  -14.026  -35.519  56.210 0.0000000000
54549  -13.453  -36.409  55.519 0.0000000000
54554  -13.374  -36.701  54.798 0.0000000000
56815  -16.408  -34.070  55.145 0.0000000000
55655  -15.793  -34.039  54.994 0.0000000000
54561  -15.315  -36.101  53.942 0.0000000000
54556  -14.702  -35.877  54.352 0.0000000000
55658  -14.433  -35.458  54.518 0.0000000000
54555  -14.010  -36.038  54.612 0.0000000000
53494  -13.313  -37.266  54.347 0.0000000000
52375  -12.537  -38.783  53.349 0.0000000000
52382  -12.751  -38.692  52.785 0.0000000000
52383  -13.388  -38.395  52.588 0.0000000000
52385  -12.263  -38.635  52.365 0.0000000000
51009  -11.808  -38.627  50.968 0.0000000000
51025  -11.466  -38.824  50.105 0.0000000000
56977  -23.197  -34.395  45.627 0.0000000000
56955  -23.301  -34.599  46.498 0.0000000000
55760  -22.817  -34.764  46.848 0.0000000000
55731  -22.106  -35.375  48.190 0.0000000000
56994  -18.766  -34.123  43.847 0.0000000000
56976  -19.519  -34.644  44.674 0.0000000000
56954  -18.890  -35.243  46.033 0.0000000000
55774  -19.858  -35.647  46.374 0.0000000000
55717  -21.837  -35.651  48.827 0.0000000000
55704  -21.600  -35.574  49.381 0.0000000000
54629  -20.272  -37.573  49.137 0.0000000000
54601  -21.003  -36.639  49.913 0.0000000000
56845  -20.894  -35.230  50.967 0.0000000000
56838  -19.965  -35.496  52.263 0.0000000000
55684  -18.865  -36.246  52.079 0.0000000000
54579  -17.798  -36.120  51.675 0.0000000000
55692  -17.572  -36.078  51.002 0.0000000000
54587  -17.557  -35.914  51.316 0.0000000000
54586  -16.581  -35.316  51.681 0.0000000000
55689  -14.948  -36.136  51.806 0.0000000000
56912  -15.113  -35.008  47.988 0.0000000000
55725  -14.339  -35.899  49.495 0.0000000000
54596  -14.088  -36.678  51.440 0.0000000000
53526  -13.331  -37.810  50.879 0.0000000000
52400  -13.092  -38.241  50.324 0.0000000000
52399  -12.898  -38.499  50.202 0.0000000000
52425  -12.628  -38.324  49.394 0.0000000000
52411  -12.496  -38.509  49.610 0.0000000000
51049  -12.575  -38.594  49.911 0.0000000000
70202  -2.908  -24.460  46.519 0.0000000000
69072  -4.256  -25.172  46.088 0.0000000000
69033  -3.941  -25.453  49.300 0.0000000000
69049  -4.491  -25.183  48.773 0.0000000000
70178  -6.308  -25.240  48.609 0.0000000000
70192  -5.746  -25.074  48.051 0.0000000000
69062  -4.635  -24.941  47.841 0.0000000000
69073  -5.025  -25.147  46.681 0.0000000000
69085  -5.909  -25.204  45.733 0.0000000000
69086  -6.678  -25.133  45.546 0.0000000000
70231  -7.814  -25.060  45.138 0.0000000000
70218  -8.591  -25.288  45.868 0.0000000000
69104  -10.263  -26.169  44.326 0.0000000000
69105  -10.657  -26.581  44.002 0.0000000000
66810  -6.529  -28.981  48.644 0.0000000000
65511  -5.917  -29.315  47.960 0.0000000000
66822  -7.407  -28.902  48.220 0.0000000000
66834  -8.230  -28.611  47.653 0.0000000000
65558  -4.001  -30.450  44.358 0.0000000000
65559  -4.872  -30.126  44.829 0.0000000000
65560  -5.935  -29.705  45.138 0.0000000000
65543  -6.876  -29.245  46.363 0.0000000000
66844  -7.458  -29.085  46.497 0.0000000000
66845  -8.243  -28.755  46.668 0.0000000000
65583  -8.807  -29.127  44.237 0.0000000000
66872  -9.876  -27.797  44.692 0.0000000000
66873  -10.495  -27.410  44.169 0.0000000000
66889  -10.585  -27.778  43.679 0.0000000000
68053  -10.856  -27.044  43.820 0.0000000000
66902  -10.858  -28.335  42.534 0.0000000000
65657  -10.032  -29.493  40.617 0.0000000000
61592  -6.776  -29.959  55.882 0.0000000000
60285  -13.386  -32.422  58.399 0.0000000000
60284  -12.826  -32.313  58.513 0.0000000000
60283  -12.362  -32.245  58.601 0.0000000000
60282  -11.947  -32.256  58.594 0.0000000000
61581  -11.420  -31.715  59.040 0.0000000000
60281  -11.256  -32.128  58.843 0.0000000000
61588  -10.554  -31.919  58.739 0.0000000000
57936  -11.269  -34.789  56.572 0.0000000000
59079  -11.204  -34.323  56.180 0.0000000000
59080  -11.543  -33.854  56.500 0.0000000000
60294  -11.422  -32.422  57.593 0.0000000000
61597  -10.507  -32.164  58.173 0.0000000000
61587  -10.062  -31.401  58.342 0.0000000000
61596  -9.941  -31.557  57.773 0.0000000000
61586  -9.388  -30.820  58.013 0.0000000000
61595  -9.357  -30.886  57.247 0.0000000000
61615  -9.789  -32.069  56.405 0.0000000000
61604  -9.200  -31.090  56.489 0.0000000000
61594  -8.422  -30.436  56.832 0.0000000000
60301  -7.431  -30.775  55.432 0.0000000000
60300  -6.981  -30.773  55.258 0.0000000000
60319  -7.554  -31.484  54.768 0.0000000000
60328  -7.506  -32.014  54.298 0.0000000000
60336  -7.409  -32.709  53.898 0.0000000000
61640  -8.810  -32.413  53.470 0.0000000000
61650  -8.642  -32.665  52.724 0.0000000000
61649  -8.004  -33.008  52.762 0.0000000000
61661  -8.241  -32.750  52.066 0.0000000000
59100  -10.064  -34.515  52.473 0.0000000000
59106  -10.439  -34.205  51.974 0.0000000000
59111  -10.362  -34.217  51.365 0.0000000000
59110  -10.033  -34.524  50.771 0.0000000000
61686  -10.026  -33.415  50.681 0.0000000000
60386  -9.940  -33.710  50.206 0.0000000000
60400  -8.861  -33.302  49.135 0.0000000000
60434  -9.173  -33.858  47.692 0.0000000000
57994  -8.822  -35.692  47.577 0.0000000000
58009  -8.904  -35.627  46.664 0.0000000000
58024  -9.252  -35.018  46.323 0.0000000000
56952  -8.563  -35.837  45.296 0.0000000000
53502  -4.919  -39.392  53.467 0.0000000000
54563  -4.833  -39.358  53.179 0.0000000000
49718  -3.357  -42.127  51.647 0.0000000000
51001  -3.863  -41.128  51.895 0.0000000000
53513  -4.060  -39.757  52.346 0.0000000000
55674  -4.853  -39.128  52.152 0.0000000000
55681  -4.701  -38.785  51.458 0.0000000000
56841  -4.746  -38.313  51.089 0.0000000000
56848  -4.473  -38.326  50.742 0.0000000000
54610  -4.008  -39.192  49.984 0.0000000000
55710  -4.430  -38.693  49.920 0.0000000000
56856  -5.125  -37.917  50.287 0.0000000000
56872  -5.270  -38.233  49.734 0.0000000000
56890  -5.505  -38.499  48.844 0.0000000000
54648  -4.181  -39.216  47.501 0.0000000000
55752  -4.665  -38.972  47.179 0.0000000000
56907  -5.640  -38.555  47.853 0.0000000000
56908  -6.233  -38.077  47.656 0.0000000000
56927  -6.195  -37.813  46.692 0.0000000000
56949  -6.260  -37.510  45.754 0.0000000000
55790  -4.903  -37.762  45.002 0.0000000000
56969  -5.642  -37.564  45.165 0.0000000000
56971  -7.321  -36.768  44.651 0.0000000000
56989  -7.531  -36.641  43.706 0.0000000000
55839  -7.563  -37.057  42.221 0.0000000000
55861  -7.510  -37.433  41.770 0.0000000000
54742  -7.309  -38.953  40.318 0.0000000000
51064  -2.966  -40.368  48.899 0.0000000000
52358  -6.693  -39.100  54.131 0.0000000000
52388  -3.653  -39.813  51.108 0.0000000000
52420  -2.991  -39.952  49.203 0.0000000000
53473  -8.928  -38.496  56.406 0.0000000000
53474  -9.224  -38.360  56.529 0.0000000000
53477  -7.669  -38.591  55.272 0.0000000000
53478  -7.910  -38.614  55.520 0.0000000000
53497  -7.006  -38.876  54.278 0.0000000000
53512  -14.327  -37.178  52.974 0.0000000000
53517  -3.968  -39.628  51.440 0.0000000000
53527  -13.424  -37.246  51.038 0.0000000000
53535  -3.500  -39.424  49.991 0.0000000000
53536  -3.881  -39.227  49.664 0.0000000000
54544  -8.634  -38.413  56.143 0.0000000000
54545  -11.243  -37.753  56.426 0.0000000000
54557  -5.869  -38.846  53.534 0.0000000000
54568  -4.554  -39.380  52.672 0.0000000000
54569  -14.357  -37.085  52.787 0.0000000000
54580  -18.654  -36.515  51.606 0.0000000000
54582  -3.894  -39.325  50.825 0.0000000000
54589  -19.104  -36.581  51.022 0.0000000000
54594  -4.019  -39.194  50.696 0.0000000000
54597  -18.046  -36.467  50.923 0.0000000000
54600  -20.399  -36.661  50.234 0.0000000000
54609  -3.995  -39.208  50.387 0.0000000000
54611  -13.310  -37.513  49.855 0.0000000000
54613  -19.329  -37.006  49.993 0.0000000000
54615  -21.026  -37.280  49.544 0.0000000000
54628  -19.658  -37.286  49.411 0.0000000000
54630  -20.838  -37.443  48.875 0.0000000000
54650  -14.053  -37.013  47.151 0.0000000000
55663  -6.832  -37.978  53.434 0.0000000000
55667  -17.919  -34.786  53.492 0.0000000000
55668  -5.163  -39.151  52.703 0.0000000000
55677  -17.751  -35.723  52.093 0.0000000000
55680  -20.175  -35.719  51.897 0.0000000000
55683  -18.282  -36.291  51.974 0.0000000000
55688  -4.056  -38.606  51.093 0.0000000000
55696  -4.348  -38.554  50.466 0.0000000000
55702  -20.656  -36.144  50.082 0.0000000000
55711  -14.647  -35.872  50.412 0.0000000000
55712  -17.672  -36.138  50.152 0.0000000000
55715  -21.494  -36.982  49.191 0.0000000000
55724  -4.471  -38.855  49.219 0.0000000000
55729  -21.011  -36.741  48.686 0.0000000000
55740  -19.383  -35.997  48.353 0.0000000000
55794  -19.464  -35.428  45.936 0.0000000000
55814  -5.494  -37.900  44.145 0.0000000000
55816  -6.896  -36.995  43.432 0.0000000000
55823  -22.661  -34.509  44.107 0.0000000000
55845  -22.438  -34.599  43.539 0.0000000000
55883  -21.454  -34.444  42.022 0.0000000000
55884  -21.775  -34.521  42.412 0.0000000000
55903  -8.505  -37.412  39.545 0.0000000000
55944  -8.221  -37.714  37.836 0.0000000000
56795  -11.840  -35.549  56.847 0.0000000000
56813  -9.436  -36.650  55.540 0.0000000000
56814  -15.814  -34.293  55.416 0.0000000000
56826  -17.730  -34.655  53.787 0.0000000000
56832  -18.724  -34.953  52.926 0.0000000000
56833  -19.340  -35.019  52.659 0.0000000000
56840  -21.197  -34.796  51.233 0.0000000000
56849  -4.833  -38.064  50.868 0.0000000000
56853  -21.707  -35.180  49.805 0.0000000000
56855  -4.528  -38.341  50.403 0.0000000000
56860  -7.803  -36.828  49.629 0.0000000000
56897  -17.896  -35.339  48.598 0.0000000000
56913  -18.302  -35.225  47.960 0.0000000000
56932  -18.330  -35.146  47.327 0.0000000000
56934  -23.381  -34.769  46.969 0.0000000000
56947  -5.075  -38.556  46.294 0.0000000000
56998  -24.216  -33.940  44.914 0.0000000000
57012  -22.600  -34.576  43.183 0.0000000000
57026  -22.370  -34.543  42.701 0.0000000000
57040  -21.183  -34.649  41.158 0.0000000000
57931  -16.723  -33.951  55.811 0.0000000000
57937  -16.898  -34.052  55.262 0.0000000000
57938  -17.414  -34.007  55.035 0.0000000000
57940  -7.796  -35.903  55.447 0.0000000000
57944  -17.727  -34.232  54.442 0.0000000000
57945  -18.207  -34.144  54.119 0.0000000000
57951  -18.560  -34.381  53.516 0.0000000000
57962  -9.647  -34.681  52.842 0.0000000000
57998  -17.801  -35.100  48.075 0.0000000000
58023  -8.989  -35.562  45.930 0.0000000000
58029  -25.844  -34.327  46.772 0.0000000000
58041  -24.967  -33.841  46.068 0.0000000000
58069  -23.924  -33.768  44.524 0.0000000000
58082  -23.696  -33.689  44.106 0.0000000000
58117  -22.428  -34.007  40.829 0.0000000000
58143  -7.368  -35.238  36.925 0.0000000000
58144  -8.084  -35.632  37.205 0.0000000000
59066  -13.439  -32.984  58.141 0.0000000000
59089  -19.032  -33.830  53.504 0.0000000000
59090  -9.565  -34.582  53.999 0.0000000000
59105  -10.044  -34.595  51.699 0.0000000000
59116  -26.939  -31.276  48.704 0.0000000000
59157  -26.800  -32.963  46.974 0.0000000000
59171  -8.854  -34.221  46.243 0.0000000000
59172  -26.055  -33.092  45.743 0.0000000000
59191  -26.182  -32.707  45.477 0.0000000000
59202  -6.249  -34.024  43.829 0.0000000000
59203  -6.707  -33.939  43.655 0.0000000000
59214  -2.927  -33.733  42.531 0.0000000000
59230  -3.073  -33.401  42.183 0.0000000000
59247  -3.136  -33.449  41.749 0.0000000000
59289  -8.307  -35.055  38.315 0.0000000000
60276  -11.879  -31.770  58.937 0.0000000000
60277  -12.240  -31.778  58.809 0.0000000000
60279  -13.348  -31.885  58.543 0.0000000000
60298  -6.025  -30.906  55.157 0.0000000000
60309  -6.969  -31.130  54.906 0.0000000000
60312  -11.037  -32.620  56.134 0.0000000000
60314  -18.399  -33.595  54.370 0.0000000000
60316  -5.788  -31.749  53.806 0.0000000000
60321  -11.023  -32.635  55.897 0.0000000000
60331  -19.953  -33.900  52.774 0.0000000000
60369  -10.363  -33.779  50.947 0.0000000000
60370  -10.560  -33.883  51.550 0.0000000000
60385  -9.281  -33.040  49.906 0.0000000000
60391  -27.744  -30.690  49.319 0.0000000000
60413  -3.404  -33.395  47.530 0.0000000000
60456  -6.595  -33.876  44.103 0.0000000000
60457  -6.932  -33.770  44.122 0.0000000000
60470  -7.077  -33.866  43.574 0.0000000000
60501  -6.786  -33.922  41.980 0.0000000000
60503  -7.875  -33.830  41.854 0.0000000000
60519  -3.452  -33.518  40.513 0.0000000000
61571  -11.113  -31.145  58.917 0.0000000000
61575  -12.767  -31.275  58.675 0.0000000000
61579  -10.320  -31.076  58.530 0.0000000000
61582  -13.905  -31.859  58.387 0.0000000000
61591  -6.166  -29.990  55.669 0.0000000000
61599  -5.311  -30.670  55.687 0.0000000000
61602  -7.189  -30.478  55.687 0.0000000000
61610  -4.675  -31.023  54.963 0.0000000000
61617  -10.992  -32.538  56.361 0.0000000000
61637  -3.433  -32.216  53.204 0.0000000000
61639  -8.081  -32.774  53.381 0.0000000000
61660  -3.700  -32.846  51.564 0.0000000000
61672  -3.783  -32.401  51.200 0.0000000000
61674  -9.426  -32.743  51.209 0.0000000000
61675  -10.019  -33.178  51.125 0.0000000000
61681  -27.667  -30.282  50.110 0.0000000000
61682  -27.979  -29.990  50.023 0.0000000000
61738  -26.677  -31.094  45.404 0.0000000000
61775  -24.701  -31.512  43.977 0.0000000000
61790  -23.722  -31.428  42.420 0.0000000000
62810  -11.674  -30.311  58.995 0.0000000000
62811  -11.873  -30.309  59.077 0.0000000000
62812  -12.034  -30.117  59.107 0.0000000000
62822  -9.945  -30.358  58.569 0.0000000000
62824  -10.747  -30.776  58.719 0.0000000000
62836  -7.104  -29.573  56.482 0.0000000000
62843  -5.739  -29.784  55.819 0.0000000000
62859  -3.710  -31.470  53.464 0.0000000000
62867  -29.073  -29.326  51.844 0.0000000000
62890  -3.917  -32.173  51.235 0.0000000000
62931  -27.441  -29.841  46.709 0.0000000000
62955  -26.619  -30.657  44.907 0.0000000000
64065  -12.108  -29.872  59.084 0.0000000000
64067  -10.354  -29.714  58.806 0.0000000000
64068  -10.941  -29.930  58.789 0.0000000000
64069  -11.335  -29.981  58.870 0.0000000000
64109  -4.587  -30.025  53.994 0.0000000000
64126  -28.925  -29.176  52.117 0.0000000000
64128  -30.210  -28.519  51.504 0.0000000000
64129  -30.872  -28.373  51.438 0.0000000000
64158  -33.136  -28.276  49.246 0.0000000000
64169  -33.618  -28.653  48.706 0.0000000000
64195  -33.643  -28.718  47.819 0.0000000000
64198  -3.513  -30.916  45.455 0.0000000000
64203  -27.924  -29.269  46.753 0.0000000000
64217  -3.515  -30.749  42.901 0.0000000000
64218  -4.076  -30.794  42.594 0.0000000000
64231  -4.968  -30.485  41.581 0.0000000000
64264  -5.150  -30.942  40.186 0.0000000000
64297  -3.847  -30.925  38.181 0.0000000000
65379  -12.009  -29.237  59.166 0.0000000000
65385  -11.996  -28.869  59.250 0.0000000000
65447  -29.645  -28.005  51.970 0.0000000000
65451  -5.059  -29.489  53.557 0.0000000000
65538  -36.227  -27.359  46.136 0.0000000000
65556  -35.808  -27.722  45.914 0.0000000000
65567  -28.487  -28.251  46.279 0.0000000000
65576  -36.129  -27.723  45.326 0.0000000000
65577  -36.345  -27.422  45.317 0.0000000000
65622  -9.957  -29.231  42.515 0.0000000000
65670  -6.868  -30.749  39.724 0.0000000000
65701  -4.145  -30.343  37.380 0.0000000000
66710  -12.477  -28.760  59.018 0.0000000000
66790  -7.779  -27.475  51.329 0.0000000000
66801  -7.944  -27.869  50.733 0.0000000000
66824  -8.502  -27.692  48.827 0.0000000000
66830  -35.645  -26.640  46.742 0.0000000000
66833  -7.395  -28.986  47.278 0.0000000000
66843  -36.412  -26.666  46.304 0.0000000000
66852  -36.415  -27.227  45.871 0.0000000000
66854  -7.346  -29.210  46.003 0.0000000000
66865  -31.385  -26.834  45.716 0.0000000000
66870  -8.246  -29.202  45.051 0.0000000000
66881  -36.433  -27.088  44.203 0.0000000000
66887  -9.168  -28.998  44.077 0.0000000000
66897  -36.864  -26.783  43.555 0.0000000000
67971  -7.412  -26.713  51.915 0.0000000000
67981  -7.686  -26.866  51.475 0.0000000000
67998  -8.574  -27.146  49.751 0.0000000000
68009  -8.980  -26.592  48.391 0.0000000000
68016  -36.124  -25.989  47.035 0.0000000000
68025  -9.254  -27.431  47.693 0.0000000000
68031  -36.835  -26.522  46.027 0.0000000000
68040  -36.770  -26.700  45.680 0.0000000000
69007  -6.806  -25.870  51.299 0.0000000000
69038  -8.326  -26.468  49.490 0.0000000000
69063  -8.794  -25.652  47.719 0.0000000000
69070  -37.147  -25.515  46.199 0.0000000000
69075  -9.682  -26.077  46.441 0.0000000000
69080  -37.220  -26.249  45.985 0.0000000000
69119  -7.364  -25.584  44.022 0.0000000000
70114  -5.686  -25.596  51.900 0.0000000000
70115  -6.417  -25.689  51.949 0.0000000000
70116  -6.725  -25.761  51.768 0.0000000000
70131  -5.471  -25.621  51.210 0.0000000000
70132  -6.120  -25.673  51.337 0.0000000000
70148  -5.659  -25.680  50.955 0.0000000000
70161  -5.286  -25.384  49.315 0.0000000000
70176  -4.960  -25.209  49.039 0.0000000000
70191  -5.045  -25.027  48.347 0.0000000000
70196  -8.827  -25.524  47.230 0.0000000000
70213  -37.498  -25.126  45.936 0.0000000000
70243  -4.902  -25.897  43.240 0.0000000000
70244  -8.040  -25.324  44.362 0.0000000000
71410  -36.737  -24.148  47.181 0.0000000000
71411  -37.039  -24.166  46.576 0.0000000000
71440  -37.694  -24.503  45.265 0.0000000000
71457  -37.619  -24.592  43.563 0.0000000000
72695  -37.588  -23.988  42.817 0.0000000000
72710  -36.987  -24.212  40.328 0.0000000000
73906  -37.864  -22.499  44.561 0.0000000000
73944  -36.951  -24.086  42.138 0.0000000000
75111  -36.600  -21.819  47.287 0.0000000000
75125  -37.567  -22.141  46.470 0.0000000000
75149  -37.930  -21.622  45.400 0.0000000000
75172  -36.521  -22.242  43.948 0.0000000000
75186  -33.329  -21.588  42.829 0.0000000000
75187  -35.886  -22.282  43.052 0.0000000000
76353  -36.780  -21.693  44.505 0.0000000000
76368  -36.047  -21.989  43.738 0.0000000000
77523  -32.667  -19.267  43.523 0.0000000000
77535  -32.493  -19.358  43.075 0.0000000000
77785  -41.710  -16.632  28.263 0.0000000000
77786  -42.288  -16.437  28.441 0.0000000000
78702  -33.204  -18.649  44.744 0.0000000000
78707  -36.404  -20.187  45.951 0.0000000000
78716  -32.539  -18.886  43.422 0.0000000000
78735  -33.908  -20.235  44.786 0.0000000000
78748  -36.871  -15.480  39.869 0.0000000000
78763  -36.728  -15.766  39.314 0.0000000000
78818  -35.172  -16.503  36.560 0.0000000000
78862  -34.764  -16.580  35.212 0.0000000000
78887  -42.621  -15.233  30.669 0.0000000000
78896  -41.864  -15.533  30.090 0.0000000000
78911  -41.055  -15.884  29.019 0.0000000000
78929  -42.799  -16.150  28.738 0.0000000000
78931  -43.885  -15.501  28.602 0.0000000000
78966  -42.361  -16.521  27.067 0.0000000000
79918  -37.851  -15.366  41.187 0.0000000000
79969  -35.595  -16.176  36.157 0.0000000000
79996  -44.014  -14.633  31.571 0.0000000000
80011  -44.916  -14.897  30.665 0.0000000000
80046  -43.897  -15.586  28.378 0.0000000000
80154  -42.427  -14.676  24.395 0.0000000000
81069  -38.020  -15.664  41.122 0.0000000000
81078  -38.187  -15.462  40.700 0.0000000000
81144  -40.864  -14.208  32.428 0.0000000000
81175  -43.501  -14.687  31.586 0.0000000000
81176  -43.772  -14.659  31.581 0.0000000000
81213  -46.243  -14.405  29.306 0.0000000000
81302  -43.168  -14.449  23.985 0.0000000000
82172  -34.339  -14.833  41.697 0.0000000000
82173  -35.082  -14.534  41.876 0.0000000000
82185  -38.396  -15.492  40.834 0.0000000000
82186  -38.679  -15.372  40.767 0.0000000000
82323  -39.691  -14.344  31.249 0.0000000000
82340  -46.958  -14.286  29.869 0.0000000000
82345  -45.087  -14.431  28.322 0.0000000000
82355  -44.606  -14.193  27.471 0.0000000000
82357  -45.334  -14.175  28.368 0.0000000000
82364  -44.248  -14.217  26.878 0.0000000000
82411  -44.833  -12.990  22.923 0.0000000000
83305  -34.507  -14.474  42.265 0.0000000000
83323  -34.898  -14.424  42.099 0.0000000000
83467  -45.886  -14.092  28.792 0.0000000000
83473  -44.855  -13.915  27.359 0.0000000000
83518  -44.880  -13.492  24.054 0.0000000000
83535  -44.843  -12.810  22.213 0.0000000000
83572  -45.541  -12.407  20.633 0.0000000000
84574  -45.608  -13.710  28.006 0.0000000000
84588  -45.673  -13.525  27.605 0.0000000000
84613  -45.371  -13.122  24.373 0.0000000000
84614  -45.477  -13.200  24.160 0.0000000000
84617  -49.931  -12.585  24.008 0.0000000000
84624  -45.300  -13.280  23.903 0.0000000000
84638  -48.389  -12.026  22.806 0.0000000000
84667  -46.446  -12.065  21.389 0.0000000000
85686  -48.782  -11.756  22.621 0.0000000000
85696  -48.091  -11.601  22.009 0.0000000000
85697  -48.237  -11.755  22.337 0.0000000000
85713  -47.758  -11.562  21.861 0.0000000000
85729  -47.045  -11.839  21.627 0.0000000000
86795  -50.772  -11.434  23.617 0.0000000000
86820  -47.767  -11.051  21.626 0.0000000000
87936  -52.388  -9.444  23.877 0.0000000000
87942  -50.307  -9.802  22.134 0.0000000000
89062  -51.206  -9.241  22.637 0.0000000000
89070  -51.484  -8.767  22.605 0.0000000000
90160  -52.858  -7.677  23.028 0.0000000000
90163  -47.557  -8.497  20.599 0.0000000000
90178  -48.008  -7.967  20.319 0.0000000000
92373  -53.034  -6.338  22.705 0.0000000000
92379  -50.617  -6.509  21.505 0.0000000000
92382  -52.887  -6.875  22.644 0.0000000000
92386  -50.162  -6.186  21.081 0.0000000000
93453  -53.406  -5.681  22.758 0.0000000000
95563  -54.223  -3.071  20.779 0.0000000000
95584  -50.053  -2.898  17.694 0.0000000000
96577  -54.776  -2.849  21.928 0.0000000000
96593  -54.723  -3.071  21.031 0.0000000000
97629  -53.546  -0.690  16.698 0.0000000000
97633  -53.042  -0.685  15.323 0.0000000000
153044  -51.712  -2.632  18.646 0.0000000000
153045  -51.823  -2.771  18.884 0.0000000000
153046  -50.364  -2.911  18.037 0.0000000000
153047  -50.686  -2.810  18.267 0.0000000000
153049  -51.529  -2.296  17.659 0.0000000000
153052  -51.409  -2.656  18.558 0.0000000000
