#!ascii label  , from subject ernie vox2ras=TkReg
1056
64415  -40.025  -30.642  32.539 0.0000000000
55988  -22.270  -38.348  33.689 0.0000000000
61906  -28.910  -33.640  32.291 0.0000000000
91321  -40.528  -7.581  16.398 0.0000000000
94611  -46.832  -5.007  9.606 0.0000000000
55881  -13.638  -37.264  40.077 0.0000000000
86827  -38.340  -11.167  19.534 0.0000000000
71612  -39.421  -24.784  31.075 0.0000000000
61910  -35.468  -33.027  32.213 0.0000000000
54806  -18.032  -37.777  36.923 0.0000000000
53628  -18.392  -41.369  40.533 0.0000000000
65846  -35.682  -29.659  29.787 0.0000000000
69261  -35.901  -27.024  28.988 0.0000000000
60641  -25.687  -32.811  32.896 0.0000000000
64432  -31.818  -29.596  30.945 0.0000000000
75505  -37.132  -21.957  20.252 0.0000000000
80198  -40.872  -17.923  18.496 0.0000000000
84706  -42.572  -13.582  16.174 0.0000000000
49814  -10.254  -42.676  44.225 0.0000000000
49756  -6.636  -43.109  47.714 0.0000000000
70442  -30.824  -25.343  28.819 0.0000000000
74224  -30.282  -22.488  25.639 0.0000000000
72980  -32.941  -23.263  22.955 0.0000000000
51191  -14.077  -41.853  42.324 0.0000000000
54797  -23.342  -39.998  36.319 0.0000000000
55962  -25.421  -38.314  35.892 0.0000000000
61913  -37.991  -32.422  32.469 0.0000000000
58191  -21.088  -34.719  34.961 0.0000000000
54820  -19.938  -38.739  35.360 0.0000000000
53677  -20.657  -40.632  37.346 0.0000000000
65804  -36.263  -29.444  32.407 0.0000000000
64458  -33.766  -30.260  29.641 0.0000000000
77935  -36.257  -19.415  19.270 0.0000000000
77938  -39.196  -19.608  18.742 0.0000000000
81353  -37.705  -17.213  18.743 0.0000000000
85753  -39.104  -12.617  16.887 0.0000000000
87997  -40.543  -10.929  15.344 0.0000000000
86869  -43.223  -11.926  15.616 0.0000000000
89133  -41.617  -9.411  14.694 0.0000000000
90247  -43.659  -8.233  12.857 0.0000000000
71608  -32.950  -24.974  32.095 0.0000000000
69275  -33.175  -26.338  28.872 0.0000000000
72854  -30.506  -24.302  31.757 0.0000000000
76583  -28.911  -20.801  28.047 0.0000000000
77816  -30.131  -19.144  26.014 0.0000000000
74241  -31.188  -22.546  24.408 0.0000000000
76656  -31.675  -20.218  23.630 0.0000000000
76672  -33.410  -20.251  22.008 0.0000000000
63115  -26.544  -31.246  32.684 0.0000000000
53612  -11.796  -39.799  41.997 0.0000000000
53623  -13.038  -39.753  40.680 0.0000000000
47109  -8.057  -45.083  49.745 0.0000000000
47074  -6.586  -44.649  51.461 0.0000000000
84647  -36.996  -14.014  20.865 0.0000000000
71610  -37.790  -23.900  31.304 0.0000000000
60661  -32.167  -34.504  32.386 0.0000000000
55925  -15.633  -36.610  38.315 0.0000000000
53640  -15.983  -39.674  39.976 0.0000000000
53662  -17.848  -39.678  38.571 0.0000000000
94636  -48.180  -5.415  8.235 0.0000000000
64462  -37.788  -30.423  29.957 0.0000000000
67081  -38.905  -28.568  29.762 0.0000000000
67078  -36.811  -28.366  29.719 0.0000000000
59391  -22.460  -34.928  32.794 0.0000000000
57163  -24.504  -35.843  31.929 0.0000000000
61919  -23.537  -32.297  32.077 0.0000000000
65815  -24.904  -29.450  31.678 0.0000000000
65819  -28.405  -29.419  31.004 0.0000000000
65784  -29.989  -29.013  32.256 0.0000000000
63141  -30.241  -31.524  30.402 0.0000000000
61946  -32.704  -32.464  30.187 0.0000000000
63146  -35.462  -31.792  29.828 0.0000000000
73006  -38.541  -23.947  22.212 0.0000000000
83582  -38.671  -14.916  17.952 0.0000000000
82484  -41.726  -15.968  16.885 0.0000000000
91350  -45.716  -8.044  11.853 0.0000000000
49774  -8.120  -43.385  45.541 0.0000000000
47139  -9.375  -45.037  47.803 0.0000000000
69280  -37.788  -26.327  28.795 0.0000000000
71659  -35.776  -24.960  28.513 0.0000000000
72892  -33.423  -23.798  28.600 0.0000000000
74126  -28.817  -22.890  29.897 0.0000000000
72912  -30.089  -23.886  27.701 0.0000000000
75391  -33.279  -22.801  27.819 0.0000000000
74201  -34.003  -23.137  26.626 0.0000000000
72945  -35.299  -24.587  25.705 0.0000000000
71747  -36.354  -25.001  23.397 0.0000000000
74266  -35.641  -23.263  21.763 0.0000000000
76689  -34.532  -20.060  20.450 0.0000000000
58193  -27.098  -35.597  35.139 0.0000000000
52462  -10.237  -40.219  44.248 0.0000000000
49834  -11.559  -42.393  43.520 0.0000000000
52503  -15.966  -40.819  41.303 0.0000000000
44544  -6.032  -45.945  51.343 0.0000000000
54823  -23.008  -39.140  34.857 0.0000000000
54798  -24.093  -39.448  36.733 0.0000000000
55973  -24.146  -38.366  34.487 0.0000000000
63119  -39.364  -31.488  32.519 0.0000000000
57150  -21.007  -36.972  33.321 0.0000000000
57123  -19.677  -36.718  34.389 0.0000000000
54838  -21.170  -38.796  34.372 0.0000000000
54810  -21.790  -39.853  35.526 0.0000000000
80178  -35.810  -17.663  19.797 0.0000000000
79068  -37.130  -18.447  18.854 0.0000000000
81340  -36.926  -16.536  19.183 0.0000000000
89110  -39.529  -8.516  17.583 0.0000000000
87986  -39.127  -9.761  16.862 0.0000000000
89121  -40.097  -8.753  15.695 0.0000000000
88010  -40.876  -10.350  15.162 0.0000000000
90223  -40.989  -8.486  14.932 0.0000000000
91335  -41.739  -7.472  14.320 0.0000000000
71607  -31.514  -24.999  32.100 0.0000000000
78959  -30.253  -18.534  26.906 0.0000000000
77860  -30.640  -20.053  24.585 0.0000000000
78999  -31.484  -18.212  24.783 0.0000000000
79015  -32.449  -18.167  23.575 0.0000000000
63117  -27.809  -31.998  32.593 0.0000000000
63103  -28.085  -32.311  33.578 0.0000000000
61894  -28.994  -33.709  33.439 0.0000000000
54708  -12.588  -37.915  42.147 0.0000000000
55880  -13.315  -38.151  40.370 0.0000000000
92450  -46.452  -6.260  9.762 0.0000000000
47075  -7.458  -44.714  51.608 0.0000000000
69224  -40.597  -26.724  32.677 0.0000000000
71611  -38.486  -24.029  31.452 0.0000000000
60663  -34.066  -33.679  32.509 0.0000000000
60627  -34.704  -33.813  34.018 0.0000000000
57109  -18.344  -36.299  36.124 0.0000000000
57091  -17.340  -35.996  36.982 0.0000000000
57070  -16.220  -35.821  38.068 0.0000000000
55927  -16.840  -37.526  37.675 0.0000000000
54781  -16.909  -38.120  38.060 0.0000000000
54794  -17.764  -38.154  37.350 0.0000000000
53666  -21.547  -41.173  38.008 0.0000000000
52536  -20.858  -41.588  38.544 0.0000000000
64461  -36.832  -30.273  29.539 0.0000000000
65848  -37.490  -29.398  29.679 0.0000000000
65847  -36.663  -29.398  29.715 0.0000000000
61891  -22.945  -32.536  33.929 0.0000000000
60672  -23.455  -33.457  32.228 0.0000000000
64386  -23.187  -30.375  33.642 0.0000000000
67042  -24.512  -28.092  32.693 0.0000000000
67044  -26.517  -27.907  31.946 0.0000000000
65817  -26.598  -29.622  31.355 0.0000000000
67045  -27.355  -28.203  31.698 0.0000000000
64389  -31.465  -29.243  33.037 0.0000000000
64409  -31.215  -29.348  31.810 0.0000000000
65821  -29.923  -29.892  31.070 0.0000000000
64445  -30.660  -30.745  30.400 0.0000000000
61945  -31.584  -32.442  30.210 0.0000000000
63143  -32.251  -31.274  29.735 0.0000000000
64459  -34.810  -30.167  29.604 0.0000000000
63160  -35.131  -30.954  29.457 0.0000000000
63161  -36.132  -31.026  29.563 0.0000000000
63148  -37.419  -31.363  30.407 0.0000000000
73023  -37.886  -23.284  21.351 0.0000000000
74285  -39.485  -23.171  21.562 0.0000000000
75490  -39.043  -22.366  20.751 0.0000000000
79069  -39.634  -18.769  18.593 0.0000000000
77925  -40.902  -20.230  19.474 0.0000000000
85721  -37.464  -12.938  20.025 0.0000000000
84662  -37.757  -14.032  19.174 0.0000000000
84679  -37.902  -13.562  18.682 0.0000000000
84704  -40.528  -13.567  16.385 0.0000000000
83608  -40.282  -14.457  16.667 0.0000000000
82502  -41.959  -15.329  16.464 0.0000000000
81373  -43.214  -16.558  16.940 0.0000000000
90255  -44.521  -8.040  12.436 0.0000000000
92431  -44.231  -6.624  12.447 0.0000000000
92432  -44.899  -6.633  12.070 0.0000000000
52448  -9.065  -40.981  44.904 0.0000000000
51114  -8.677  -40.903  46.001 0.0000000000
49790  -8.845  -43.203  45.078 0.0000000000
47140  -10.312  -44.981  47.693 0.0000000000
47111  -10.028  -45.808  49.579 0.0000000000
68180  -37.090  -27.285  28.335 0.0000000000
69263  -38.005  -26.940  28.864 0.0000000000
69278  -36.329  -26.615  28.479 0.0000000000
70444  -32.229  -25.861  28.682 0.0000000000
70446  -34.472  -25.681  28.327 0.0000000000
71657  -33.814  -24.906  28.231 0.0000000000
72893  -34.200  -24.359  28.860 0.0000000000
71656  -32.691  -24.975  28.279 0.0000000000
76553  -28.757  -20.828  29.936 0.0000000000
75431  -29.182  -21.609  26.728 0.0000000000
74169  -28.660  -22.725  27.735 0.0000000000
74197  -29.769  -22.783  26.424 0.0000000000
74146  -32.452  -23.589  27.690 0.0000000000
74172  -32.180  -23.392  27.055 0.0000000000
75415  -33.129  -23.027  27.282 0.0000000000
74199  -32.201  -23.334  26.396 0.0000000000
72963  -32.781  -23.621  23.771 0.0000000000
72943  -33.120  -23.780  24.743 0.0000000000
72965  -34.380  -24.554  24.391 0.0000000000
71707  -35.944  -25.211  25.218 0.0000000000
71745  -34.824  -24.366  23.390 0.0000000000
73004  -36.153  -24.132  22.317 0.0000000000
73002  -34.241  -23.418  22.493 0.0000000000
77912  -33.653  -19.019  21.850 0.0000000000
76681  -33.896  -20.069  21.151 0.0000000000
77913  -34.244  -18.662  21.645 0.0000000000
58234  -25.898  -34.976  32.361 0.0000000000
57139  -26.279  -36.504  33.798 0.0000000000
59380  -26.438  -34.375  33.364 0.0000000000
52485  -12.120  -40.901  41.753 0.0000000000
52484  -11.385  -40.916  42.461 0.0000000000
51170  -12.682  -42.068  42.987 0.0000000000
53641  -17.003  -40.096  39.622 0.0000000000
53625  -15.421  -40.234  40.565 0.0000000000
52504  -16.904  -41.311  41.171 0.0000000000
53667  -22.852  -40.850  37.765 0.0000000000
54785  -24.515  -39.662  37.912 0.0000000000
54799  -25.086  -39.084  36.897 0.0000000000
55948  -26.021  -38.477  36.953 0.0000000000
61911  -36.409  -32.857  32.281 0.0000000000
60650  -35.839  -33.136  33.600 0.0000000000
58170  -19.910  -35.123  36.115 0.0000000000
57110  -18.890  -36.565  35.539 0.0000000000
54819  -19.169  -38.323  35.905 0.0000000000
54795  -18.771  -39.367  37.376 0.0000000000
54809  -20.773  -39.696  35.819 0.0000000000
53678  -21.695  -40.792  37.020 0.0000000000
65835  -35.572  -29.561  30.471 0.0000000000
67069  -36.552  -28.331  30.540 0.0000000000
64411  -33.138  -29.628  32.333 0.0000000000
64457  -33.060  -30.317  29.723 0.0000000000
65834  -34.849  -29.820  30.722 0.0000000000
76702  -36.880  -20.406  19.225 0.0000000000
75522  -38.571  -21.186  19.471 0.0000000000
77936  -37.189  -19.463  18.905 0.0000000000
79084  -38.478  -18.404  18.563 0.0000000000
80196  -38.873  -17.414  18.494 0.0000000000
85752  -38.312  -12.353  17.470 0.0000000000
86856  -38.762  -11.529  16.837 0.0000000000
86866  -39.681  -11.729  16.199 0.0000000000
85763  -41.785  -12.724  15.902 0.0000000000
85764  -42.873  -12.731  15.994 0.0000000000
86868  -42.157  -11.932  15.526 0.0000000000
86886  -42.605  -11.138  15.226 0.0000000000
88022  -43.305  -9.873  14.194 0.0000000000
89144  -42.720  -9.338  13.931 0.0000000000
91341  -42.451  -7.548  13.629 0.0000000000
49792  -10.869  -43.412  44.538 0.0000000000
48540  -10.717  -44.030  45.210 0.0000000000
48522  -11.610  -43.990  46.207 0.0000000000
70407  -34.018  -25.913  30.779 0.0000000000
69259  -33.908  -26.623  29.440 0.0000000000
70406  -33.161  -25.904  30.419 0.0000000000
70404  -31.516  -25.633  30.165 0.0000000000
71637  -30.854  -25.373  29.843 0.0000000000
76554  -29.113  -19.815  29.493 0.0000000000
77778  -30.099  -19.056  28.238 0.0000000000
76602  -29.437  -20.349  26.558 0.0000000000
75432  -29.666  -21.547  25.948 0.0000000000
74240  -30.561  -22.275  24.966 0.0000000000
75461  -30.556  -21.558  24.448 0.0000000000
75462  -31.188  -21.500  23.818 0.0000000000
75468  -32.028  -21.458  23.362 0.0000000000
75470  -33.066  -21.800  22.660 0.0000000000
76657  -32.601  -20.351  22.819 0.0000000000
63100  -26.165  -31.677  33.417 0.0000000000
60621  -26.505  -33.240  34.023 0.0000000000
63081  -27.058  -31.930  34.584 0.0000000000
53622  -12.393  -39.730  41.426 0.0000000000
52486  -13.340  -41.234  41.647 0.0000000000
47123  -7.510  -44.818  48.896 0.0000000000
49734  -5.966  -42.667  49.116 0.0000000000
47107  -6.614  -44.398  50.099 0.0000000000
47090  -6.297  -44.313  50.555 0.0000000000
47054  -5.740  -44.752  51.662 0.0000000000
72843  -36.141  -23.107  31.629 0.0000000000
60676  -30.530  -34.022  31.649 0.0000000000
60644  -30.290  -34.850  33.296 0.0000000000
58112  -15.026  -35.210  39.900 0.0000000000
57049  -14.316  -36.215  39.466 0.0000000000
54766  -14.126  -37.805  39.442 0.0000000000
54768  -15.996  -38.277  38.701 0.0000000000
54748  -17.024  -39.398  39.338 0.0000000000
53642  -17.901  -40.968  39.655 0.0000000000
53675  -18.855  -40.073  37.951 0.0000000000
52534  -19.540  -41.406  39.008 0.0000000000
53644  -19.527  -41.499  39.890 0.0000000000
94624  -47.162  -5.465  9.143 0.0000000000
64437  -39.269  -30.734  31.724 0.0000000000
65838  -39.065  -29.396  30.550 0.0000000000
65849  -38.356  -29.403  29.987 0.0000000000
67079  -37.281  -28.386  29.406 0.0000000000
69246  -35.864  -26.810  30.056 0.0000000000
68146  -36.578  -27.362  31.006 0.0000000000
69232  -36.061  -26.219  31.397 0.0000000000
69245  -34.824  -26.377  30.496 0.0000000000
71609  -33.853  -25.023  31.971 0.0000000000
57152  -22.412  -36.825  32.805 0.0000000000
56005  -23.333  -37.606  33.056 0.0000000000
57162  -23.579  -36.110  32.088 0.0000000000
58255  -24.129  -34.589  31.578 0.0000000000
60674  -24.679  -33.111  31.783 0.0000000000
65780  -23.617  -29.048  33.464 0.0000000000
64423  -24.175  -30.058  31.712 0.0000000000
63127  -25.247  -31.290  31.897 0.0000000000
64425  -25.951  -30.514  31.680 0.0000000000
64407  -27.289  -31.106  31.781 0.0000000000
61923  -28.677  -32.527  31.295 0.0000000000
65782  -28.948  -28.327  33.005 0.0000000000
65801  -29.459  -29.036  31.632 0.0000000000
64429  -29.492  -30.573  30.721 0.0000000000
61943  -29.623  -32.247  30.686 0.0000000000
61925  -31.006  -33.338  30.901 0.0000000000
61927  -33.192  -33.259  31.111 0.0000000000
61928  -34.255  -33.077  31.013 0.0000000000
63158  -33.172  -30.794  29.453 0.0000000000
61948  -34.835  -32.566  30.244 0.0000000000
61929  -35.212  -32.928  31.120 0.0000000000
61931  -37.036  -32.452  31.603 0.0000000000
63133  -38.314  -31.675  31.590 0.0000000000
58212  -21.697  -34.698  34.175 0.0000000000
76691  -40.020  -20.817  19.839 0.0000000000
82455  -37.515  -15.642  19.114 0.0000000000
82456  -38.373  -15.980  18.643 0.0000000000
81355  -39.682  -16.429  18.104 0.0000000000
83596  -39.013  -14.506  17.460 0.0000000000
82482  -39.977  -15.398  17.526 0.0000000000
81357  -41.254  -16.913  17.712 0.0000000000
80217  -42.584  -17.536  17.945 0.0000000000
91356  -46.156  -7.557  11.240 0.0000000000
92443  -45.628  -6.149  10.653 0.0000000000
94594  -45.907  -4.684  10.595 0.0000000000
51092  -7.593  -41.109  46.964 0.0000000000
49757  -7.012  -43.318  47.067 0.0000000000
48520  -9.583  -44.586  46.013 0.0000000000
48498  -8.537  -44.624  47.110 0.0000000000
48497  -7.592  -44.324  47.325 0.0000000000
47124  -8.357  -45.088  48.851 0.0000000000
67070  -39.445  -28.462  30.390 0.0000000000
69247  -39.507  -26.890  30.424 0.0000000000
70409  -38.849  -25.600  29.846 0.0000000000
70447  -35.520  -25.724  28.296 0.0000000000
70426  -37.203  -25.215  29.054 0.0000000000
71641  -37.810  -24.828  29.668 0.0000000000
72873  -36.306  -24.157  30.054 0.0000000000
72872  -35.501  -23.946  30.047 0.0000000000
72855  -34.821  -23.107  30.287 0.0000000000
72852  -29.369  -23.912  30.910 0.0000000000
72869  -29.243  -24.302  29.598 0.0000000000
75368  -28.753  -21.881  29.405 0.0000000000
74143  -28.627  -23.054  28.785 0.0000000000
72890  -30.826  -24.421  27.920 0.0000000000
74145  -31.397  -24.043  27.541 0.0000000000
74147  -33.526  -22.882  28.547 0.0000000000
74226  -32.264  -23.346  25.220 0.0000000000
74228  -34.578  -23.803  26.163 0.0000000000
71767  -37.943  -24.519  22.701 0.0000000000
73005  -37.470  -23.896  21.830 0.0000000000
75488  -36.422  -22.328  20.608 0.0000000000
74280  -34.456  -22.050  21.587 0.0000000000
75486  -34.774  -21.702  20.950 0.0000000000
75504  -36.045  -21.706  20.102 0.0000000000
76690  -35.218  -20.133  19.936 0.0000000000
79054  -35.395  -17.999  20.391 0.0000000000
55991  -25.111  -37.405  33.820 0.0000000000
55975  -26.112  -37.465  35.281 0.0000000000
59338  -27.124  -34.446  35.567 0.0000000000
52461  -9.765  -41.147  44.115 0.0000000000
53587  -10.770  -39.502  43.800 0.0000000000
52472  -10.608  -40.825  43.297 0.0000000000
49815  -11.066  -42.697  43.970 0.0000000000
49816  -12.113  -42.892  44.066 0.0000000000
53639  -14.812  -39.545  39.961 0.0000000000
52502  -14.914  -40.724  41.194 0.0000000000
52487  -14.468  -41.245  41.768 0.0000000000
45729  -7.180  -45.243  52.619 0.0000000000
45740  -6.058  -45.358  51.977 0.0000000000
45738  -4.847  -44.943  51.126 0.0000000000
65806  -40.114  -30.020  32.344 0.0000000000
54840  -22.843  -38.708  34.186 0.0000000000
55989  -23.271  -38.281  33.755 0.0000000000
56003  -21.597  -37.680  33.422 0.0000000000
56002  -20.889  -37.538  33.602 0.0000000000
55987  -21.403  -38.214  33.875 0.0000000000
54822  -21.979  -39.371  34.861 0.0000000000
80179  -36.116  -16.925  20.128 0.0000000000
81339  -36.454  -16.789  19.667 0.0000000000
81326  -36.507  -16.238  20.407 0.0000000000
90196  -39.834  -7.881  17.243 0.0000000000
90209  -39.634  -8.627  16.414 0.0000000000
90210  -40.022  -8.292  16.207 0.0000000000
90222  -40.476  -8.337  15.531 0.0000000000
91327  -40.518  -7.909  15.886 0.0000000000
91328  -41.103  -7.437  15.429 0.0000000000
78978  -31.198  -18.039  25.551 0.0000000000
61905  -28.273  -32.685  32.498 0.0000000000
55863  -13.351  -36.835  41.382 0.0000000000
55862  -13.001  -37.644  41.065 0.0000000000
93536  -46.291  -5.768  9.838 0.0000000000
92451  -46.841  -6.721  9.624 0.0000000000
93537  -46.732  -5.853  9.381 0.0000000000
70372  -39.946  -25.238  31.765 0.0000000000
60664  -34.768  -33.431  32.635 0.0000000000
60648  -34.398  -33.765  33.270 0.0000000000
60649  -35.226  -33.358  33.277 0.0000000000
55960  -17.962  -37.146  36.627 0.0000000000
57108  -17.798  -36.105  36.570 0.0000000000
55959  -17.574  -36.582  36.852 0.0000000000
55946  -17.148  -37.050  37.236 0.0000000000
55947  -17.752  -37.533  37.046 0.0000000000
54793  -17.165  -37.736  37.568 0.0000000000
63099  -22.862  -31.669  33.876 0.0000000000
67012  -26.436  -27.239  34.081 0.0000000000
67027  -25.364  -27.479  33.292 0.0000000000
67028  -26.475  -27.538  32.981 0.0000000000
67029  -27.425  -27.785  32.635 0.0000000000
64410  -32.154  -29.309  32.093 0.0000000000
64431  -30.971  -30.014  30.939 0.0000000000
64446  -31.496  -30.515  30.275 0.0000000000
64460  -35.873  -30.246  29.560 0.0000000000
74297  -37.855  -22.352  20.688 0.0000000000
75489  -38.496  -22.317  20.736 0.0000000000
75506  -38.288  -21.867  20.328 0.0000000000
80197  -39.836  -17.795  18.480 0.0000000000
79070  -40.691  -18.772  18.733 0.0000000000
85722  -37.858  -12.185  19.815 0.0000000000
85741  -37.586  -12.858  19.265 0.0000000000
85742  -37.796  -12.304  18.583 0.0000000000
84705  -41.516  -13.592  16.104 0.0000000000
83609  -41.247  -14.487  16.278 0.0000000000
83610  -42.279  -14.504  16.231 0.0000000000
82503  -43.018  -15.515  16.497 0.0000000000
93513  -44.005  -5.669  12.626 0.0000000000
51148  -9.529  -42.126  44.243 0.0000000000
51131  -8.767  -42.074  44.956 0.0000000000
49791  -9.742  -43.127  44.664 0.0000000000
68179  -36.865  -27.110  28.301 0.0000000000
70443  -31.188  -25.488  28.738 0.0000000000
71655  -31.562  -25.049  28.292 0.0000000000
74198  -30.997  -23.316  26.242 0.0000000000
72981  -33.719  -23.879  23.199 0.0000000000
71722  -34.273  -24.364  23.738 0.0000000000
72982  -34.570  -24.032  22.921 0.0000000000
59379  -25.921  -33.736  32.542 0.0000000000
58235  -26.378  -35.262  33.145 0.0000000000
51190  -12.979  -41.759  42.301 0.0000000000
51189  -12.087  -41.573  42.412 0.0000000000
51171  -13.764  -42.352  43.021 0.0000000000
53627  -17.375  -41.191  40.288 0.0000000000
52505  -17.934  -41.480  41.291 0.0000000000
51090  -6.510  -42.591  47.875 0.0000000000
51066  -6.334  -42.131  48.265 0.0000000000
69235  -40.110  -26.804  31.669 0.0000000000
53679  -22.687  -40.490  36.741 0.0000000000
53668  -23.798  -40.354  38.178 0.0000000000
54784  -23.575  -40.074  37.300 0.0000000000
54813  -24.481  -38.905  35.962 0.0000000000
61912  -37.216  -32.714  32.445 0.0000000000
61897  -37.435  -32.653  33.329 0.0000000000
58190  -20.189  -35.531  34.576 0.0000000000
55971  -19.937  -37.673  34.905 0.0000000000
57122  -19.297  -36.884  34.971 0.0000000000
55970  -19.274  -37.622  35.394 0.0000000000
53688  -22.519  -40.233  35.996 0.0000000000
53687  -21.695  -40.295  36.231 0.0000000000
65824  -36.106  -29.124  31.082 0.0000000000
65803  -35.419  -29.776  32.154 0.0000000000
65823  -35.415  -29.715  31.415 0.0000000000
80195  -37.318  -17.658  18.838 0.0000000000
79083  -37.836  -18.398  18.656 0.0000000000
80213  -38.030  -17.832  18.620 0.0000000000
80214  -38.642  -17.921  18.526 0.0000000000
81354  -38.269  -17.411  18.620 0.0000000000
86847  -38.251  -11.038  18.052 0.0000000000
87974  -38.760  -10.546  17.273 0.0000000000
87996  -39.841  -10.550  15.745 0.0000000000
87995  -39.405  -11.084  16.196 0.0000000000
85762  -40.677  -12.682  16.096 0.0000000000
86867  -40.849  -11.667  15.549 0.0000000000
86884  -40.912  -11.053  15.188 0.0000000000
88011  -41.994  -10.405  14.873 0.0000000000
89134  -42.328  -9.894  14.544 0.0000000000
89143  -41.999  -8.930  14.214 0.0000000000
91329  -41.654  -6.868  14.876 0.0000000000
70386  -33.491  -25.462  31.307 0.0000000000
70385  -32.557  -25.429  31.212 0.0000000000
71606  -30.791  -24.562  31.889 0.0000000000
71624  -31.716  -25.399  30.981 0.0000000000
71623  -30.675  -24.943  31.013 0.0000000000
77796  -29.895  -19.244  27.190 0.0000000000
76620  -29.871  -20.452  25.511 0.0000000000
75450  -30.110  -21.518  25.158 0.0000000000
76640  -30.326  -20.641  24.778 0.0000000000
77861  -30.997  -19.310  24.272 0.0000000000
76641  -30.863  -20.556  24.234 0.0000000000
75469  -32.686  -21.605  22.942 0.0000000000
77876  -31.648  -19.005  23.566 0.0000000000
63080  -26.493  -31.903  34.083 0.0000000000
63101  -26.797  -31.587  33.526 0.0000000000
63083  -28.399  -32.739  34.577 0.0000000000
63082  -27.737  -32.224  34.558 0.0000000000
54727  -12.720  -38.638  40.900 0.0000000000
54726  -12.496  -39.258  41.172 0.0000000000
52500  -12.756  -40.468  41.253 0.0000000000
52501  -13.778  -40.666  41.078 0.0000000000
48469  -6.878  -44.375  48.885 0.0000000000
47108  -7.104  -44.635  49.759 0.0000000000
47091  -6.954  -44.590  50.703 0.0000000000
47073  -5.839  -44.427  51.208 0.0000000000
47055  -6.180  -44.825  51.952 0.0000000000
72845  -37.867  -23.772  31.705 0.0000000000
72832  -36.804  -23.227  32.245 0.0000000000
72844  -37.163  -23.683  31.477 0.0000000000
60677  -31.543  -34.019  31.579 0.0000000000
60660  -31.021  -34.440  32.492 0.0000000000
57069  -15.852  -36.345  38.237 0.0000000000
57051  -15.978  -35.226  38.591 0.0000000000
57050  -15.409  -35.837  38.686 0.0000000000
55905  -15.155  -37.142  38.497 0.0000000000
54767  -14.796  -38.036  39.086 0.0000000000
55906  -15.897  -37.579  38.347 0.0000000000
54770  -17.657  -39.430  38.708 0.0000000000
54769  -17.269  -38.987  39.017 0.0000000000
53651  -17.595  -40.045  38.943 0.0000000000
54796  -19.523  -39.784  37.073 0.0000000000
53676  -19.615  -40.289  37.578 0.0000000000
52525  -20.610  -41.862  39.349 0.0000000000
52535  -20.044  -41.449  38.788 0.0000000000
52524  -19.830  -41.545  39.517 0.0000000000
53653  -19.215  -41.343  39.346 0.0000000000
64451  -38.518  -30.540  30.836 0.0000000000
65837  -38.566  -29.844  30.381 0.0000000000
64463  -38.305  -30.055  30.245 0.0000000000
68167  -36.735  -27.566  28.742 0.0000000000
68157  -36.468  -27.532  29.755 0.0000000000
67060  -36.877  -27.771  31.782 0.0000000000
68147  -36.919  -27.330  31.631 0.0000000000
70389  -35.699  -25.741  31.858 0.0000000000
70388  -35.115  -25.799  31.455 0.0000000000
70408  -34.586  -25.868  30.992 0.0000000000
58233  -22.073  -35.496  33.068 0.0000000000
57161  -22.782  -36.193  32.425 0.0000000000
58245  -22.788  -35.369  32.290 0.0000000000
59401  -23.430  -34.296  31.851 0.0000000000
60673  -23.959  -33.197  31.680 0.0000000000
59403  -24.543  -34.044  31.575 0.0000000000
61920  -24.117  -32.197  31.675 0.0000000000
65798  -24.714  -28.727  32.025 0.0000000000
65797  -23.972  -29.022  32.374 0.0000000000
63126  -24.483  -31.212  31.681 0.0000000000
64424  -25.092  -30.339  31.592 0.0000000000
65818  -27.392  -29.714  31.136 0.0000000000
64426  -26.817  -30.396  31.548 0.0000000000
64427  -27.600  -30.622  31.346 0.0000000000
63129  -27.989  -31.537  31.548 0.0000000000
64428  -28.575  -30.554  30.898 0.0000000000
64369  -30.302  -28.796  33.312 0.0000000000
64354  -30.365  -28.685  34.360 0.0000000000
65768  -29.751  -28.389  33.734 0.0000000000
65783  -29.667  -28.757  32.679 0.0000000000
65800  -28.913  -28.533  31.882 0.0000000000
64444  -30.025  -30.876  30.503 0.0000000000
63140  -29.561  -31.426  30.630 0.0000000000
61942  -29.158  -31.926  30.816 0.0000000000
61944  -30.538  -32.434  30.481 0.0000000000
61926  -32.092  -33.357  30.798 0.0000000000
61947  -33.798  -32.555  30.198 0.0000000000
64448  -33.357  -29.885  30.249 0.0000000000
63145  -34.449  -31.767  29.665 0.0000000000
61949  -35.690  -32.458  30.416 0.0000000000
61930  -36.232  -32.622  31.190 0.0000000000
63147  -36.454  -31.828  30.196 0.0000000000
64450  -37.961  -30.921  30.448 0.0000000000
64436  -38.768  -31.103  31.511 0.0000000000
59377  -22.334  -34.467  33.591 0.0000000000
59357  -22.607  -33.885  34.437 0.0000000000
71768  -38.793  -24.368  22.800 0.0000000000
75491  -40.151  -22.307  20.883 0.0000000000
74286  -40.703  -22.943  21.606 0.0000000000
76704  -38.841  -20.453  19.022 0.0000000000
75523  -39.339  -20.935  19.471 0.0000000000
76705  -39.710  -20.362  19.249 0.0000000000
83550  -36.785  -14.740  21.179 0.0000000000
83567  -36.809  -14.793  19.952 0.0000000000
83581  -38.123  -14.648  18.535 0.0000000000
82466  -38.078  -15.322  18.704 0.0000000000
82467  -38.880  -15.673  18.214 0.0000000000
84694  -38.924  -13.435  17.178 0.0000000000
82501  -41.045  -15.304  16.633 0.0000000000
82500  -40.365  -15.229  16.997 0.0000000000
82483  -40.909  -15.955  17.249 0.0000000000
82469  -40.451  -16.187  17.656 0.0000000000
81371  -41.662  -16.496  17.306 0.0000000000
80216  -41.951  -17.382  17.837 0.0000000000
81360  -43.677  -17.191  17.469 0.0000000000
85765  -43.886  -12.644  16.151 0.0000000000
90248  -44.390  -8.790  12.864 0.0000000000
90256  -45.260  -8.570  12.397 0.0000000000
93521  -44.916  -5.697  11.755 0.0000000000
92437  -45.426  -6.570  11.228 0.0000000000
93526  -45.385  -5.631  10.868 0.0000000000
51130  -8.259  -42.690  45.282 0.0000000000
51113  -7.642  -42.243  45.919 0.0000000000
51112  -7.145  -42.804  46.544 0.0000000000
49773  -7.547  -43.601  46.321 0.0000000000
48521  -10.655  -44.563  45.984 0.0000000000
48539  -9.732  -43.935  45.370 0.0000000000
48499  -9.456  -44.679  46.945 0.0000000000
47138  -8.466  -44.920  47.963 0.0000000000
47137  -7.804  -44.745  48.208 0.0000000000
47125  -9.215  -45.494  48.692 0.0000000000
47094  -9.716  -45.780  50.650 0.0000000000
69264  -38.858  -26.946  29.632 0.0000000000
70428  -38.323  -26.088  29.301 0.0000000000
70429  -38.857  -26.177  29.701 0.0000000000
69276  -34.140  -26.364  28.700 0.0000000000
69277  -35.200  -26.399  28.594 0.0000000000
71658  -34.815  -24.930  28.213 0.0000000000
71660  -36.523  -24.917  28.909 0.0000000000
71640  -36.927  -24.471  29.659 0.0000000000
71639  -36.023  -24.445  29.339 0.0000000000
72871  -34.464  -23.416  29.666 0.0000000000
72870  -33.910  -23.392  29.204 0.0000000000
75350  -28.844  -21.928  30.438 0.0000000000
74116  -29.113  -23.088  31.056 0.0000000000
72868  -28.991  -23.819  30.252 0.0000000000
71635  -29.364  -24.446  30.167 0.0000000000
72888  -28.897  -23.703  29.423 0.0000000000
76569  -29.224  -19.828  28.559 0.0000000000
76568  -28.998  -20.843  28.969 0.0000000000
74170  -29.511  -23.269  27.252 0.0000000000
74144  -29.127  -23.527  27.974 0.0000000000
72889  -29.554  -24.220  28.654 0.0000000000
72913  -30.767  -24.031  27.521 0.0000000000
75369  -34.240  -22.515  29.109 0.0000000000
75392  -34.257  -22.269  28.542 0.0000000000
75434  -33.589  -22.759  27.086 0.0000000000
72944  -34.153  -24.332  25.141 0.0000000000
74227  -33.479  -23.659  25.755 0.0000000000
71725  -36.782  -25.265  24.609 0.0000000000
72966  -36.880  -25.251  25.435 0.0000000000
71726  -37.917  -25.163  24.397 0.0000000000
71749  -38.423  -24.834  23.462 0.0000000000
71748  -37.401  -25.028  23.495 0.0000000000
74267  -36.507  -23.479  21.515 0.0000000000
74282  -36.090  -22.803  21.107 0.0000000000
75476  -33.462  -21.571  22.327 0.0000000000
75477  -33.947  -21.361  21.905 0.0000000000
75502  -34.349  -20.919  20.707 0.0000000000
75485  -34.153  -21.190  21.318 0.0000000000
75487  -35.578  -22.093  20.682 0.0000000000
75503  -35.068  -21.178  20.231 0.0000000000
75519  -35.697  -20.993  19.717 0.0000000000
77924  -35.059  -18.914  20.640 0.0000000000
57154  -24.542  -36.773  32.488 0.0000000000
55990  -24.281  -37.805  33.682 0.0000000000
57137  -24.752  -37.309  33.199 0.0000000000
57125  -26.729  -36.653  34.656 0.0000000000
57124  -25.839  -37.150  34.252 0.0000000000
55963  -26.304  -37.771  36.229 0.0000000000
57111  -27.045  -36.841  35.948 0.0000000000
60604  -26.979  -33.431  34.979 0.0000000000
60622  -29.624  -34.855  34.049 0.0000000000
52449  -9.657  -40.256  44.961 0.0000000000
53600  -11.629  -38.926  42.984 0.0000000000
53588  -11.542  -38.948  44.120 0.0000000000
53599  -11.057  -39.937  42.633 0.0000000000
51169  -11.585  -41.776  42.986 0.0000000000
51168  -10.795  -41.916  43.369 0.0000000000
54746  -15.388  -38.898  39.453 0.0000000000
54745  -14.075  -38.537  39.723 0.0000000000
52488  -15.494  -41.240  41.936 0.0000000000
94625  -47.768  -5.092  8.713 0.0000000000
44545  -6.695  -45.925  51.558 0.0000000000
44534  -7.009  -45.484  52.300 0.0000000000
45727  -5.793  -44.994  51.990 0.0000000000
45739  -5.649  -45.509  51.479 0.0000000000
54811  -22.790  -39.782  35.481 0.0000000000
54812  -23.697  -39.431  35.726 0.0000000000
54824  -23.939  -38.856  35.129 0.0000000000
54825  -24.656  -38.496  35.226 0.0000000000
63118  -38.691  -31.999  32.502 0.0000000000
58210  -20.765  -36.160  33.510 0.0000000000
57136  -20.278  -36.762  33.701 0.0000000000
55986  -20.453  -37.819  34.134 0.0000000000
54837  -20.405  -38.568  34.663 0.0000000000
54821  -20.967  -39.272  35.034 0.0000000000
80193  -36.075  -18.063  19.388 0.0000000000
79067  -36.438  -18.572  19.140 0.0000000000
80194  -36.463  -17.563  19.277 0.0000000000
89109  -39.400  -8.714  16.911 0.0000000000
89120  -39.605  -9.169  15.935 0.0000000000
89131  -39.976  -9.749  15.525 0.0000000000
89132  -40.483  -9.290  15.335 0.0000000000
90235  -41.603  -8.457  14.433 0.0000000000
91334  -41.224  -7.929  14.665 0.0000000000
71592  -31.593  -24.553  32.720 0.0000000000
72841  -31.278  -24.368  32.554 0.0000000000
72840  -30.826  -23.789  32.246 0.0000000000
77838  -30.320  -19.681  24.983 0.0000000000
77839  -30.689  -18.739  25.174 0.0000000000
79014  -31.659  -18.383  24.028 0.0000000000
63116  -27.247  -31.463  32.415 0.0000000000
63102  -27.441  -31.840  33.594 0.0000000000
61893  -28.688  -32.948  33.444 0.0000000000
61877  -28.987  -33.205  34.190 0.0000000000
53637  -13.204  -39.115  40.480 0.0000000000
92445  -46.560  -7.080  10.245 0.0000000000
47093  -8.697  -45.346  50.662 0.0000000000
47092  -7.784  -44.817  50.682 0.0000000000
47076  -8.406  -44.840  51.585 0.0000000000
47056  -7.131  -44.922  52.457 0.0000000000
71626  -37.593  -24.177  30.610 0.0000000000
60662  -33.189  -33.932  32.281 0.0000000000
60646  -33.041  -34.812  33.236 0.0000000000
60647  -33.644  -34.059  33.197 0.0000000000
60626  -33.984  -34.179  33.929 0.0000000000
60608  -34.244  -34.031  34.535 0.0000000000
58168  -18.248  -35.329  36.601 0.0000000000
58167  -17.744  -35.384  36.929 0.0000000000
58147  -17.390  -35.022  37.497 0.0000000000
57090  -16.827  -35.894  37.444 0.0000000000
55945  -16.565  -36.477  37.628 0.0000000000
55926  -16.189  -37.080  37.945 0.0000000000
54780  -16.243  -37.785  38.249 0.0000000000
54782  -17.969  -39.091  38.287 0.0000000000
53665  -20.344  -40.954  38.130 0.0000000000
52526  -21.791  -41.808  38.992 0.0000000000
59378  -22.787  -33.883  33.604 0.0000000000
59392  -22.940  -34.359  32.576 0.0000000000
60656  -23.125  -33.366  33.254 0.0000000000
61903  -23.196  -32.456  32.978 0.0000000000
63113  -23.124  -31.334  32.687 0.0000000000
67026  -24.349  -27.906  33.725 0.0000000000
67043  -25.479  -27.997  32.230 0.0000000000
65799  -25.317  -28.803  31.736 0.0000000000
65816  -25.748  -29.432  31.523 0.0000000000
67056  -26.546  -28.749  31.484 0.0000000000
67057  -27.273  -28.985  31.270 0.0000000000
67058  -27.776  -29.181  31.142 0.0000000000
64388  -30.559  -29.088  32.517 0.0000000000
65802  -29.988  -29.352  31.603 0.0000000000
64408  -30.482  -29.563  31.397 0.0000000000
64430  -30.250  -30.255  30.795 0.0000000000
63142  -31.100  -31.481  30.140 0.0000000000
63159  -34.095  -30.888  29.392 0.0000000000
63162  -36.966  -31.024  29.786 0.0000000000
73024  -38.464  -23.463  21.635 0.0000000000
73025  -39.006  -23.583  21.965 0.0000000000
77939  -40.494  -19.852  19.118 0.0000000000
84661  -37.207  -13.829  19.859 0.0000000000
84678  -37.531  -13.435  19.380 0.0000000000
83595  -38.342  -14.223  18.051 0.0000000000
84703  -39.682  -13.493  16.750 0.0000000000
81372  -42.346  -16.544  17.142 0.0000000000
82485  -42.454  -16.001  16.759 0.0000000000
81388  -43.864  -16.181  16.663 0.0000000000
91342  -43.166  -7.457  13.116 0.0000000000
91347  -43.877  -7.339  12.693 0.0000000000
91348  -44.515  -7.309  12.354 0.0000000000
91349  -45.291  -7.487  11.885 0.0000000000
93514  -44.531  -6.160  12.226 0.0000000000
68168  -37.552  -27.541  28.761 0.0000000000
68169  -38.438  -27.760  29.224 0.0000000000
69262  -37.621  -27.082  28.567 0.0000000000
69279  -37.277  -26.748  28.358 0.0000000000
69274  -32.635  -26.260  29.153 0.0000000000
70445  -33.405  -25.718  28.491 0.0000000000
71638  -35.078  -24.366  29.116 0.0000000000
76601  -29.108  -20.874  27.276 0.0000000000
75414  -28.793  -21.709  27.491 0.0000000000
74196  -29.054  -22.449  27.051 0.0000000000
74171  -30.846  -23.737  27.055 0.0000000000
75433  -32.972  -23.170  26.946 0.0000000000
74200  -33.042  -23.372  26.448 0.0000000000
74242  -32.019  -23.080  24.062 0.0000000000
72942  -32.514  -23.467  24.445 0.0000000000
72964  -33.627  -24.272  24.152 0.0000000000
71706  -35.022  -24.897  24.835 0.0000000000
71724  -35.744  -25.005  24.260 0.0000000000
71765  -36.329  -24.715  22.771 0.0000000000
72984  -35.903  -24.699  22.892 0.0000000000
73003  -35.104  -23.731  22.360 0.0000000000
74265  -34.771  -22.914  21.943 0.0000000000
77897  -33.344  -18.932  22.235 0.0000000000
76673  -33.863  -20.736  21.633 0.0000000000
76680  -33.719  -19.507  21.603 0.0000000000
77923  -34.512  -19.114  21.041 0.0000000000
57164  -25.153  -35.391  31.948 0.0000000000
57138  -25.557  -36.867  33.203 0.0000000000
58213  -26.211  -35.978  33.032 0.0000000000
58214  -26.635  -35.579  33.945 0.0000000000
53611  -11.534  -40.368  42.142 0.0000000000
49835  -12.372  -42.496  43.471 0.0000000000
49836  -13.288  -42.627  43.428 0.0000000000
53626  -16.451  -40.557  40.461 0.0000000000
70391  -40.017  -25.978  31.667 0.0000000000
70390  -39.751  -25.979  30.970 0.0000000000
53655  -23.433  -40.922  38.941 0.0000000000
53656  -24.306  -40.217  39.044 0.0000000000
54771  -24.894  -39.419  39.110 0.0000000000
61895  -35.872  -32.983  32.967 0.0000000000
58189  -19.375  -35.951  35.185 0.0000000000
58169  -18.964  -35.383  36.145 0.0000000000
55961  -18.664  -37.394  35.988 0.0000000000
54807  -18.537  -38.260  36.610 0.0000000000
54808  -19.679  -39.329  36.448 0.0000000000
53686  -20.738  -40.211  36.591 0.0000000000
65836  -36.315  -29.147  30.193 0.0000000000
67059  -36.587  -28.453  31.635 0.0000000000
64447  -32.440  -30.198  30.150 0.0000000000
64433  -32.831  -29.677  31.157 0.0000000000
64434  -34.017  -29.908  31.291 0.0000000000
65822  -34.786  -29.892  31.319 0.0000000000
64449  -34.262  -29.813  30.122 0.0000000000
65845  -34.999  -29.690  30.011 0.0000000000
75520  -36.519  -21.206  19.583 0.0000000000
75521  -37.539  -21.300  19.506 0.0000000000
76703  -37.879  -20.492  19.054 0.0000000000
77937  -38.211  -19.708  18.765 0.0000000000
77951  -38.401  -19.013  18.603 0.0000000000
77952  -38.948  -18.852  18.546 0.0000000000
79085  -38.985  -18.405  18.499 0.0000000000
80215  -39.200  -18.060  18.472 0.0000000000
87985  -39.061  -10.762  16.497 0.0000000000
86865  -39.178  -11.277  16.424 0.0000000000
85761  -39.820  -12.711  16.501 0.0000000000
86885  -41.558  -11.135  15.162 0.0000000000
89145  -43.670  -9.673  13.848 0.0000000000
89155  -43.191  -8.774  13.350 0.0000000000
90236  -42.173  -8.371  13.918 0.0000000000
90246  -42.856  -8.316  13.419 0.0000000000
69260  -34.894  -26.894  29.216 0.0000000000
69244  -33.705  -26.262  30.136 0.0000000000
69243  -33.320  -26.133  30.048 0.0000000000
69258  -33.070  -26.187  29.621 0.0000000000
70405  -32.312  -25.833  30.396 0.0000000000
70424  -32.276  -26.086  29.527 0.0000000000
70423  -31.416  -25.761  29.273 0.0000000000
70422  -30.759  -25.401  29.135 0.0000000000
76584  -29.352  -19.956  27.631 0.0000000000
74251  -31.633  -22.323  23.653 0.0000000000
74252  -32.410  -22.599  23.259 0.0000000000
74262  -32.853  -22.742  22.822 0.0000000000
74263  -33.243  -22.426  22.581 0.0000000000
76658  -33.095  -21.117  22.611 0.0000000000
77877  -32.243  -19.233  23.110 0.0000000000
77896  -32.768  -19.162  22.588 0.0000000000
76671  -32.955  -19.681  22.326 0.0000000000
79030  -33.359  -18.415  22.772 0.0000000000
79017  -34.109  -17.784  23.011 0.0000000000
61892  -25.695  -32.100  33.240 0.0000000000
60620  -25.988  -32.696  33.514 0.0000000000
61875  -26.141  -32.264  33.911 0.0000000000
61876  -26.679  -32.474  34.546 0.0000000000
61863  -27.206  -32.760  35.247 0.0000000000
63063  -27.534  -32.603  35.260 0.0000000000
54707  -12.133  -38.905  41.847 0.0000000000
52499  -12.236  -40.207  41.590 0.0000000000
52506  -19.024  -41.535  41.354 0.0000000000
48482  -7.208  -44.357  48.191 0.0000000000
49743  -6.337  -43.032  48.425 0.0000000000
48468  -6.287  -43.850  49.445 0.0000000000
48456  -5.766  -43.779  50.407 0.0000000000
48448  -5.325  -43.855  50.927 0.0000000000
85707  -38.139  -12.467  20.971 0.0000000000
86815  -38.558  -11.713  20.490 0.0000000000
72842  -35.689  -22.988  31.260 0.0000000000
60675  -29.937  -33.987  31.727 0.0000000000
60659  -29.872  -34.187  32.451 0.0000000000
60645  -31.684  -35.206  33.559 0.0000000000
60628  -35.455  -33.534  34.150 0.0000000000
55904  -14.295  -37.295  39.193 0.0000000000
54747  -16.521  -39.155  39.419 0.0000000000
54783  -18.464  -39.654  38.007 0.0000000000
53664  -19.242  -40.869  38.487 0.0000000000
53663  -18.281  -40.094  38.422 0.0000000000
53652  -18.432  -40.910  39.085 0.0000000000
53643  -18.959  -41.384  40.059 0.0000000000
53629  -18.967  -41.400  40.688 0.0000000000
65825  -39.782  -29.650  31.796 0.0000000000
64452  -39.193  -30.092  31.194 0.0000000000
65850  -38.771  -29.099  30.087 0.0000000000
67080  -38.041  -28.542  29.352 0.0000000000
70387  -34.284  -25.556  31.447 0.0000000000
70368  -34.552  -25.156  32.184 0.0000000000
56004  -22.415  -37.737  33.198 0.0000000000
57153  -23.463  -36.893  32.569 0.0000000000
58246  -23.588  -35.071  31.696 0.0000000000
58247  -24.530  -35.082  31.683 0.0000000000
58248  -25.073  -34.701  31.762 0.0000000000
59393  -25.367  -33.933  31.837 0.0000000000
60657  -25.293  -32.999  32.208 0.0000000000
64404  -23.431  -30.117  32.486 0.0000000000
67041  -23.905  -28.375  33.094 0.0000000000
63125  -23.655  -31.188  31.842 0.0000000000
61921  -24.802  -32.162  31.963 0.0000000000
61904  -25.290  -32.094  32.520 0.0000000000
63114  -25.847  -31.415  32.506 0.0000000000
64405  -26.401  -31.026  31.941 0.0000000000
64406  -26.957  -31.004  31.899 0.0000000000
63128  -27.500  -31.211  31.707 0.0000000000
61922  -28.057  -32.268  31.899 0.0000000000
67014  -28.243  -27.922  33.188 0.0000000000
67030  -28.219  -28.094  32.264 0.0000000000
65820  -29.342  -29.717  30.946 0.0000000000
63130  -28.883  -31.433  30.920 0.0000000000
61924  -29.761  -33.418  31.152 0.0000000000
60678  -32.463  -33.891  31.585 0.0000000000
61908  -33.880  -33.526  31.735 0.0000000000
61909  -34.633  -33.329  31.861 0.0000000000
63157  -32.702  -30.637  29.673 0.0000000000
63144  -33.383  -31.649  29.614 0.0000000000
61932  -37.681  -32.320  31.807 0.0000000000
63131  -36.937  -31.988  30.919 0.0000000000
63132  -37.563  -31.833  31.197 0.0000000000
63134  -38.915  -31.431  31.940 0.0000000000
58211  -21.078  -35.336  33.775 0.0000000000
58232  -21.492  -36.225  33.182 0.0000000000
57151  -21.676  -37.045  33.141 0.0000000000
74269  -40.177  -23.339  22.200 0.0000000000
75507  -39.434  -21.562  20.157 0.0000000000
75508  -40.563  -21.384  20.415 0.0000000000
76706  -40.289  -20.402  19.516 0.0000000000
81327  -36.742  -16.003  19.941 0.0000000000
82454  -36.863  -15.675  19.696 0.0000000000
83568  -37.619  -14.695  19.225 0.0000000000
81341  -38.097  -16.677  18.686 0.0000000000
81342  -39.159  -16.701  18.392 0.0000000000
81343  -40.151  -17.144  18.231 0.0000000000
84693  -38.262  -13.415  17.829 0.0000000000
83607  -39.472  -14.179  16.919 0.0000000000
82481  -39.280  -15.309  17.799 0.0000000000
82468  -39.783  -15.951  17.865 0.0000000000
81356  -40.350  -16.695  17.889 0.0000000000
81344  -40.890  -17.348  18.112 0.0000000000
81359  -42.901  -17.105  17.486 0.0000000000
91357  -46.720  -7.885  11.221 0.0000000000
91355  -45.681  -7.159  11.353 0.0000000000
92438  -45.798  -7.016  11.017 0.0000000000
91364  -46.412  -7.254  10.567 0.0000000000
92444  -46.112  -6.630  10.417 0.0000000000
93527  -45.840  -5.677  10.326 0.0000000000
94610  -46.193  -5.247  10.046 0.0000000000
95634  -46.221  -3.888  11.307 0.0000000000
51091  -6.689  -42.187  47.139 0.0000000000
48538  -8.916  -43.929  45.557 0.0000000000
48500  -10.434  -44.751  46.865 0.0000000000
48519  -8.498  -44.323  46.173 0.0000000000
48518  -7.951  -44.321  46.646 0.0000000000
48496  -7.021  -43.784  47.712 0.0000000000
47110  -8.912  -45.808  49.671 0.0000000000
68170  -39.006  -27.794  29.538 0.0000000000
68158  -39.404  -27.759  29.987 0.0000000000
70410  -39.284  -26.134  30.091 0.0000000000
71628  -39.272  -25.395  30.400 0.0000000000
70448  -36.606  -25.714  28.420 0.0000000000
70449  -37.465  -25.899  28.675 0.0000000000
70427  -37.840  -25.544  29.205 0.0000000000
71642  -38.339  -25.312  29.613 0.0000000000
71627  -38.627  -24.764  30.298 0.0000000000
71625  -36.823  -24.083  30.376 0.0000000000
72857  -36.300  -23.718  30.757 0.0000000000
72856  -35.346  -23.122  30.732 0.0000000000
72853  -30.025  -23.823  31.578 0.0000000000
74108  -29.433  -22.821  31.702 0.0000000000
74117  -29.723  -23.189  31.615 0.0000000000
71622  -29.761  -24.464  30.716 0.0000000000
71636  -29.995  -24.926  29.709 0.0000000000
71654  -30.591  -25.066  28.658 0.0000000000
75390  -28.636  -21.826  28.409 0.0000000000
72891  -32.039  -24.289  27.991 0.0000000000
74127  -33.910  -23.068  29.221 0.0000000000
74128  -34.343  -22.722  29.667 0.0000000000
75370  -34.865  -22.180  29.579 0.0000000000
75416  -34.104  -22.225  27.786 0.0000000000
74225  -31.181  -22.943  25.452 0.0000000000
71766  -36.945  -24.674  22.674 0.0000000000
74283  -37.229  -22.882  21.029 0.0000000000
74264  -33.951  -22.427  22.194 0.0000000000
74281  -35.188  -22.525  21.292 0.0000000000
76701  -35.976  -20.273  19.489 0.0000000000
77934  -35.533  -19.212  19.800 0.0000000000
79066  -35.830  -18.481  19.549 0.0000000000
79055  -35.814  -17.208  20.653 0.0000000000
55974  -25.087  -37.852  34.685 0.0000000000
60642  -26.129  -33.359  33.264 0.0000000000
59358  -26.768  -34.438  34.551 0.0000000000
59321  -27.657  -34.326  36.181 0.0000000000
58174  -27.594  -35.461  36.286 0.0000000000
57094  -27.800  -36.769  37.252 0.0000000000
60643  -29.451  -34.320  33.375 0.0000000000
52460  -9.271  -41.577  44.545 0.0000000000
52471  -10.313  -41.467  43.620 0.0000000000
51149  -10.159  -42.052  43.757 0.0000000000
49793  -11.857  -43.436  44.532 0.0000000000
49817  -13.060  -43.168  43.920 0.0000000000
53638  -13.781  -39.335  40.213 0.0000000000
53624  -14.287  -40.090  40.555 0.0000000000
52490  -17.351  -41.789  42.024 0.0000000000
51193  -15.973  -41.796  42.575 0.0000000000
51192  -15.107  -41.820  42.432 0.0000000000
51172  -14.813  -42.358  42.971 0.0000000000
47041  -7.964  -44.908  53.145 0.0000000000
45728  -6.454  -45.157  52.313 0.0000000000
47072  -5.289  -44.520  51.332 0.0000000000
45748  -5.149  -45.776  50.723 0.0000000000
48481  -6.699  -43.769  48.367 0.0000000000
52515  -19.258  -41.465  40.691 0.0000000000
53650  -17.203  -39.605  39.222 0.0000000000
53685  -20.083  -40.002  37.034 0.0000000000
54744  -13.419  -38.753  40.328 0.0000000000
54839  -22.113  -38.815  34.275 0.0000000000
55972  -23.475  -38.716  34.468 0.0000000000
56006  -24.101  -37.367  32.942 0.0000000000
57155  -25.450  -36.099  32.336 0.0000000000
58146  -16.764  -35.107  37.874 0.0000000000
58231  -21.235  -36.597  33.289 0.0000000000
58254  -23.721  -34.520  31.644 0.0000000000
58256  -24.585  -34.632  31.632 0.0000000000
59402  -23.812  -34.028  31.624 0.0000000000
60629  -36.206  -33.177  34.227 0.0000000000
60658  -29.290  -33.999  32.881 0.0000000000
61890  -22.915  -32.298  34.053 0.0000000000
61907  -29.550  -33.929  31.850 0.0000000000
63149  -37.948  -31.241  30.898 0.0000000000
64387  -30.126  -28.939  32.716 0.0000000000
65814  -24.419  -29.301  31.900 0.0000000000
67046  -28.034  -28.641  31.424 0.0000000000
67055  -25.895  -28.536  31.680 0.0000000000
69231  -35.379  -26.093  31.068 0.0000000000
69257  -32.647  -26.212  29.402 0.0000000000
70425  -32.713  -26.018  29.975 0.0000000000
70450  -37.857  -25.962  28.972 0.0000000000
71621  -29.307  -24.203  30.546 0.0000000000
71708  -36.545  -25.260  25.378 0.0000000000
71723  -34.945  -24.679  24.018 0.0000000000
71744  -34.336  -24.159  23.321 0.0000000000
71746  -35.509  -24.704  23.452 0.0000000000
72839  -30.425  -23.470  31.950 0.0000000000
72858  -36.963  -23.928  30.813 0.0000000000
72983  -35.324  -24.337  22.859 0.0000000000
73000  -33.076  -22.944  22.682 0.0000000000
73001  -33.476  -23.134  22.612 0.0000000000
74253  -32.827  -22.248  22.830 0.0000000000
74268  -39.721  -23.382  22.103 0.0000000000
74284  -38.348  -22.799  21.023 0.0000000000
74298  -38.250  -22.316  20.720 0.0000000000
77817  -30.685  -18.494  25.769 0.0000000000
77950  -37.736  -19.018  18.689 0.0000000000
79031  -33.777  -18.308  22.605 0.0000000000
81358  -42.115  -17.018  17.555 0.0000000000
82440  -36.622  -15.496  20.575 0.0000000000
83597  -39.792  -14.795  17.077 0.0000000000
85691  -37.562  -13.702  21.505 0.0000000000
86857  -39.280  -12.166  16.561 0.0000000000
88009  -40.264  -10.002  15.376 0.0000000000
90195  -39.649  -8.315  16.682 0.0000000000
90254  -44.143  -7.734  12.574 0.0000000000
92424  -42.189  -6.971  13.854 0.0000000000
93549  -47.235  -5.934  8.877 0.0000000000
