#!ascii label  , from subject ernie vox2ras=TkReg
1735
72970  -40.420  -24.640  24.831 0.0000000000
88005  -51.552  -10.265  17.217 0.0000000000
80182  -46.752  -18.110  20.029 0.0000000000
48505  -16.194  -43.570  47.259 0.0000000000
74119  -35.325  -22.477  30.752 0.0000000000
56980  -30.550  -36.923  44.044 0.0000000000
61765  -38.683  -34.234  43.861 0.0000000000
65716  -43.564  -29.447  37.849 0.0000000000
71540  -41.069  -23.892  36.010 0.0000000000
52519  -23.262  -41.294  39.863 0.0000000000
54663  -26.403  -39.104  45.990 0.0000000000
55929  -27.182  -37.933  38.218 0.0000000000
59309  -33.902  -35.215  37.419 0.0000000000
61832  -38.885  -32.722  37.821 0.0000000000
75325  -41.955  -22.053  32.292 0.0000000000
75381  -46.574  -22.256  29.383 0.0000000000
83583  -49.873  -15.153  17.890 0.0000000000
75480  -43.469  -21.759  22.377 0.0000000000
89170  -48.746  -9.959  11.987 0.0000000000
47097  -12.893  -45.536  50.321 0.0000000000
77675  -38.637  -20.104  34.450 0.0000000000
74173  -36.670  -22.388  27.411 0.0000000000
61828  -29.360  -34.073  38.046 0.0000000000
61760  -33.900  -34.361  43.814 0.0000000000
78969  -47.960  -18.311  26.854 0.0000000000
92494  -55.434  -6.638  6.919 0.0000000000
64379  -41.585  -30.338  34.917 0.0000000000
69218  -41.194  -27.266  33.920 0.0000000000
54771  -24.894  -39.419  39.110 0.0000000000
60611  -36.736  -33.179  35.131 0.0000000000
63072  -39.756  -31.871  35.369 0.0000000000
63038  -41.586  -31.787  37.235 0.0000000000
74151  -40.977  -23.056  28.571 0.0000000000
75359  -44.617  -22.263  30.797 0.0000000000
74210  -43.871  -23.505  26.922 0.0000000000
85754  -51.359  -12.618  16.646 0.0000000000
84654  -53.041  -14.085  20.082 0.0000000000
90203  -53.785  -8.993  16.985 0.0000000000
49775  -13.087  -44.148  45.288 0.0000000000
48471  -14.564  -44.668  49.084 0.0000000000
72821  -38.676  -23.130  33.653 0.0000000000
74027  -38.973  -21.991  35.793 0.0000000000
76483  -37.047  -21.274  32.758 0.0000000000
76520  -38.134  -20.761  31.341 0.0000000000
76572  -35.748  -21.322  28.888 0.0000000000
54678  -28.406  -38.505  44.822 0.0000000000
54633  -28.478  -38.903  48.772 0.0000000000
55734  -30.417  -38.064  48.164 0.0000000000
58001  -31.814  -35.840  47.475 0.0000000000
61863  -27.206  -32.760  35.247 0.0000000000
61864  -28.896  -33.327  35.074 0.0000000000
59260  -36.440  -34.628  40.280 0.0000000000
59257  -33.400  -34.959  40.270 0.0000000000
61781  -35.754  -34.346  43.403 0.0000000000
61706  -35.536  -33.355  46.535 0.0000000000
52476  -18.826  -42.249  43.804 0.0000000000
48529  -22.433  -43.489  45.960 0.0000000000
47132  -22.710  -44.428  48.485 0.0000000000
79047  -45.422  -20.183  20.979 0.0000000000
77869  -45.833  -19.827  24.565 0.0000000000
79024  -47.224  -18.174  23.509 0.0000000000
93593  -56.946  -5.742  5.814 0.0000000000
51013  -18.302  -42.260  51.559 0.0000000000
66940  -43.630  -28.518  40.285 0.0000000000
70294  -42.257  -25.736  39.938 0.0000000000
69199  -42.387  -26.513  36.739 0.0000000000
71581  -40.633  -24.772  33.474 0.0000000000
51179  -23.297  -41.625  42.842 0.0000000000
53581  -23.964  -40.043  45.309 0.0000000000
53614  -24.717  -39.822  42.149 0.0000000000
54730  -26.765  -38.748  41.435 0.0000000000
55887  -29.141  -38.043  41.078 0.0000000000
60624  -31.402  -35.427  35.016 0.0000000000
60608  -34.244  -34.031  34.535 0.0000000000
60562  -36.921  -33.762  37.994 0.0000000000
60530  -39.013  -34.218  40.013 0.0000000000
62988  -41.036  -32.479  40.468 0.0000000000
62991  -43.634  -31.120  40.275 0.0000000000
52525  -20.610  -41.862  39.349 0.0000000000
77679  -42.746  -21.375  35.368 0.0000000000
78846  -45.168  -19.688  37.210 0.0000000000
76471  -44.881  -21.377  34.432 0.0000000000
77726  -46.791  -21.258  32.924 0.0000000000
81364  -48.550  -16.669  18.541 0.0000000000
81304  -49.391  -16.767  22.450 0.0000000000
83539  -51.497  -15.367  21.016 0.0000000000
43333  -11.384  -47.089  54.423 0.0000000000
72988  -42.298  -23.859  23.809 0.0000000000
77927  -42.285  -20.243  19.590 0.0000000000
81375  -45.421  -17.065  17.407 0.0000000000
82506  -46.279  -15.578  16.434 0.0000000000
84711  -47.638  -13.123  16.452 0.0000000000
88000  -47.939  -10.743  15.777 0.0000000000
89148  -49.935  -10.009  14.912 0.0000000000
88038  -46.474  -10.431  13.081 0.0000000000
49715  -16.331  -43.311  52.664 0.0000000000
49694  -14.426  -44.775  53.792 0.0000000000
45704  -12.574  -45.960  54.837 0.0000000000
77569  -41.946  -20.271  40.323 0.0000000000
72722  -41.888  -23.325  39.242 0.0000000000
75246  -40.383  -21.239  38.560 0.0000000000
78821  -40.888  -19.584  37.340 0.0000000000
76485  -40.664  -20.879  33.695 0.0000000000
75374  -39.357  -22.178  29.632 0.0000000000
72927  -38.316  -23.886  26.629 0.0000000000
53554  -26.290  -39.499  49.128 0.0000000000
58155  -28.260  -36.065  38.008 0.0000000000
60505  -30.339  -35.257  40.900 0.0000000000
60593  -31.195  -35.330  37.250 0.0000000000
61819  -31.691  -34.893  40.475 0.0000000000
60474  -31.859  -34.418  43.416 0.0000000000
60421  -33.865  -34.677  46.728 0.0000000000
49796  -14.805  -43.409  44.518 0.0000000000
51154  -17.057  -42.580  43.956 0.0000000000
51118  -18.060  -42.994  46.688 0.0000000000
74233  -45.697  -22.332  25.475 0.0000000000
76591  -47.565  -20.991  27.534 0.0000000000
78916  -49.823  -18.980  29.395 0.0000000000
80102  -50.833  -16.770  25.582 0.0000000000
88032  -52.484  -10.010  14.144 0.0000000000
90260  -53.973  -8.879  12.318 0.0000000000
93522  -55.235  -5.232  11.446 0.0000000000
91394  -54.028  -7.707  8.356 0.0000000000
94629  -56.142  -4.774  9.331 0.0000000000
64396  -40.878  -30.722  33.650 0.0000000000
67032  -40.863  -28.865  33.208 0.0000000000
65826  -40.241  -29.116  32.195 0.0000000000
63104  -38.989  -32.019  33.359 0.0000000000
63106  -40.398  -31.433  33.777 0.0000000000
64378  -41.181  -30.971  34.654 0.0000000000
74207  -40.983  -23.617  27.195 0.0000000000
74179  -42.453  -23.058  27.690 0.0000000000
72931  -42.491  -23.884  26.270 0.0000000000
85774  -52.076  -11.684  16.779 0.0000000000
84699  -53.307  -12.532  17.772 0.0000000000
85757  -53.707  -11.690  17.836 0.0000000000
87990  -53.796  -10.070  18.329 0.0000000000
89114  -52.732  -9.417  17.097 0.0000000000
48525  -14.408  -44.050  45.804 0.0000000000
48503  -13.724  -44.404  46.947 0.0000000000
48487  -15.741  -43.855  48.010 0.0000000000
72831  -36.434  -23.030  32.104 0.0000000000
74090  -37.319  -22.457  33.473 0.0000000000
75339  -36.300  -22.079  31.994 0.0000000000
76518  -36.791  -21.139  31.324 0.0000000000
76555  -35.465  -21.593  29.895 0.0000000000
51077  -23.439  -42.129  47.177 0.0000000000
55801  -29.380  -38.155  44.831 0.0000000000
54655  -29.547  -38.247  46.710 0.0000000000
55763  -30.476  -37.364  46.450 0.0000000000
56902  -31.114  -37.374  47.991 0.0000000000
56959  -30.961  -36.466  45.428 0.0000000000
60513  -37.720  -34.587  41.729 0.0000000000
60493  -36.278  -34.306  42.713 0.0000000000
60477  -37.104  -34.346  43.351 0.0000000000
61731  -37.363  -33.040  44.744 0.0000000000
49803  -22.680  -42.757  44.733 0.0000000000
49782  -22.876  -42.975  45.603 0.0000000000
49747  -23.264  -42.782  47.327 0.0000000000
78766  -44.163  -18.860  40.162 0.0000000000
79048  -46.159  -19.425  20.825 0.0000000000
79037  -46.526  -18.884  21.926 0.0000000000
80155  -47.135  -18.391  21.565 0.0000000000
66955  -43.766  -28.711  39.257 0.0000000000
68089  -42.814  -27.864  39.138 0.0000000000
68104  -42.463  -27.632  37.238 0.0000000000
69210  -41.089  -26.196  34.109 0.0000000000
70356  -40.306  -24.884  32.635 0.0000000000
71597  -39.471  -24.111  32.185 0.0000000000
51211  -23.502  -41.416  41.357 0.0000000000
52477  -23.756  -40.890  42.509 0.0000000000
53630  -23.997  -40.289  40.907 0.0000000000
54787  -26.295  -38.616  38.494 0.0000000000
54750  -25.873  -39.008  40.181 0.0000000000
54751  -26.839  -38.708  40.314 0.0000000000
54731  -27.620  -38.401  41.550 0.0000000000
55908  -28.126  -37.614  39.454 0.0000000000
60625  -33.707  -34.642  33.574 0.0000000000
61842  -38.371  -32.594  36.670 0.0000000000
60596  -36.712  -33.241  36.199 0.0000000000
60563  -38.064  -33.343  37.887 0.0000000000
60546  -37.704  -34.003  39.049 0.0000000000
61808  -39.351  -33.274  39.330 0.0000000000
61809  -40.008  -33.247  40.065 0.0000000000
63019  -40.425  -31.967  38.879 0.0000000000
64330  -42.813  -30.700  36.952 0.0000000000
63021  -42.846  -31.802  38.491 0.0000000000
64294  -44.206  -30.109  39.186 0.0000000000
64278  -44.288  -29.673  40.332 0.0000000000
52518  -22.481  -41.810  39.898 0.0000000000
75288  -42.433  -22.004  34.044 0.0000000000
77680  -43.907  -21.344  35.251 0.0000000000
75309  -43.438  -21.931  33.398 0.0000000000
75380  -45.222  -22.381  29.669 0.0000000000
75345  -45.635  -21.879  31.647 0.0000000000
76543  -46.722  -21.705  31.234 0.0000000000
76527  -47.942  -21.023  31.394 0.0000000000
75362  -47.612  -21.522  30.224 0.0000000000
82471  -49.365  -15.888  18.401 0.0000000000
82457  -49.625  -16.299  19.523 0.0000000000
82459  -51.034  -15.132  19.810 0.0000000000
83543  -55.361  -13.832  22.037 0.0000000000
81390  -45.742  -16.296  16.705 0.0000000000
83612  -44.325  -14.470  16.315 0.0000000000
85766  -44.897  -12.539  16.164 0.0000000000
86872  -46.221  -11.609  15.680 0.0000000000
86873  -47.259  -11.402  15.880 0.0000000000
88015  -46.199  -11.053  15.024 0.0000000000
88026  -46.891  -10.870  14.173 0.0000000000
47128  -12.318  -45.133  48.590 0.0000000000
47096  -11.872  -45.299  50.453 0.0000000000
49717  -19.518  -43.394  52.755 0.0000000000
49721  -16.841  -43.294  51.362 0.0000000000
49703  -17.904  -43.416  53.219 0.0000000000
48422  -16.119  -43.802  54.296 0.0000000000
47038  -15.285  -44.838  54.185 0.0000000000
47030  -13.504  -45.291  54.279 0.0000000000
44517  -14.224  -46.228  54.559 0.0000000000
44522  -13.845  -46.722  54.337 0.0000000000
71527  -42.267  -24.934  37.615 0.0000000000
71509  -42.200  -24.038  38.726 0.0000000000
72744  -41.392  -23.332  37.362 0.0000000000
76457  -38.524  -20.611  35.158 0.0000000000
75265  -39.460  -21.336  36.582 0.0000000000
76450  -39.383  -20.566  36.571 0.0000000000
77619  -39.973  -19.873  37.743 0.0000000000
77636  -39.924  -19.678  36.243 0.0000000000
77677  -40.695  -20.296  35.043 0.0000000000
77702  -39.437  -20.021  33.735 0.0000000000
75371  -37.175  -21.431  29.147 0.0000000000
75353  -38.924  -21.791  30.213 0.0000000000
75397  -38.344  -22.152  28.648 0.0000000000
74176  -39.348  -22.951  27.905 0.0000000000
74204  -37.645  -23.166  26.898 0.0000000000
53583  -25.524  -39.550  45.814 0.0000000000
53572  -24.914  -39.916  46.636 0.0000000000
53574  -26.174  -39.609  47.535 0.0000000000
61838  -28.079  -33.214  36.982 0.0000000000
59305  -27.963  -34.658  36.881 0.0000000000
60556  -28.849  -34.517  38.185 0.0000000000
59273  -28.925  -35.388  39.058 0.0000000000
60539  -29.539  -34.859  39.009 0.0000000000
59323  -33.137  -35.685  36.562 0.0000000000
60607  -31.277  -35.342  36.190 0.0000000000
59308  -32.827  -35.602  37.659 0.0000000000
60509  -33.153  -34.711  42.131 0.0000000000
60525  -32.241  -34.815  41.195 0.0000000000
61793  -32.227  -34.427  42.244 0.0000000000
61792  -31.777  -34.500  41.686 0.0000000000
61758  -32.591  -34.281  43.230 0.0000000000
61725  -33.029  -34.562  44.751 0.0000000000
61727  -34.450  -33.993  45.270 0.0000000000
61785  -41.764  -32.667  42.212 0.0000000000
52464  -18.249  -42.327  44.108 0.0000000000
52455  -18.344  -42.491  44.919 0.0000000000
51134  -17.606  -42.620  44.816 0.0000000000
47119  -23.414  -44.380  49.275 0.0000000000
74272  -42.976  -22.431  22.788 0.0000000000
74243  -43.900  -23.024  24.149 0.0000000000
75464  -44.726  -21.488  24.287 0.0000000000
78986  -47.116  -18.782  25.789 0.0000000000
77827  -46.779  -20.021  26.195 0.0000000000
78948  -47.865  -19.159  27.435 0.0000000000
77787  -48.728  -19.668  28.405 0.0000000000
78950  -48.901  -18.136  28.136 0.0000000000
81288  -51.555  -16.488  23.809 0.0000000000
81286  -49.717  -16.703  23.500 0.0000000000
81271  -51.846  -16.501  24.605 0.0000000000
88041  -49.683  -10.561  13.562 0.0000000000
89150  -51.397  -9.683  14.902 0.0000000000
88042  -50.683  -10.574  13.539 0.0000000000
89185  -52.994  -9.495  11.668 0.0000000000
90269  -53.615  -8.732  11.534 0.0000000000
92433  -55.118  -5.988  12.218 0.0000000000
91368  -53.770  -7.599  9.874 0.0000000000
91460  -53.675  -7.434  5.758 0.0000000000
90345  -53.545  -8.158  7.056 0.0000000000
91416  -54.791  -7.112  7.480 0.0000000000
93538  -54.891  -5.198  9.399 0.0000000000
93552  -55.678  -5.212  8.513 0.0000000000
93566  -56.578  -5.501  7.448 0.0000000000
92497  -57.549  -6.328  6.311 0.0000000000
65754  -42.556  -29.735  35.983 0.0000000000
67003  -42.462  -28.109  35.941 0.0000000000
67017  -41.792  -28.619  34.763 0.0000000000
68134  -40.909  -27.753  33.231 0.0000000000
53656  -24.306  -40.217  39.044 0.0000000000
61880  -37.628  -32.544  34.176 0.0000000000
61868  -38.742  -32.087  35.255 0.0000000000
61857  -39.348  -32.116  36.330 0.0000000000
63037  -40.558  -31.918  37.577 0.0000000000
63057  -41.172  -31.822  36.480 0.0000000000
63058  -41.968  -31.361  36.470 0.0000000000
75356  -41.468  -22.182  30.402 0.0000000000
75342  -42.766  -22.103  31.489 0.0000000000
75378  -43.264  -22.484  29.839 0.0000000000
75402  -44.017  -22.730  29.335 0.0000000000
74155  -45.006  -22.936  28.879 0.0000000000
83600  -50.486  -13.963  17.210 0.0000000000
83574  -51.581  -14.573  19.394 0.0000000000
84681  -52.280  -13.714  18.143 0.0000000000
84671  -53.995  -13.127  19.381 0.0000000000
90218  -54.594  -8.609  16.477 0.0000000000
48484  -12.502  -45.003  47.789 0.0000000000
47115  -13.993  -45.022  49.568 0.0000000000
72790  -40.100  -23.690  35.136 0.0000000000
72765  -39.812  -23.251  35.638 0.0000000000
74078  -38.797  -23.014  34.869 0.0000000000
75286  -37.845  -21.429  34.565 0.0000000000
76465  -37.901  -20.772  34.093 0.0000000000
77722  -38.539  -20.375  32.677 0.0000000000
77720  -37.421  -21.042  31.814 0.0000000000
76557  -36.694  -20.986  29.685 0.0000000000
75394  -36.118  -21.595  28.311 0.0000000000
54677  -27.091  -38.627  44.792 0.0000000000
54652  -26.796  -39.156  47.184 0.0000000000
54653  -27.981  -38.640  46.934 0.0000000000
54634  -29.567  -38.567  48.417 0.0000000000
55707  -32.075  -37.512  49.279 0.0000000000
63064  -27.955  -32.592  35.401 0.0000000000
61853  -28.881  -33.410  36.077 0.0000000000
59296  -34.731  -34.945  38.315 0.0000000000
59295  -33.585  -35.250  38.540 0.0000000000
60528  -35.067  -34.605  41.006 0.0000000000
60510  -34.245  -34.488  41.759 0.0000000000
61761  -34.676  -34.234  44.105 0.0000000000
61728  -34.786  -33.194  45.367 0.0000000000
61743  -35.603  -33.351  44.628 0.0000000000
52507  -19.798  -42.134  41.797 0.0000000000
51177  -20.268  -42.782  43.379 0.0000000000
48544  -20.624  -43.839  45.599 0.0000000000
47148  -21.462  -44.444  47.023 0.0000000000
48509  -22.074  -44.289  47.101 0.0000000000
76685  -44.155  -20.772  21.748 0.0000000000
76664  -44.850  -20.714  23.552 0.0000000000
77906  -45.593  -19.984  22.674 0.0000000000
79009  -47.027  -18.337  24.478 0.0000000000
80099  -47.659  -17.892  25.187 0.0000000000
90265  -48.042  -8.606  11.222 0.0000000000
89171  -49.521  -10.096  11.941 0.0000000000
90266  -48.707  -8.811  11.033 0.0000000000
92513  -53.982  -6.856  5.194 0.0000000000
92496  -56.362  -5.956  6.560 0.0000000000
92533  -55.372  -6.242  4.749 0.0000000000
93606  -55.924  -5.804  4.162 0.0000000000
51075  -18.161  -42.320  48.771 0.0000000000
51050  -17.381  -42.839  49.096 0.0000000000
69151  -42.754  -26.399  41.511 0.0000000000
69173  -42.480  -26.867  39.561 0.0000000000
70309  -42.581  -25.967  38.753 0.0000000000
70328  -42.382  -25.647  36.828 0.0000000000
68110  -42.228  -26.990  35.965 0.0000000000
70336  -41.551  -25.661  35.224 0.0000000000
71565  -40.547  -24.072  34.333 0.0000000000
71564  -40.080  -23.728  34.001 0.0000000000
72833  -38.023  -23.408  32.546 0.0000000000
51138  -23.239  -41.859  44.534 0.0000000000
52445  -23.559  -40.814  46.073 0.0000000000
52466  -23.479  -40.984  43.655 0.0000000000
53590  -24.030  -40.111  44.115 0.0000000000
54675  -25.422  -39.213  44.110 0.0000000000
53631  -24.635  -39.663  41.079 0.0000000000
53615  -25.388  -39.408  42.212 0.0000000000
54694  -26.827  -38.716  43.603 0.0000000000
54695  -27.910  -38.427  43.694 0.0000000000
55847  -28.576  -37.948  42.684 0.0000000000
55848  -29.540  -37.368  42.721 0.0000000000
59340  -33.398  -35.451  35.399 0.0000000000
59324  -34.015  -34.902  36.294 0.0000000000
60610  -35.766  -33.622  34.968 0.0000000000
60578  -35.420  -34.075  36.360 0.0000000000
59297  -35.662  -34.652  38.138 0.0000000000
60545  -36.495  -34.022  38.801 0.0000000000
59261  -37.683  -34.581  40.230 0.0000000000
60514  -38.721  -34.327  41.376 0.0000000000
60480  -39.778  -33.772  42.938 0.0000000000
61783  -39.947  -33.327  41.778 0.0000000000
61797  -41.052  -32.692  41.623 0.0000000000
62974  -41.615  -32.380  41.286 0.0000000000
63020  -41.591  -31.889  38.377 0.0000000000
62990  -42.859  -31.733  40.379 0.0000000000
62966  -43.259  -31.219  42.004 0.0000000000
64240  -43.985  -30.400  41.862 0.0000000000
51208  -20.806  -42.483  41.491 0.0000000000
78844  -43.153  -20.402  37.574 0.0000000000
77640  -43.791  -20.656  36.786 0.0000000000
77660  -45.397  -20.455  35.737 0.0000000000
77682  -46.200  -20.859  34.979 0.0000000000
75328  -44.789  -21.545  32.921 0.0000000000
77705  -45.792  -21.277  33.901 0.0000000000
81345  -47.867  -17.903  19.040 0.0000000000
80171  -48.428  -17.820  21.377 0.0000000000
81329  -49.225  -17.264  20.508 0.0000000000
82429  -50.556  -16.163  21.417 0.0000000000
82413  -52.304  -15.873  23.109 0.0000000000
83559  -52.527  -14.580  20.480 0.0000000000
82432  -53.275  -15.058  22.363 0.0000000000
71750  -39.451  -24.545  23.335 0.0000000000
72971  -41.494  -24.361  24.404 0.0000000000
73008  -40.442  -23.696  22.736 0.0000000000
74287  -41.363  -22.797  21.808 0.0000000000
75493  -42.674  -21.652  21.498 0.0000000000
76683  -42.996  -21.187  20.966 0.0000000000
77928  -43.559  -20.486  20.305 0.0000000000
79058  -45.002  -19.405  19.824 0.0000000000
80180  -45.432  -18.721  19.337 0.0000000000
80221  -46.487  -17.990  18.509 0.0000000000
81376  -46.587  -16.679  17.322 0.0000000000
82487  -47.218  -16.095  16.865 0.0000000000
82508  -48.096  -14.836  16.696 0.0000000000
84708  -44.610  -13.502  16.331 0.0000000000
83615  -47.445  -14.138  16.440 0.0000000000
83616  -48.477  -14.035  16.522 0.0000000000
84713  -49.361  -12.870  16.090 0.0000000000
86875  -49.095  -11.218  16.305 0.0000000000
88003  -50.318  -10.382  16.655 0.0000000000
90199  -50.699  -9.298  16.618 0.0000000000
89135  -49.227  -10.309  15.483 0.0000000000
88027  -48.033  -10.735  14.344 0.0000000000
88052  -47.351  -10.169  12.598 0.0000000000
90258  -46.718  -8.899  12.093 0.0000000000
48459  -16.146  -43.910  49.565 0.0000000000
49720  -16.122  -43.932  50.759 0.0000000000
48450  -14.434  -45.277  51.239 0.0000000000
49701  -16.685  -43.200  54.191 0.0000000000
49706  -15.489  -43.705  53.269 0.0000000000
48449  -13.605  -45.412  51.797 0.0000000000
48439  -12.827  -45.373  53.088 0.0000000000
48427  -11.730  -44.604  53.825 0.0000000000
47036  -10.846  -44.725  54.431 0.0000000000
43328  -11.764  -46.492  54.703 0.0000000000
78764  -42.595  -19.682  39.737 0.0000000000
73969  -41.520  -22.734  39.669 0.0000000000
74005  -40.662  -22.638  37.623 0.0000000000
73985  -40.786  -22.321  38.540 0.0000000000
76418  -40.956  -20.735  38.985 0.0000000000
77604  -41.720  -20.224  38.519 0.0000000000
78822  -41.642  -20.002  37.711 0.0000000000
77638  -41.720  -20.507  36.744 0.0000000000
76467  -41.010  -21.003  34.399 0.0000000000
76504  -41.275  -21.686  32.865 0.0000000000
76521  -39.161  -20.669  31.830 0.0000000000
76522  -40.086  -21.383  31.568 0.0000000000
75340  -40.768  -21.913  31.072 0.0000000000
74130  -40.588  -22.845  29.223 0.0000000000
74206  -39.872  -23.716  27.385 0.0000000000
72948  -38.821  -24.622  26.049 0.0000000000
75369  -34.240  -22.515  29.109 0.0000000000
76585  -34.639  -22.045  28.458 0.0000000000
75417  -34.986  -21.937  27.743 0.0000000000
75436  -35.425  -22.229  27.245 0.0000000000
74229  -35.798  -23.753  26.436 0.0000000000
72946  -36.579  -24.806  26.002 0.0000000000
72967  -37.454  -25.169  25.447 0.0000000000
71727  -38.949  -24.985  24.242 0.0000000000
54642  -26.952  -39.267  48.538 0.0000000000
57111  -27.045  -36.841  35.948 0.0000000000
58174  -27.594  -35.461  36.286 0.0000000000
57076  -27.939  -37.166  38.124 0.0000000000
57058  -28.949  -37.003  39.556 0.0000000000
58107  -29.572  -36.243  40.926 0.0000000000
58084  -30.331  -35.820  42.439 0.0000000000
60622  -29.624  -34.855  34.049 0.0000000000
60591  -29.920  -34.444  36.044 0.0000000000
61840  -29.801  -34.104  37.683 0.0000000000
60560  -32.149  -35.353  39.360 0.0000000000
60558  -30.921  -34.830  38.987 0.0000000000
61830  -30.592  -34.571  39.124 0.0000000000
60523  -30.919  -34.827  40.555 0.0000000000
60488  -30.759  -34.808  42.011 0.0000000000
58072  -31.001  -35.278  43.624 0.0000000000
58045  -31.553  -35.479  45.157 0.0000000000
59144  -32.724  -35.182  46.924 0.0000000000
49795  -13.799  -43.423  44.614 0.0000000000
49759  -15.843  -43.568  46.291 0.0000000000
51194  -16.474  -41.937  42.561 0.0000000000
51173  -15.690  -42.167  43.206 0.0000000000
51132  -15.989  -42.600  44.121 0.0000000000
49798  -16.582  -43.186  44.982 0.0000000000
49761  -17.609  -43.159  47.362 0.0000000000
51099  -18.470  -42.854  48.420 0.0000000000
47131  -21.805  -44.762  48.784 0.0000000000
72952  -43.028  -23.967  25.436 0.0000000000
74211  -44.806  -23.310  26.615 0.0000000000
74183  -46.557  -22.547  27.294 0.0000000000
76627  -45.715  -20.856  25.131 0.0000000000
75422  -47.065  -21.707  26.953 0.0000000000
75405  -47.531  -21.780  28.351 0.0000000000
76561  -48.593  -20.928  29.600 0.0000000000
81303  -48.857  -16.898  22.795 0.0000000000
80123  -48.669  -17.077  24.212 0.0000000000
80085  -49.646  -17.153  26.558 0.0000000000
90228  -51.191  -9.151  15.972 0.0000000000
89138  -52.734  -9.301  15.298 0.0000000000
90241  -53.838  -8.922  14.633 0.0000000000
88069  -51.851  -10.535  12.096 0.0000000000
89162  -54.066  -9.356  13.061 0.0000000000
91336  -55.309  -7.663  14.272 0.0000000000
92426  -55.923  -6.444  13.769 0.0000000000
93516  -55.811  -5.574  12.468 0.0000000000
90295  -53.275  -8.631  8.989 0.0000000000
92446  -54.331  -6.458  10.022 0.0000000000
94600  -55.844  -4.312  11.020 0.0000000000
93581  -57.238  -5.725  6.706 0.0000000000
64416  -40.506  -30.570  32.995 0.0000000000
65807  -40.509  -29.773  32.725 0.0000000000
63105  -39.838  -31.620  33.369 0.0000000000
64395  -40.406  -31.060  33.213 0.0000000000
72929  -40.462  -24.123  26.543 0.0000000000
72930  -41.503  -23.961  26.355 0.0000000000
72950  -41.023  -24.489  25.614 0.0000000000
86878  -51.584  -10.981  16.911 0.0000000000
86879  -52.265  -11.206  17.100 0.0000000000
86859  -52.802  -10.848  17.514 0.0000000000
86860  -53.631  -10.693  18.039 0.0000000000
87989  -53.090  -10.020  17.865 0.0000000000
87988  -52.058  -9.963  17.466 0.0000000000
48504  -14.922  -43.934  46.807 0.0000000000
74112  -36.120  -22.470  31.744 0.0000000000
74100  -36.501  -22.620  32.286 0.0000000000
75338  -36.086  -21.949  31.446 0.0000000000
76536  -36.008  -21.507  30.659 0.0000000000
75351  -35.396  -21.983  30.325 0.0000000000
51101  -23.483  -41.613  46.787 0.0000000000
55802  -30.357  -37.386  44.585 0.0000000000
55780  -29.911  -37.809  45.682 0.0000000000
55781  -30.593  -37.151  45.565 0.0000000000
55803  -30.728  -36.916  44.995 0.0000000000
60478  -38.119  -34.461  43.317 0.0000000000
60494  -37.393  -34.473  42.568 0.0000000000
51100  -23.368  -42.348  46.553 0.0000000000
80168  -46.403  -18.622  20.411 0.0000000000
79049  -46.715  -18.787  21.080 0.0000000000
80169  -47.017  -18.310  20.737 0.0000000000
65697  -43.654  -29.112  38.292 0.0000000000
66967  -43.401  -28.636  38.500 0.0000000000
66981  -42.957  -28.563  37.523 0.0000000000
70391  -40.017  -25.978  31.667 0.0000000000
70373  -40.359  -25.878  32.214 0.0000000000
52494  -23.815  -40.919  41.574 0.0000000000
53645  -23.889  -40.608  39.953 0.0000000000
54773  -26.573  -38.638  39.273 0.0000000000
55907  -27.366  -38.130  39.336 0.0000000000
55885  -27.674  -38.178  40.064 0.0000000000
61831  -38.382  -32.783  37.250 0.0000000000
60581  -37.888  -32.890  36.870 0.0000000000
60564  -38.640  -33.044  38.359 0.0000000000
61820  -39.101  -32.813  38.690 0.0000000000
61821  -39.758  -32.554  39.219 0.0000000000
61833  -39.662  -32.292  38.273 0.0000000000
64331  -43.273  -30.457  37.265 0.0000000000
64332  -43.730  -30.387  38.054 0.0000000000
65717  -43.790  -29.810  38.248 0.0000000000
65698  -43.905  -29.323  38.630 0.0000000000
52527  -22.769  -41.477  39.242 0.0000000000
52508  -23.046  -41.647  40.413 0.0000000000
75308  -42.277  -21.955  33.429 0.0000000000
75289  -42.924  -22.079  34.106 0.0000000000
75326  -43.055  -21.956  32.480 0.0000000000
74133  -45.677  -22.610  29.145 0.0000000000
75360  -45.863  -22.076  30.841 0.0000000000
75361  -47.051  -21.829  30.366 0.0000000000
82472  -50.225  -15.286  18.600 0.0000000000
83525  -56.266  -13.924  23.023 0.0000000000
82504  -44.051  -15.401  16.437 0.0000000000
87999  -46.001  -11.318  15.363 0.0000000000
88025  -45.779  -10.778  14.072 0.0000000000
47113  -12.129  -45.459  49.423 0.0000000000
47112  -11.092  -45.501  49.502 0.0000000000
49708  -18.696  -43.310  52.926 0.0000000000
48433  -18.851  -43.960  53.253 0.0000000000
45715  -14.772  -45.775  54.461 0.0000000000
44523  -14.714  -46.590  54.344 0.0000000000
71541  -41.613  -24.087  36.364 0.0000000000
71526  -42.092  -24.166  37.626 0.0000000000
72767  -41.164  -23.449  36.673 0.0000000000
76449  -38.869  -20.602  36.065 0.0000000000
77653  -38.946  -20.175  35.697 0.0000000000
77635  -39.486  -19.989  36.534 0.0000000000
77654  -39.481  -19.873  35.588 0.0000000000
77676  -39.805  -19.955  34.743 0.0000000000
75396  -37.603  -21.837  28.620 0.0000000000
75372  -37.899  -21.738  29.306 0.0000000000
75421  -37.907  -22.078  28.266 0.0000000000
74175  -38.215  -22.536  27.913 0.0000000000
74174  -37.131  -22.483  27.519 0.0000000000
54676  -25.819  -38.996  44.688 0.0000000000
53573  -25.868  -39.605  46.905 0.0000000000
61827  -28.627  -33.821  37.559 0.0000000000
60574  -28.227  -34.100  37.346 0.0000000000
60557  -29.418  -34.423  38.498 0.0000000000
61816  -29.832  -34.330  38.829 0.0000000000
61795  -33.172  -34.402  42.597 0.0000000000
60508  -32.458  -34.664  41.760 0.0000000000
61778  -32.972  -34.263  42.928 0.0000000000
61777  -32.427  -34.069  42.879 0.0000000000
61759  -33.321  -34.364  43.450 0.0000000000
61740  -33.716  -34.410  44.116 0.0000000000
61741  -34.374  -34.233  44.447 0.0000000000
61786  -42.431  -32.405  42.380 0.0000000000
48526  -19.914  -44.031  46.927 0.0000000000
75471  -43.590  -22.289  23.160 0.0000000000
75472  -44.268  -21.710  23.278 0.0000000000
78968  -47.583  -18.984  27.061 0.0000000000
78949  -48.341  -18.894  27.809 0.0000000000
80065  -48.527  -17.998  27.519 0.0000000000
81289  -52.440  -16.277  23.994 0.0000000000
88054  -49.186  -10.366  12.703 0.0000000000
90268  -53.157  -9.105  10.936 0.0000000000
91359  -53.925  -7.819  11.108 0.0000000000
91358  -53.503  -8.325  10.272 0.0000000000
91444  -55.019  -7.105  6.685 0.0000000000
91443  -54.168  -7.796  6.725 0.0000000000
92473  -55.222  -6.654  7.328 0.0000000000
92459  -55.114  -6.150  8.038 0.0000000000
92460  -55.580  -5.697  7.884 0.0000000000
93565  -55.949  -5.622  7.704 0.0000000000
92475  -56.132  -5.943  7.189 0.0000000000
65772  -41.957  -29.602  35.213 0.0000000000
65788  -41.557  -29.513  34.419 0.0000000000
67049  -40.554  -28.608  32.526 0.0000000000
68142  -40.432  -27.666  32.229 0.0000000000
61897  -37.435  -32.653  33.329 0.0000000000
63088  -39.208  -31.972  34.232 0.0000000000
61881  -38.397  -32.271  34.266 0.0000000000
61869  -39.114  -32.053  35.796 0.0000000000
63056  -40.199  -31.917  36.417 0.0000000000
64361  -41.487  -31.045  35.283 0.0000000000
64362  -42.034  -30.642  35.682 0.0000000000
64347  -42.575  -30.638  36.476 0.0000000000
74131  -41.388  -22.879  29.160 0.0000000000
75377  -42.192  -22.572  29.535 0.0000000000
74152  -42.009  -22.879  28.555 0.0000000000
74180  -43.399  -23.116  27.679 0.0000000000
74153  -42.898  -22.881  28.395 0.0000000000
74154  -43.807  -22.967  28.538 0.0000000000
74181  -44.410  -23.204  27.726 0.0000000000
84696  -50.817  -13.218  16.764 0.0000000000
84680  -51.289  -13.870  17.634 0.0000000000
84697  -51.731  -13.184  17.261 0.0000000000
84672  -54.720  -12.660  19.825 0.0000000000
84656  -54.889  -13.256  20.557 0.0000000000
85715  -55.294  -12.500  20.360 0.0000000000
90204  -54.816  -8.769  17.300 0.0000000000
90219  -55.525  -8.246  16.637 0.0000000000
48486  -14.701  -44.306  47.975 0.0000000000
48502  -12.606  -44.535  46.951 0.0000000000
48485  -13.605  -44.875  48.000 0.0000000000
47129  -13.060  -45.009  48.568 0.0000000000
72807  -38.861  -23.113  34.123 0.0000000000
74077  -38.475  -22.777  34.347 0.0000000000
75306  -36.887  -21.477  32.914 0.0000000000
74076  -37.709  -22.203  34.136 0.0000000000
75307  -37.206  -21.589  33.711 0.0000000000
76484  -37.340  -21.100  33.098 0.0000000000
76501  -37.601  -20.964  32.548 0.0000000000
76556  -35.849  -21.127  29.785 0.0000000000
76537  -36.708  -20.935  30.612 0.0000000000
76573  -36.500  -21.331  28.890 0.0000000000
54664  -27.500  -38.704  45.934 0.0000000000
54665  -28.489  -38.514  45.925 0.0000000000
55747  -29.959  -38.106  47.378 0.0000000000
54645  -29.418  -38.431  47.492 0.0000000000
55733  -29.835  -38.291  47.891 0.0000000000
56903  -31.449  -36.521  47.833 0.0000000000
56885  -31.613  -36.980  48.689 0.0000000000
56868  -32.044  -36.972  49.008 0.0000000000
63065  -28.409  -32.926  35.681 0.0000000000
59278  -35.695  -34.467  39.233 0.0000000000
59259  -35.238  -34.630  40.532 0.0000000000
60511  -35.412  -34.494  41.478 0.0000000000
60492  -35.074  -34.222  42.500 0.0000000000
61780  -34.760  -34.298  43.304 0.0000000000
61762  -35.646  -34.148  44.206 0.0000000000
62933  -37.302  -32.842  45.721 0.0000000000
51196  -20.295  -42.588  42.431 0.0000000000
52493  -19.709  -42.324  42.446 0.0000000000
49849  -20.972  -42.912  42.918 0.0000000000
49802  -21.974  -43.281  44.821 0.0000000000
48528  -21.678  -44.042  46.328 0.0000000000
48510  -22.667  -43.719  46.932 0.0000000000
48491  -23.024  -43.549  48.001 0.0000000000
79035  -45.315  -20.162  21.970 0.0000000000
77905  -45.048  -20.333  22.704 0.0000000000
80139  -47.132  -18.353  22.554 0.0000000000
79023  -46.355  -18.994  23.337 0.0000000000
80122  -47.927  -17.629  24.159 0.0000000000
92531  -53.583  -6.258  4.709 0.0000000000
92514  -54.900  -6.739  5.325 0.0000000000
92532  -54.425  -6.286  4.634 0.0000000000
51052  -18.122  -42.322  49.750 0.0000000000
48435  -20.515  -44.233  52.997 0.0000000000
68082  -43.267  -27.983  40.932 0.0000000000
68075  -42.890  -27.278  41.152 0.0000000000
68081  -42.847  -27.688  40.197 0.0000000000
69193  -42.478  -26.789  37.869 0.0000000000
69184  -42.543  -27.087  38.708 0.0000000000
70320  -42.456  -25.668  37.574 0.0000000000
68118  -42.023  -27.579  35.285 0.0000000000
68119  -42.314  -27.548  35.875 0.0000000000
70344  -40.992  -25.544  34.098 0.0000000000
70345  -41.281  -25.667  34.684 0.0000000000
70335  -41.121  -24.996  34.913 0.0000000000
71580  -40.006  -23.998  33.406 0.0000000000
72834  -38.861  -23.672  32.477 0.0000000000
52456  -23.531  -40.858  44.912 0.0000000000
53602  -23.996  -40.128  42.942 0.0000000000
53603  -24.942  -39.612  43.251 0.0000000000
53591  -24.907  -39.566  44.514 0.0000000000
53646  -24.366  -39.766  40.070 0.0000000000
54749  -25.081  -39.306  40.110 0.0000000000
54729  -25.852  -38.980  41.272 0.0000000000
54710  -26.013  -39.049  42.267 0.0000000000
54711  -26.772  -38.742  42.474 0.0000000000
55868  -28.448  -38.046  41.655 0.0000000000
55869  -29.192  -37.638  41.718 0.0000000000
59361  -34.039  -34.437  34.449 0.0000000000
59360  -33.636  -35.128  34.148 0.0000000000
59341  -34.151  -34.443  35.167 0.0000000000
60629  -36.206  -33.177  34.227 0.0000000000
60580  -37.152  -33.300  37.048 0.0000000000
60595  -36.041  -33.744  35.896 0.0000000000
60579  -36.051  -33.739  37.083 0.0000000000
59311  -35.741  -34.296  37.573 0.0000000000
60561  -36.187  -34.222  38.025 0.0000000000
60544  -36.002  -34.267  38.619 0.0000000000
60529  -38.036  -34.391  39.700 0.0000000000
59262  -38.367  -34.482  40.670 0.0000000000
60496  -39.557  -33.787  42.287 0.0000000000
60515  -39.533  -33.632  41.251 0.0000000000
62987  -40.495  -32.753  40.603 0.0000000000
62972  -40.480  -32.751  40.935 0.0000000000
62973  -40.751  -32.609  41.024 0.0000000000
61798  -41.551  -32.541  41.722 0.0000000000
63007  -43.248  -31.644  39.470 0.0000000000
63006  -42.273  -32.033  39.465 0.0000000000
62975  -42.570  -31.804  41.245 0.0000000000
62976  -43.484  -31.234  41.180 0.0000000000
64258  -44.218  -30.684  40.985 0.0000000000
66941  -44.063  -28.859  40.787 0.0000000000
65649  -44.149  -29.055  41.297 0.0000000000
66924  -43.844  -28.584  41.263 0.0000000000
51221  -21.211  -42.302  40.679 0.0000000000
51178  -22.842  -42.262  42.974 0.0000000000
77639  -42.690  -20.842  36.893 0.0000000000
77658  -43.308  -21.140  36.101 0.0000000000
76470  -44.387  -21.449  34.392 0.0000000000
77659  -44.394  -20.859  35.882 0.0000000000
77681  -45.063  -21.313  34.966 0.0000000000
77704  -45.147  -21.342  34.328 0.0000000000
75358  -43.539  -22.388  30.718 0.0000000000
75343  -43.841  -22.063  31.676 0.0000000000
76507  -46.120  -21.433  32.716 0.0000000000
76506  -45.621  -21.395  33.075 0.0000000000
77725  -46.051  -21.324  33.164 0.0000000000
77706  -47.166  -21.149  34.080 0.0000000000
77727  -48.037  -20.848  32.966 0.0000000000
77744  -48.435  -20.087  31.566 0.0000000000
81346  -48.346  -17.551  19.529 0.0000000000
81328  -48.672  -17.591  20.155 0.0000000000
81347  -49.068  -16.793  19.529 0.0000000000
82446  -50.993  -15.546  20.543 0.0000000000
82445  -50.215  -16.333  20.678 0.0000000000
82430  -51.248  -15.782  21.827 0.0000000000
82412  -51.609  -15.946  22.620 0.0000000000
82431  -52.637  -15.309  22.219 0.0000000000
83575  -52.404  -14.144  19.671 0.0000000000
83560  -53.625  -14.289  20.808 0.0000000000
83523  -54.353  -14.853  22.662 0.0000000000
43332  -10.574  -46.970  54.385 0.0000000000
44518  -9.484  -45.993  53.696 0.0000000000
43331  -9.771  -46.764  53.933 0.0000000000
75478  -41.808  -22.665  22.062 0.0000000000
75492  -41.494  -22.039  21.259 0.0000000000
76682  -42.156  -21.282  20.742 0.0000000000
76694  -42.679  -20.853  20.330 0.0000000000
76695  -43.269  -20.892  20.656 0.0000000000
79057  -43.803  -19.704  19.555 0.0000000000
79073  -43.978  -19.091  18.803 0.0000000000
79074  -44.732  -18.795  18.962 0.0000000000
80220  -45.548  -17.713  18.079 0.0000000000
81361  -45.727  -17.388  17.820 0.0000000000
81362  -46.198  -17.388  17.935 0.0000000000
82486  -46.613  -16.199  16.775 0.0000000000
82488  -48.354  -15.748  17.315 0.0000000000
82507  -47.340  -15.162  16.551 0.0000000000
85767  -45.909  -12.426  16.155 0.0000000000
84710  -46.657  -13.270  16.453 0.0000000000
83617  -49.186  -13.600  16.412 0.0000000000
84712  -48.537  -12.992  16.199 0.0000000000
86874  -48.220  -11.266  16.233 0.0000000000
86876  -49.949  -11.194  16.466 0.0000000000
88001  -48.877  -10.525  15.996 0.0000000000
89122  -49.378  -10.231  16.118 0.0000000000
88039  -47.599  -10.586  13.403 0.0000000000
47095  -10.830  -45.647  50.551 0.0000000000
51029  -17.562  -42.704  50.293 0.0000000000
49728  -16.749  -43.181  49.913 0.0000000000
49729  -17.067  -42.941  50.617 0.0000000000
51011  -17.003  -42.965  52.196 0.0000000000
48451  -15.339  -44.649  51.038 0.0000000000
49714  -15.761  -44.205  52.125 0.0000000000
48432  -17.950  -44.114  53.351 0.0000000000
48421  -15.390  -43.806  54.233 0.0000000000
49699  -15.116  -43.444  54.024 0.0000000000
49698  -14.800  -44.249  53.635 0.0000000000
49705  -14.755  -44.585  52.978 0.0000000000
48430  -14.131  -45.120  53.032 0.0000000000
48440  -13.438  -45.357  52.609 0.0000000000
48429  -13.474  -45.265  53.314 0.0000000000
47029  -12.652  -45.053  54.585 0.0000000000
48419  -12.219  -44.612  54.259 0.0000000000
48412  -11.834  -44.557  54.758 0.0000000000
48426  -11.180  -44.619  54.120 0.0000000000
47027  -11.177  -44.729  54.921 0.0000000000
45707  -11.197  -45.193  55.057 0.0000000000
44514  -11.919  -46.142  54.802 0.0000000000
43336  -14.134  -47.303  54.015 0.0000000000
77570  -42.824  -19.598  40.587 0.0000000000
69163  -42.507  -26.618  40.571 0.0000000000
70280  -42.450  -25.570  40.999 0.0000000000
71494  -42.103  -23.973  39.664 0.0000000000
72712  -41.922  -23.390  40.180 0.0000000000
74028  -39.716  -22.604  36.275 0.0000000000
74029  -40.313  -22.829  36.878 0.0000000000
75259  -40.103  -21.257  37.635 0.0000000000
73984  -40.308  -21.911  38.146 0.0000000000
75247  -40.501  -21.794  38.842 0.0000000000
75233  -40.502  -21.134  38.849 0.0000000000
75234  -40.803  -21.276  39.226 0.0000000000
76417  -40.519  -20.928  38.706 0.0000000000
78820  -40.147  -19.582  37.129 0.0000000000
77620  -40.547  -19.735  37.720 0.0000000000
78801  -41.238  -19.849  38.000 0.0000000000
78802  -42.085  -20.147  38.324 0.0000000000
78843  -42.099  -20.414  37.431 0.0000000000
78842  -41.298  -19.906  36.864 0.0000000000
77703  -40.259  -20.341  33.932 0.0000000000
76486  -41.189  -21.439  33.649 0.0000000000
77740  -38.375  -20.510  31.975 0.0000000000
77741  -38.823  -20.397  32.308 0.0000000000
76540  -39.409  -21.392  30.889 0.0000000000
76541  -40.092  -21.762  30.828 0.0000000000
75355  -40.552  -22.078  30.294 0.0000000000
75375  -40.115  -22.461  29.576 0.0000000000
74205  -38.769  -23.363  27.227 0.0000000000
72928  -39.340  -24.130  26.687 0.0000000000
75393  -34.618  -22.141  29.011 0.0000000000
75392  -34.257  -22.269  28.542 0.0000000000
75435  -34.480  -22.361  27.145 0.0000000000
74230  -36.951  -23.673  26.509 0.0000000000
72945  -35.299  -24.587  25.705 0.0000000000
72968  -38.407  -24.972  25.274 0.0000000000
53571  -24.198  -40.354  46.371 0.0000000000
53564  -25.663  -39.807  47.940 0.0000000000
54643  -27.719  -38.854  48.060 0.0000000000
54632  -27.574  -39.007  49.161 0.0000000000
59306  -28.169  -34.976  37.776 0.0000000000
58154  -28.055  -35.583  37.197 0.0000000000
57077  -28.519  -37.013  38.528 0.0000000000
58135  -28.557  -36.085  38.898 0.0000000000
59274  -29.332  -35.403  39.768 0.0000000000
58120  -29.270  -36.319  40.137 0.0000000000
59256  -29.722  -35.556  40.509 0.0000000000
58095  -29.775  -36.122  41.414 0.0000000000
59239  -29.878  -35.655  41.205 0.0000000000
60623  -30.449  -35.253  34.401 0.0000000000
60606  -30.502  -35.053  35.564 0.0000000000
60592  -30.509  -34.946  36.660 0.0000000000
60575  -30.011  -34.424  36.973 0.0000000000
60576  -30.493  -35.019  37.940 0.0000000000
59276  -33.221  -35.110  39.622 0.0000000000
60543  -33.079  -35.112  40.234 0.0000000000
60524  -32.010  -34.741  40.722 0.0000000000
60541  -31.561  -34.991  39.892 0.0000000000
61818  -31.068  -34.785  39.853 0.0000000000
61817  -30.418  -34.459  39.308 0.0000000000
61805  -31.464  -34.845  40.713 0.0000000000
61757  -31.947  -34.192  42.851 0.0000000000
60507  -31.634  -34.433  41.963 0.0000000000
60489  -31.443  -34.505  42.438 0.0000000000
59226  -30.883  -34.943  42.526 0.0000000000
59192  -31.398  -34.815  43.937 0.0000000000
58058  -31.156  -35.542  44.342 0.0000000000
59193  -31.834  -34.804  44.286 0.0000000000
60447  -33.206  -34.505  45.647 0.0000000000
59159  -32.600  -34.804  46.246 0.0000000000
60420  -33.291  -35.031  46.920 0.0000000000
61718  -35.547  -32.780  46.064 0.0000000000
61717  -34.771  -33.230  46.133 0.0000000000
61698  -35.241  -34.242  46.629 0.0000000000
60497  -40.111  -33.548  42.763 0.0000000000
49777  -14.534  -43.801  45.184 0.0000000000
49778  -15.442  -43.611  45.303 0.0000000000
52492  -19.139  -42.144  42.692 0.0000000000
52491  -18.245  -41.991  42.250 0.0000000000
52475  -18.311  -42.239  43.314 0.0000000000
52463  -17.747  -42.372  43.905 0.0000000000
51175  -17.286  -42.416  43.524 0.0000000000
51174  -16.631  -42.275  43.159 0.0000000000
51153  -16.218  -42.274  43.921 0.0000000000
51152  -15.442  -42.384  43.753 0.0000000000
51117  -17.792  -43.047  45.956 0.0000000000
51116  -17.143  -43.073  45.550 0.0000000000
51096  -17.534  -43.155  46.329 0.0000000000
51097  -17.807  -43.068  47.115 0.0000000000
51098  -18.096  -43.045  47.857 0.0000000000
51119  -18.440  -43.099  47.338 0.0000000000
47143  -21.822  -44.635  47.766 0.0000000000
78827  -46.376  -19.172  37.934 0.0000000000
72972  -42.597  -24.006  24.613 0.0000000000
72989  -42.934  -23.705  24.118 0.0000000000
74244  -44.684  -22.840  24.752 0.0000000000
72954  -44.555  -23.455  25.621 0.0000000000
74232  -45.198  -23.042  25.718 0.0000000000
74212  -45.770  -22.821  26.448 0.0000000000
77868  -45.482  -20.176  24.222 0.0000000000
76649  -45.352  -20.642  24.623 0.0000000000
76650  -45.846  -20.110  25.079 0.0000000000
76609  -47.043  -20.179  27.011 0.0000000000
76608  -46.876  -20.897  26.649 0.0000000000
76590  -47.127  -21.231  27.090 0.0000000000
75423  -47.380  -21.692  27.583 0.0000000000
76574  -47.816  -21.243  28.125 0.0000000000
75406  -48.012  -21.414  28.843 0.0000000000
76575  -48.294  -20.936  28.508 0.0000000000
77788  -49.170  -19.513  29.008 0.0000000000
77771  -48.966  -20.156  29.145 0.0000000000
77772  -49.677  -19.525  29.524 0.0000000000
80172  -49.038  -17.473  21.445 0.0000000000
80157  -48.664  -17.395  22.296 0.0000000000
81269  -50.245  -16.779  24.382 0.0000000000
80124  -49.355  -16.849  24.440 0.0000000000
80101  -50.000  -16.895  25.387 0.0000000000
80100  -48.660  -17.259  25.357 0.0000000000
90226  -50.030  -9.622  15.643 0.0000000000
90214  -50.870  -8.950  16.182 0.0000000000
90227  -50.547  -9.318  15.881 0.0000000000
88031  -51.964  -10.179  14.297 0.0000000000
89137  -51.738  -9.283  15.405 0.0000000000
90230  -53.428  -8.944  15.548 0.0000000000
89152  -53.319  -9.376  14.621 0.0000000000
88067  -50.696  -10.258  11.731 0.0000000000
88068  -51.263  -10.427  11.897 0.0000000000
89174  -53.766  -9.548  12.811 0.0000000000
90251  -54.395  -8.811  13.581 0.0000000000
91343  -55.118  -7.804  13.695 0.0000000000
91344  -55.452  -7.117  13.839 0.0000000000
91352  -55.274  -7.233  13.262 0.0000000000
92439  -54.598  -6.308  11.329 0.0000000000
93515  -55.414  -5.432  12.029 0.0000000000
94575  -56.228  -5.147  12.114 0.0000000000
94586  -55.809  -4.718  11.690 0.0000000000
90330  -53.697  -8.070  7.699 0.0000000000
90314  -53.456  -8.288  8.272 0.0000000000
90313  -52.716  -8.623  8.239 0.0000000000
91376  -53.750  -7.971  9.049 0.0000000000
91377  -54.344  -7.237  9.120 0.0000000000
93539  -55.455  -4.853  9.231 0.0000000000
94617  -56.291  -4.631  10.332 0.0000000000
93529  -56.779  -5.125  10.919 0.0000000000
92516  -56.504  -5.908  5.841 0.0000000000
93580  -56.808  -5.667  6.464 0.0000000000
64397  -41.384  -30.278  34.198 0.0000000000
65787  -41.144  -29.633  33.639 0.0000000000
61898  -38.218  -32.394  33.350 0.0000000000
63089  -39.892  -31.796  34.333 0.0000000000
63090  -40.568  -31.508  34.511 0.0000000000
74178  -41.491  -23.178  27.801 0.0000000000
74208  -41.979  -23.476  27.030 0.0000000000
74209  -42.937  -23.427  26.950 0.0000000000
85755  -52.024  -12.422  16.913 0.0000000000
85756  -52.786  -11.943  17.165 0.0000000000
86850  -54.647  -10.638  18.817 0.0000000000
87980  -54.773  -9.945  18.850 0.0000000000
89104  -55.341  -9.469  18.584 0.0000000000
87979  -54.236  -9.832  18.464 0.0000000000
89115  -53.991  -9.478  17.829 0.0000000000
48524  -13.753  -44.226  45.997 0.0000000000
48523  -12.673  -44.031  46.040 0.0000000000
74102  -37.544  -22.966  33.182 0.0000000000
74091  -37.947  -22.831  33.569 0.0000000000
74101  -37.033  -22.941  32.924 0.0000000000
74089  -36.771  -22.154  33.044 0.0000000000
76499  -36.697  -21.526  31.877 0.0000000000
76500  -36.960  -21.352  32.217 0.0000000000
76517  -36.554  -21.532  31.539 0.0000000000
54679  -28.904  -38.429  45.336 0.0000000000
55779  -29.516  -38.084  45.438 0.0000000000
55762  -29.995  -37.863  46.626 0.0000000000
55748  -30.479  -37.615  47.319 0.0000000000
56884  -31.039  -37.658  48.617 0.0000000000
56918  -30.923  -36.939  47.184 0.0000000000
56919  -31.357  -36.272  46.959 0.0000000000
59243  -37.086  -34.698  41.030 0.0000000000
59242  -36.063  -34.743  41.038 0.0000000000
60512  -36.660  -34.451  41.753 0.0000000000
61763  -36.610  -34.170  43.955 0.0000000000
61744  -36.516  -33.297  44.429 0.0000000000
61745  -37.357  -33.662  44.357 0.0000000000
61732  -37.948  -33.848  44.548 0.0000000000
48546  -22.346  -43.249  45.285 0.0000000000
49763  -23.076  -43.046  46.374 0.0000000000
79036  -45.968  -19.689  22.088 0.0000000000
66939  -43.209  -28.253  39.609 0.0000000000
66954  -43.302  -28.340  39.123 0.0000000000
68097  -42.676  -27.799  38.173 0.0000000000
69217  -40.943  -26.534  33.683 0.0000000000
70357  -40.657  -25.721  33.126 0.0000000000
51198  -23.513  -41.566  41.957 0.0000000000
53613  -24.005  -40.152  41.882 0.0000000000
54772  -25.670  -38.950  39.217 0.0000000000
54752  -27.527  -38.492  40.743 0.0000000000
55886  -28.629  -38.066  40.446 0.0000000000
60597  -37.399  -32.870  36.203 0.0000000000
60612  -37.092  -32.928  35.705 0.0000000000
60547  -38.661  -33.461  38.866 0.0000000000
60531  -39.698  -33.482  40.660 0.0000000000
63004  -40.483  -32.543  39.797 0.0000000000
63039  -42.598  -31.424  37.299 0.0000000000
63040  -43.465  -31.236  37.886 0.0000000000
63022  -43.603  -31.333  38.686 0.0000000000
63008  -43.833  -30.922  39.410 0.0000000000
64277  -44.173  -30.368  40.115 0.0000000000
64295  -44.228  -29.796  39.809 0.0000000000
65666  -43.943  -29.028  39.870 0.0000000000
51222  -22.135  -42.194  40.512 0.0000000000
51210  -22.958  -41.985  41.154 0.0000000000
76469  -43.346  -21.660  34.672 0.0000000000
75290  -43.744  -21.772  34.076 0.0000000000
76542  -46.079  -21.823  31.607 0.0000000000
76525  -46.537  -21.596  32.111 0.0000000000
77742  -47.100  -21.429  32.249 0.0000000000
76526  -47.293  -21.447  31.680 0.0000000000
76544  -47.569  -21.348  30.818 0.0000000000
76560  -48.036  -21.294  30.174 0.0000000000
81365  -49.147  -16.398  19.002 0.0000000000
82458  -50.341  -15.667  19.509 0.0000000000
83558  -51.594  -15.002  20.440 0.0000000000
83561  -54.397  -13.909  20.891 0.0000000000
83542  -54.500  -14.232  21.750 0.0000000000
93503  -56.797  -6.419  14.339 0.0000000000
79056  -42.942  -19.857  19.404 0.0000000000
81388  -43.864  -16.181  16.663 0.0000000000
81389  -44.744  -16.289  16.664 0.0000000000
82505  -45.077  -15.444  16.356 0.0000000000
83613  -45.389  -14.461  16.292 0.0000000000
85768  -46.901  -12.270  16.303 0.0000000000
85769  -47.868  -12.134  16.393 0.0000000000
88016  -47.322  -10.888  15.138 0.0000000000
47079  -11.587  -45.402  51.495 0.0000000000
51000  -18.712  -42.104  52.036 0.0000000000
50999  -18.009  -42.153  52.176 0.0000000000
50984  -17.745  -42.757  52.609 0.0000000000
50983  -17.109  -42.977  53.057 0.0000000000
47040  -16.963  -44.362  53.719 0.0000000000
47032  -15.003  -44.430  54.161 0.0000000000
48414  -13.741  -45.082  53.993 0.0000000000
47031  -14.425  -45.082  54.169 0.0000000000
45711  -14.172  -45.747  54.567 0.0000000000
45710  -13.347  -45.743  54.683 0.0000000000
44511  -13.120  -46.159  54.681 0.0000000000
43337  -14.929  -47.392  53.943 0.0000000000
71510  -42.320  -24.928  38.261 0.0000000000
71495  -42.227  -24.845  39.293 0.0000000000
72731  -41.774  -23.352  38.318 0.0000000000
75264  -38.805  -21.287  35.994 0.0000000000
76442  -39.834  -20.546  37.176 0.0000000000
76430  -40.172  -20.464  38.191 0.0000000000
78840  -39.972  -19.612  36.646 0.0000000000
78841  -40.512  -19.619  36.584 0.0000000000
78854  -40.728  -19.791  36.243 0.0000000000
77655  -40.326  -19.819  35.791 0.0000000000
77724  -39.838  -20.238  33.281 0.0000000000
76558  -37.649  -21.161  29.896 0.0000000000
76539  -38.434  -21.075  30.682 0.0000000000
76559  -38.260  -21.583  29.947 0.0000000000
75373  -38.641  -21.984  29.461 0.0000000000
75398  -39.116  -22.345  29.040 0.0000000000
75399  -39.612  -22.457  29.266 0.0000000000
74149  -38.864  -22.547  28.462 0.0000000000
53582  -24.762  -39.815  45.635 0.0000000000
53565  -26.294  -39.625  48.183 0.0000000000
54620  -28.141  -39.037  49.778 0.0000000000
61851  -27.593  -32.948  36.112 0.0000000000
60590  -27.419  -33.551  35.789 0.0000000000
60573  -27.800  -33.644  36.599 0.0000000000
59292  -28.599  -35.309  38.440 0.0000000000
60538  -29.010  -35.031  38.639 0.0000000000
60522  -30.191  -34.848  40.202 0.0000000000
59339  -32.268  -35.684  35.773 0.0000000000
59322  -32.063  -35.481  36.868 0.0000000000
59307  -31.850  -35.655  37.832 0.0000000000
60526  -33.373  -35.126  40.953 0.0000000000
61806  -31.912  -34.641  41.290 0.0000000000
61776  -31.966  -34.223  42.464 0.0000000000
60475  -32.474  -34.434  43.649 0.0000000000
60462  -32.350  -34.610  44.228 0.0000000000
61739  -33.066  -34.493  44.051 0.0000000000
61726  -33.707  -34.456  44.889 0.0000000000
60448  -34.016  -34.258  45.679 0.0000000000
51155  -19.269  -42.546  44.454 0.0000000000
52465  -18.551  -42.382  44.504 0.0000000000
52453  -17.946  -42.407  44.374 0.0000000000
51135  -18.175  -42.772  45.505 0.0000000000
49780  -18.387  -43.116  46.368 0.0000000000
47133  -23.418  -43.872  48.639 0.0000000000
74256  -43.091  -23.089  23.566 0.0000000000
75463  -44.052  -22.410  23.854 0.0000000000
74245  -45.292  -21.903  24.805 0.0000000000
78985  -46.581  -19.071  25.331 0.0000000000
77846  -46.407  -19.571  25.412 0.0000000000
77847  -46.857  -19.446  26.013 0.0000000000
77828  -47.082  -19.469  26.656 0.0000000000
77805  -47.710  -19.667  27.427 0.0000000000
76592  -48.130  -20.191  27.954 0.0000000000
77806  -48.236  -19.605  27.898 0.0000000000
78932  -48.827  -19.089  28.344 0.0000000000
78933  -49.337  -18.712  28.869 0.0000000000
81305  -50.339  -16.473  22.753 0.0000000000
81287  -50.707  -16.614  23.613 0.0000000000
81270  -51.058  -16.684  24.411 0.0000000000
81254  -51.329  -16.652  25.164 0.0000000000
88029  -50.173  -10.368  14.377 0.0000000000
89149  -50.558  -9.785  14.936 0.0000000000
88030  -51.051  -10.272  14.373 0.0000000000
88043  -51.675  -10.508  13.547 0.0000000000
90259  -53.370  -9.179  11.781 0.0000000000
91351  -54.873  -7.476  12.510 0.0000000000
92493  -52.200  -7.040  5.809 0.0000000000
91442  -52.903  -7.796  6.295 0.0000000000
90346  -53.929  -7.990  7.313 0.0000000000
91395  -54.624  -7.054  8.291 0.0000000000
92452  -54.620  -6.193  8.884 0.0000000000
93551  -54.965  -5.551  8.644 0.0000000000
93553  -56.556  -5.325  8.618 0.0000000000
93594  -57.255  -5.979  5.624 0.0000000000
65736  -43.023  -29.467  36.782 0.0000000000
65755  -42.715  -28.884  36.118 0.0000000000
67002  -42.330  -28.753  35.498 0.0000000000
68127  -41.532  -27.718  34.340 0.0000000000
67033  -41.279  -28.559  33.916 0.0000000000
68135  -41.227  -27.823  33.842 0.0000000000
69224  -40.597  -26.724  32.677 0.0000000000
54786  -25.577  -38.993  38.061 0.0000000000
55928  -26.397  -38.363  37.755 0.0000000000
61896  -36.551  -32.913  33.303 0.0000000000
61879  -36.934  -32.771  34.167 0.0000000000
61866  -37.236  -32.780  34.676 0.0000000000
61867  -37.659  -32.653  35.196 0.0000000000
61855  -38.114  -32.563  36.072 0.0000000000
61856  -38.741  -32.318  36.180 0.0000000000
61844  -39.561  -32.226  37.238 0.0000000000
63073  -40.927  -31.689  35.454 0.0000000000
63074  -41.597  -31.423  35.825 0.0000000000
64348  -42.920  -30.276  36.765 0.0000000000
75341  -41.714  -22.029  31.292 0.0000000000
75357  -42.491  -22.242  30.529 0.0000000000
75400  -42.569  -22.772  28.901 0.0000000000
75401  -43.126  -22.690  29.083 0.0000000000
75379  -44.231  -22.496  29.945 0.0000000000
75403  -44.624  -22.544  29.443 0.0000000000
74132  -45.293  -22.594  29.242 0.0000000000
83599  -49.646  -14.467  17.034 0.0000000000
83584  -50.697  -14.592  18.153 0.0000000000
83585  -51.603  -14.186  18.452 0.0000000000
84669  -52.128  -14.026  19.005 0.0000000000
84670  -52.937  -13.679  19.283 0.0000000000
84682  -53.221  -13.192  18.366 0.0000000000
84655  -53.760  -13.670  20.200 0.0000000000
84640  -55.866  -13.283  21.763 0.0000000000
90232  -55.290  -8.145  15.803 0.0000000000
48501  -11.531  -44.675  47.024 0.0000000000
47114  -13.137  -45.166  49.385 0.0000000000
72766  -40.627  -23.446  36.153 0.0000000000
74055  -39.184  -22.953  35.376 0.0000000000
74054  -38.545  -22.416  35.130 0.0000000000
75287  -38.034  -22.081  34.787 0.0000000000
75271  -38.386  -21.371  35.248 0.0000000000
75270  -38.067  -21.232  34.883 0.0000000000
76466  -38.309  -20.613  34.622 0.0000000000
77674  -38.209  -20.406  33.957 0.0000000000
77700  -38.102  -20.519  33.323 0.0000000000
77721  -37.966  -20.669  32.296 0.0000000000
77739  -37.718  -20.815  31.460 0.0000000000
77738  -37.147  -20.916  31.205 0.0000000000
77754  -37.141  -20.824  30.924 0.0000000000
76538  -37.478  -20.860  30.777 0.0000000000
75419  -36.549  -22.026  27.679 0.0000000000
54654  -28.918  -38.551  46.758 0.0000000000
54644  -28.676  -38.678  47.744 0.0000000000
54621  -29.183  -39.191  49.372 0.0000000000
63063  -27.534  -32.603  35.260 0.0000000000
63049  -27.982  -32.770  36.313 0.0000000000
63030  -28.336  -33.038  36.939 0.0000000000
61839  -28.806  -33.544  37.065 0.0000000000
59277  -34.413  -34.877  39.416 0.0000000000
59258  -34.011  -34.769  40.280 0.0000000000
60527  -34.550  -34.670  41.007 0.0000000000
60491  -34.025  -34.280  42.534 0.0000000000
61779  -33.641  -34.270  43.041 0.0000000000
61742  -34.806  -33.740  44.734 0.0000000000
61729  -35.561  -32.889  45.250 0.0000000000
61730  -36.447  -32.797  44.987 0.0000000000
61719  -36.556  -32.684  45.776 0.0000000000
60423  -36.584  -33.808  46.616 0.0000000000
52506  -19.024  -41.535  41.354 0.0000000000
51176  -19.500  -42.430  43.563 0.0000000000
49822  -20.642  -43.195  44.260 0.0000000000
51156  -19.898  -42.736  44.057 0.0000000000
48527  -20.676  -44.380  46.630 0.0000000000
47144  -22.504  -44.200  47.637 0.0000000000
76674  -43.940  -21.095  21.984 0.0000000000
75481  -44.345  -21.284  22.642 0.0000000000
76675  -44.495  -20.760  22.334 0.0000000000
77887  -45.165  -20.344  23.282 0.0000000000
77888  -45.577  -20.000  23.559 0.0000000000
79022  -45.842  -19.603  22.930 0.0000000000
77889  -46.035  -19.460  24.081 0.0000000000
79008  -46.365  -19.053  24.760 0.0000000000
78987  -47.928  -17.890  26.015 0.0000000000
89180  -48.427  -9.240  11.572 0.0000000000
89181  -49.264  -9.418  11.335 0.0000000000
89194  -49.903  -9.325  10.800 0.0000000000
92512  -52.899  -6.698  5.279 0.0000000000
91461  -54.535  -7.289  5.871 0.0000000000
91462  -55.212  -6.886  6.016 0.0000000000
92495  -55.793  -6.385  6.652 0.0000000000
91463  -55.532  -6.602  6.213 0.0000000000
92515  -55.757  -6.371  5.778 0.0000000000
92534  -56.211  -5.987  5.092 0.0000000000
93604  -53.899  -5.528  4.339 0.0000000000
92535  -56.671  -5.787  5.384 0.0000000000
49744  -17.403  -43.294  47.878 0.0000000000
48488  -16.682  -43.626  48.061 0.0000000000
51073  -17.466  -43.041  48.521 0.0000000000
48443  -20.249  -43.676  52.710 0.0000000000
70319  -42.141  -25.003  37.020 0.0000000000
66992  -42.664  -28.378  36.652 0.0000000000
68111  -42.385  -27.539  36.397 0.0000000000
69211  -41.414  -26.503  34.523 0.0000000000
69204  -41.917  -26.433  35.524 0.0000000000
69198  -42.205  -26.353  36.060 0.0000000000
70327  -42.036  -25.539  36.135 0.0000000000
71551  -41.503  -24.855  35.600 0.0000000000
71550  -40.985  -24.113  35.479 0.0000000000
72809  -40.038  -23.712  34.619 0.0000000000
72822  -39.148  -23.510  33.064 0.0000000000
72832  -36.804  -23.227  32.245 0.0000000000
72843  -36.141  -23.107  31.629 0.0000000000
51121  -23.400  -41.855  45.664 0.0000000000
53592  -25.254  -39.490  45.153 0.0000000000
54728  -25.243  -39.119  40.861 0.0000000000
53632  -25.148  -39.367  41.516 0.0000000000
53604  -25.548  -39.325  42.787 0.0000000000
54693  -25.796  -39.087  43.382 0.0000000000
54712  -27.620  -38.257  42.605 0.0000000000
55824  -28.993  -38.205  43.795 0.0000000000
55825  -29.805  -37.660  43.750 0.0000000000
55849  -29.912  -37.147  43.216 0.0000000000
60646  -33.041  -34.812  33.236 0.0000000000
59381  -32.870  -35.490  33.722 0.0000000000
59359  -32.549  -35.690  34.566 0.0000000000
60628  -35.455  -33.534  34.150 0.0000000000
60609  -34.842  -33.861  34.865 0.0000000000
60594  -35.248  -33.989  35.581 0.0000000000
59342  -34.707  -34.154  35.397 0.0000000000
59325  -34.786  -34.428  35.969 0.0000000000
59310  -35.033  -34.566  37.145 0.0000000000
59280  -37.583  -34.406  39.608 0.0000000000
59279  -36.927  -34.452  39.503 0.0000000000
59244  -37.931  -34.619  41.032 0.0000000000
60495  -38.495  -34.437  42.439 0.0000000000
60479  -39.138  -34.256  43.161 0.0000000000
61784  -40.566  -33.190  42.305 0.0000000000
61796  -40.255  -33.007  41.157 0.0000000000
62964  -41.850  -32.449  41.788 0.0000000000
62965  -42.472  -32.109  41.996 0.0000000000
63005  -41.226  -32.190  39.579 0.0000000000
62989  -41.920  -32.229  40.421 0.0000000000
64241  -44.338  -30.093  41.367 0.0000000000
65633  -44.136  -29.374  41.661 0.0000000000
52515  -19.258  -41.465  40.691 0.0000000000
49860  -21.066  -42.734  42.263 0.0000000000
51209  -21.871  -42.395  41.245 0.0000000000
49861  -21.692  -42.564  41.977 0.0000000000
51137  -22.839  -42.346  44.062 0.0000000000
78845  -44.202  -20.087  37.460 0.0000000000
77641  -44.787  -20.264  36.576 0.0000000000
77642  -45.625  -19.889  36.421 0.0000000000
77661  -46.445  -20.019  35.874 0.0000000000
75327  -44.089  -21.795  32.659 0.0000000000
75311  -44.849  -21.462  33.437 0.0000000000
75344  -44.969  -21.866  31.933 0.0000000000
76505  -45.152  -21.429  33.269 0.0000000000
77683  -47.358  -20.451  35.043 0.0000000000
77743  -47.711  -21.167  32.167 0.0000000000
80205  -47.496  -18.067  19.427 0.0000000000
80183  -47.491  -18.010  20.297 0.0000000000
80184  -48.340  -17.802  20.460 0.0000000000
80185  -48.830  -17.704  20.927 0.0000000000
81317  -49.503  -17.010  21.539 0.0000000000
82444  -49.544  -16.677  20.055 0.0000000000
81330  -49.842  -16.814  21.106 0.0000000000
81318  -50.231  -16.433  21.753 0.0000000000
81319  -50.762  -16.195  22.314 0.0000000000
81307  -51.902  -16.236  23.448 0.0000000000
82396  -52.723  -16.030  23.740 0.0000000000
83540  -52.129  -15.122  21.287 0.0000000000
83541  -53.333  -14.802  21.743 0.0000000000
47035  -9.931  -44.915  54.127 0.0000000000
71728  -39.896  -24.744  24.138 0.0000000000
71729  -40.694  -24.500  24.026 0.0000000000
71752  -40.834  -24.227  23.576 0.0000000000
72987  -41.370  -23.901  23.361 0.0000000000
74270  -41.287  -23.348  22.518 0.0000000000
74255  -41.982  -23.436  23.161 0.0000000000
74271  -42.280  -22.868  22.693 0.0000000000
75479  -42.451  -22.216  22.123 0.0000000000
75494  -43.395  -21.344  21.588 0.0000000000
76684  -43.761  -20.916  21.183 0.0000000000
77919  -44.497  -20.530  21.392 0.0000000000
77929  -44.486  -20.106  20.376 0.0000000000
79059  -45.814  -18.915  20.031 0.0000000000
80181  -46.135  -18.483  19.688 0.0000000000
80202  -45.048  -18.292  18.569 0.0000000000
80203  -45.904  -18.389  18.853 0.0000000000
80204  -46.658  -18.349  19.230 0.0000000000
80222  -47.114  -18.202  18.794 0.0000000000
81363  -47.450  -17.543  18.428 0.0000000000
81377  -47.774  -16.533  17.699 0.0000000000
82470  -48.689  -16.188  17.998 0.0000000000
83598  -48.814  -14.965  16.867 0.0000000000
84709  -45.644  -13.414  16.355 0.0000000000
83614  -46.460  -14.342  16.338 0.0000000000
84695  -49.938  -13.517  16.565 0.0000000000
84714  -50.087  -12.779  16.286 0.0000000000
85770  -48.767  -12.089  16.077 0.0000000000
85771  -49.646  -12.033  16.112 0.0000000000
85772  -50.616  -12.117  16.312 0.0000000000
86877  -50.786  -11.119  16.630 0.0000000000
88004  -50.997  -10.319  16.942 0.0000000000
87987  -51.242  -9.725  17.079 0.0000000000
89124  -50.148  -9.794  16.513 0.0000000000
90212  -49.717  -9.820  15.890 0.0000000000
89147  -49.527  -10.174  14.940 0.0000000000
88017  -48.594  -10.509  15.159 0.0000000000
88018  -49.108  -10.337  14.891 0.0000000000
88028  -49.192  -10.440  14.529 0.0000000000
88040  -48.647  -10.592  13.553 0.0000000000
88053  -48.235  -10.327  12.685 0.0000000000
89168  -47.157  -9.375  12.182 0.0000000000
89169  -47.910  -9.821  11.999 0.0000000000
89179  -47.750  -9.069  11.718 0.0000000000
48473  -16.401  -43.775  48.892 0.0000000000
48472  -15.556  -44.188  48.923 0.0000000000
49727  -16.220  -43.885  50.067 0.0000000000
48458  -15.562  -44.358  49.954 0.0000000000
48457  -14.696  -45.004  50.178 0.0000000000
47098  -13.821  -45.374  50.271 0.0000000000
48425  -18.239  -43.715  53.322 0.0000000000
48424  -17.634  -43.784  53.546 0.0000000000
50982  -16.487  -42.781  53.710 0.0000000000
48423  -16.945  -43.907  53.931 0.0000000000
49700  -15.937  -42.851  54.389 0.0000000000
49707  -15.885  -42.840  53.566 0.0000000000
49713  -15.110  -44.780  52.432 0.0000000000
48441  -14.452  -45.189  52.355 0.0000000000
47081  -13.494  -45.398  51.027 0.0000000000
47080  -12.703  -45.410  51.386 0.0000000000
47061  -12.362  -45.350  52.460 0.0000000000
48420  -13.049  -45.223  53.924 0.0000000000
47046  -12.359  -45.220  53.140 0.0000000000
45706  -10.492  -45.135  54.736 0.0000000000
44512  -10.794  -45.517  54.846 0.0000000000
43327  -11.167  -46.634  54.623 0.0000000000
43329  -12.112  -46.313  54.932 0.0000000000
43334  -12.378  -47.037  54.349 0.0000000000
77571  -43.609  -19.260  40.597 0.0000000000
78765  -43.275  -19.062  39.985 0.0000000000
70269  -42.718  -25.556  41.949 0.0000000000
71482  -42.223  -24.389  40.420 0.0000000000
72743  -40.832  -23.113  36.932 0.0000000000
74006  -41.175  -22.886  38.160 0.0000000000
74004  -40.027  -22.134  37.231 0.0000000000
73986  -41.385  -22.742  38.892 0.0000000000
73968  -40.976  -22.092  39.428 0.0000000000
73955  -41.444  -22.240  40.501 0.0000000000
76403  -41.339  -20.775  39.872 0.0000000000
77585  -41.465  -20.534  39.443 0.0000000000
77602  -40.172  -20.045  38.170 0.0000000000
77603  -40.804  -20.252  38.383 0.0000000000
77586  -41.893  -20.270  39.228 0.0000000000
78783  -42.465  -19.971  38.958 0.0000000000
78823  -42.540  -20.122  38.055 0.0000000000
77657  -42.138  -21.039  36.173 0.0000000000
77656  -41.157  -20.249  36.154 0.0000000000
77678  -41.590  -21.014  35.316 0.0000000000
76468  -42.152  -21.689  34.451 0.0000000000
77701  -38.760  -20.103  33.385 0.0000000000
77723  -39.279  -20.341  32.810 0.0000000000
76502  -39.543  -20.568  32.470 0.0000000000
76503  -40.220  -20.885  32.803 0.0000000000
75324  -40.855  -21.954  32.061 0.0000000000
75376  -41.057  -22.548  29.748 0.0000000000
74150  -39.897  -22.777  28.805 0.0000000000
74177  -40.447  -23.162  27.911 0.0000000000
72949  -39.927  -24.665  25.867 0.0000000000
74118  -34.838  -22.704  30.233 0.0000000000
75370  -34.865  -22.180  29.579 0.0000000000
76571  -35.010  -21.762  29.006 0.0000000000
76586  -34.977  -21.785  28.356 0.0000000000
76587  -35.469  -21.665  28.231 0.0000000000
75418  -35.740  -21.862  27.731 0.0000000000
75437  -36.015  -22.122  27.362 0.0000000000
74202  -35.090  -22.858  26.687 0.0000000000
74203  -36.367  -22.655  27.001 0.0000000000
74231  -37.498  -23.732  26.577 0.0000000000
72926  -37.774  -23.769  26.598 0.0000000000
72947  -37.724  -24.257  26.115 0.0000000000
72969  -39.414  -24.799  25.048 0.0000000000
52437  -23.685  -40.899  47.177 0.0000000000
53563  -24.981  -39.931  47.651 0.0000000000
55949  -26.860  -37.749  37.031 0.0000000000
55930  -27.804  -37.546  38.732 0.0000000000
57044  -29.196  -37.407  40.102 0.0000000000
58119  -28.852  -35.985  39.546 0.0000000000
57059  -29.291  -37.012  40.056 0.0000000000
57045  -29.424  -37.288  40.694 0.0000000000
57029  -29.760  -36.779  41.686 0.0000000000
57030  -29.953  -36.507  42.158 0.0000000000
56999  -30.547  -36.532  43.618 0.0000000000
61878  -29.155  -34.064  34.380 0.0000000000
60605  -29.761  -34.653  35.017 0.0000000000
61865  -29.295  -33.984  35.521 0.0000000000
61854  -29.452  -33.924  36.558 0.0000000000
59294  -32.392  -35.498  38.777 0.0000000000
59293  -31.681  -35.588  38.471 0.0000000000
60542  -32.398  -35.092  40.003 0.0000000000
60559  -31.471  -35.311  39.038 0.0000000000
60577  -31.222  -35.510  38.117 0.0000000000
61841  -30.272  -34.568  38.507 0.0000000000
61829  -30.051  -34.289  38.589 0.0000000000
61803  -30.015  -34.493  39.546 0.0000000000
61791  -31.093  -34.906  40.997 0.0000000000
60506  -31.039  -34.790  41.313 0.0000000000
59240  -30.363  -35.202  41.587 0.0000000000
59225  -30.446  -35.304  42.228 0.0000000000
58085  -30.711  -35.596  42.924 0.0000000000
56981  -30.815  -36.480  44.449 0.0000000000
58044  -31.083  -35.940  44.998 0.0000000000
56960  -31.265  -35.907  45.531 0.0000000000
58016  -31.757  -35.617  46.613 0.0000000000
59175  -32.110  -34.995  44.940 0.0000000000
59143  -32.234  -35.193  46.590 0.0000000000
58017  -32.174  -35.449  47.093 0.0000000000
61716  -34.420  -33.914  46.097 0.0000000000
61704  -34.356  -34.282  46.412 0.0000000000
49776  -13.731  -43.966  45.164 0.0000000000
49758  -15.043  -43.839  45.896 0.0000000000
52474  -17.533  -42.280  42.949 0.0000000000
49819  -15.107  -42.976  43.917 0.0000000000
51133  -16.696  -42.874  44.475 0.0000000000
49797  -15.894  -43.239  44.496 0.0000000000
49779  -16.364  -43.355  45.560 0.0000000000
49760  -17.059  -43.353  46.757 0.0000000000
48506  -16.895  -43.481  47.499 0.0000000000
49745  -17.783  -43.094  47.676 0.0000000000
47118  -22.588  -44.726  49.505 0.0000000000
72951  -42.046  -24.192  25.448 0.0000000000
72932  -43.414  -23.821  26.236 0.0000000000
72973  -43.607  -23.591  24.597 0.0000000000
72953  -43.876  -23.788  25.513 0.0000000000
72933  -44.145  -23.707  26.201 0.0000000000
74182  -45.509  -23.033  27.581 0.0000000000
74156  -46.219  -22.703  28.430 0.0000000000
75465  -45.236  -21.314  24.739 0.0000000000
76628  -46.195  -20.679  25.512 0.0000000000
75452  -46.176  -21.326  25.601 0.0000000000
74213  -46.419  -22.188  26.240 0.0000000000
74157  -46.932  -22.366  28.040 0.0000000000
75404  -46.851  -22.338  28.557 0.0000000000
75382  -47.762  -21.593  29.497 0.0000000000
75383  -48.280  -21.315  29.071 0.0000000000
76562  -49.254  -20.270  29.771 0.0000000000
80170  -47.674  -18.030  21.076 0.0000000000
80156  -47.827  -17.995  21.981 0.0000000000
80140  -47.875  -17.765  22.974 0.0000000000
81285  -49.051  -16.738  23.156 0.0000000000
80141  -48.547  -17.126  23.329 0.0000000000
80084  -48.645  -17.662  26.691 0.0000000000
80066  -49.332  -17.526  27.742 0.0000000000
80049  -49.349  -17.935  28.445 0.0000000000
90201  -51.102  -9.127  16.772 0.0000000000
89126  -51.771  -9.250  16.514 0.0000000000
90216  -52.477  -9.163  16.368 0.0000000000
90240  -50.900  -9.380  15.462 0.0000000000
90229  -52.090  -9.063  15.883 0.0000000000
90217  -53.624  -8.860  16.330 0.0000000000
90231  -54.488  -8.533  15.713 0.0000000000
90243  -55.125  -8.154  15.270 0.0000000000
88055  -50.303  -10.433  12.429 0.0000000000
88056  -51.348  -10.592  12.676 0.0000000000
88044  -52.618  -10.203  13.550 0.0000000000
89172  -52.631  -10.091  12.140 0.0000000000
88045  -53.140  -10.121  13.127 0.0000000000
89161  -53.413  -9.660  13.613 0.0000000000
90250  -53.764  -9.174  14.125 0.0000000000
90242  -54.751  -8.335  14.707 0.0000000000
91337  -55.730  -7.446  14.788 0.0000000000
92420  -56.071  -6.780  14.388 0.0000000000
93509  -56.498  -6.247  13.828 0.0000000000
92434  -55.483  -6.617  12.999 0.0000000000
93508  -56.146  -6.066  13.206 0.0000000000
93517  -56.320  -5.884  12.808 0.0000000000
94576  -56.532  -5.664  12.485 0.0000000000
90294  -52.494  -9.016  9.068 0.0000000000
93528  -54.774  -5.344  10.474 0.0000000000
94585  -55.575  -4.693  11.186 0.0000000000
95653  -56.073  -4.352  11.510 0.0000000000
93567  -57.202  -5.573  7.910 0.0000000000
92476  -57.606  -6.177  7.335 0.0000000000
43325  -12.007  -46.419  54.742 0.0000000000
43326  -12.066  -46.211  55.139 0.0000000000
44509  -12.216  -46.321  54.752 0.0000000000
44510  -12.423  -46.164  54.760 0.0000000000
44513  -11.253  -45.998  54.787 0.0000000000
44515  -12.818  -46.448  54.529 0.0000000000
44516  -13.515  -46.237  54.602 0.0000000000
44520  -10.853  -46.459  54.581 0.0000000000
44521  -13.142  -46.692  54.341 0.0000000000
45703  -12.131  -45.878  54.836 0.0000000000
45705  -12.993  -46.008  54.825 0.0000000000
45708  -11.817  -45.421  54.912 0.0000000000
45709  -12.684  -45.544  54.770 0.0000000000
47026  -10.604  -44.861  54.647 0.0000000000
47028  -11.957  -44.893  54.957 0.0000000000
47037  -14.678  -45.391  54.338 0.0000000000
47044  -10.788  -44.770  53.551 0.0000000000
47045  -11.823  -44.949  53.201 0.0000000000
47062  -13.030  -45.421  52.067 0.0000000000
48411  -11.545  -44.521  54.816 0.0000000000
48413  -12.482  -44.885  54.476 0.0000000000
48415  -14.462  -44.755  53.955 0.0000000000
48416  -14.903  -44.184  54.067 0.0000000000
48417  -11.337  -44.597  54.657 0.0000000000
48418  -11.672  -44.480  54.507 0.0000000000
48428  -12.492  -44.985  53.586 0.0000000000
48442  -15.149  -44.959  51.881 0.0000000000
48470  -13.643  -44.792  48.970 0.0000000000
49695  -14.684  -44.381  53.897 0.0000000000
49696  -14.874  -43.967  53.988 0.0000000000
49697  -14.062  -45.064  53.521 0.0000000000
49702  -17.291  -43.380  53.631 0.0000000000
49704  -14.066  -45.063  53.187 0.0000000000
49716  -19.064  -42.814  52.343 0.0000000000
49735  -17.045  -43.278  48.737 0.0000000000
49820  -15.635  -42.736  44.039 0.0000000000
50968  -16.545  -42.775  54.142 0.0000000000
50969  -16.967  -42.976  53.679 0.0000000000
50970  -17.490  -43.125  53.137 0.0000000000
50971  -18.057  -43.047  52.838 0.0000000000
50985  -18.402  -42.606  52.450 0.0000000000
50997  -16.714  -43.027  52.968 0.0000000000
50998  -17.411  -42.756  52.394 0.0000000000
51028  -17.374  -42.728  49.653 0.0000000000
51051  -17.777  -42.481  49.311 0.0000000000
51074  -17.835  -42.897  48.318 0.0000000000
51195  -19.751  -42.433  42.906 0.0000000000
51223  -22.691  -41.912  40.478 0.0000000000
52454  -18.119  -42.445  44.680 0.0000000000
54651  -26.374  -39.327  46.670 0.0000000000
54666  -29.297  -38.272  45.845 0.0000000000
54667  -29.663  -38.036  46.208 0.0000000000
54692  -25.244  -39.342  43.819 0.0000000000
55800  -28.944  -38.364  44.456 0.0000000000
55826  -30.250  -37.071  43.636 0.0000000000
56938  -30.928  -36.718  46.298 0.0000000000
56939  -31.304  -36.096  46.132 0.0000000000
57000  -30.810  -35.930  43.686 0.0000000000
57015  -29.887  -36.816  42.308 0.0000000000
57016  -30.176  -36.506  42.794 0.0000000000
57017  -30.558  -36.146  43.239 0.0000000000
57095  -28.214  -36.790  37.939 0.0000000000
58002  -32.400  -35.589  47.609 0.0000000000
58031  -31.564  -35.626  45.882 0.0000000000
58059  -31.620  -35.121  44.506 0.0000000000
58096  -30.001  -35.933  41.941 0.0000000000
59158  -31.996  -35.135  45.897 0.0000000000
59176  -32.480  -34.773  45.588 0.0000000000
59210  -31.187  -34.851  43.146 0.0000000000
59241  -35.562  -34.682  41.028 0.0000000000
59275  -32.527  -35.283  39.466 0.0000000000
59382  -33.324  -35.332  33.587 0.0000000000
60422  -34.455  -34.494  46.698 0.0000000000
60436  -33.257  -34.693  46.494 0.0000000000
60437  -33.888  -34.356  46.216 0.0000000000
60446  -32.647  -34.700  45.034 0.0000000000
60461  -31.829  -34.629  43.946 0.0000000000
60476  -36.566  -34.323  43.385 0.0000000000
60490  -33.449  -34.374  42.591 0.0000000000
60540  -31.031  -34.743  39.473 0.0000000000
60626  -33.984  -34.179  33.929 0.0000000000
61700  -36.115  -33.715  46.595 0.0000000000
61707  -36.576  -33.201  46.463 0.0000000000
61720  -37.108  -32.777  45.324 0.0000000000
61769  -42.703  -32.620  42.844 0.0000000000
61782  -36.293  -34.339  43.398 0.0000000000
61794  -32.725  -34.443  42.492 0.0000000000
61804  -30.778  -34.669  40.104 0.0000000000
61807  -32.171  -34.556  41.943 0.0000000000
61837  -27.717  -33.114  36.691 0.0000000000
61843  -38.864  -32.471  36.920 0.0000000000
61852  -27.791  -32.914  36.578 0.0000000000
62940  -37.952  -33.612  44.868 0.0000000000
63023  -43.897  -30.660  38.678 0.0000000000
63029  -28.162  -32.894  36.764 0.0000000000
63041  -43.730  -30.947  38.291 0.0000000000
63048  -27.740  -32.730  35.793 0.0000000000
63050  -28.423  -32.995  36.522 0.0000000000
63071  -39.382  -31.900  34.802 0.0000000000
64259  -44.446  -30.025  40.851 0.0000000000
64311  -43.957  -30.065  38.528 0.0000000000
65634  -44.354  -29.721  41.231 0.0000000000
65650  -44.315  -29.326  40.963 0.0000000000
65667  -44.085  -29.123  40.361 0.0000000000
65682  -44.116  -29.380  39.444 0.0000000000
65683  -44.103  -29.412  39.972 0.0000000000
65735  -42.818  -30.047  36.462 0.0000000000
66925  -44.150  -28.931  41.086 0.0000000000
66968  -43.768  -28.846  38.758 0.0000000000
71481  -42.060  -23.917  40.102 0.0000000000
71596  -38.724  -23.792  32.162 0.0000000000
71730  -41.122  -24.294  23.814 0.0000000000
72789  -39.589  -23.393  35.162 0.0000000000
72808  -39.496  -23.361  34.333 0.0000000000
72974  -44.244  -23.505  25.074 0.0000000000
72986  -40.662  -23.999  23.199 0.0000000000
73009  -40.948  -23.753  22.939 0.0000000000
74111  -35.725  -22.598  31.248 0.0000000000
74129  -40.170  -22.723  29.226 0.0000000000
74148  -38.468  -22.381  28.335 0.0000000000
74184  -47.179  -22.085  27.614 0.0000000000
74234  -46.170  -21.768  25.674 0.0000000000
74254  -41.546  -23.551  23.025 0.0000000000
75310  -44.397  -21.581  33.620 0.0000000000
75322  -36.508  -21.686  31.923 0.0000000000
75323  -36.600  -21.849  32.420 0.0000000000
75352  -35.624  -22.041  30.940 0.0000000000
75354  -39.743  -21.947  30.249 0.0000000000
75395  -36.890  -21.676  28.440 0.0000000000
75420  -37.415  -22.002  28.015 0.0000000000
75438  -46.524  -21.460  26.080 0.0000000000
75451  -45.732  -21.351  25.185 0.0000000000
76431  -40.583  -20.585  38.546 0.0000000000
76456  -38.082  -20.963  34.809 0.0000000000
76487  -44.611  -21.437  34.012 0.0000000000
76488  -44.959  -21.384  33.909 0.0000000000
76489  -45.381  -21.385  33.556 0.0000000000
76519  -37.768  -20.791  31.185 0.0000000000
76523  -45.244  -21.546  32.682 0.0000000000
76524  -45.726  -21.669  32.255 0.0000000000
76535  -35.633  -21.639  30.246 0.0000000000
76545  -48.335  -20.731  30.628 0.0000000000
76570  -34.691  -22.096  28.710 0.0000000000
76648  -44.880  -20.888  24.226 0.0000000000
76665  -45.281  -20.351  24.023 0.0000000000
77568  -41.640  -20.534  39.907 0.0000000000
77634  -39.042  -20.180  36.126 0.0000000000
77637  -41.371  -20.159  36.590 0.0000000000
77755  -37.347  -20.840  31.093 0.0000000000
77918  -43.995  -20.693  20.913 0.0000000000
78855  -40.936  -19.781  36.443 0.0000000000
80142  -49.035  -16.836  23.733 0.0000000000
80158  -49.131  -17.118  21.925 0.0000000000
80206  -47.913  -17.870  19.947 0.0000000000
81253  -50.679  -16.768  24.978 0.0000000000
81306  -51.312  -16.238  22.919 0.0000000000
81378  -48.359  -16.310  17.866 0.0000000000
81391  -46.307  -16.242  16.741 0.0000000000
82489  -49.255  -15.310  17.433 0.0000000000
83522  -53.621  -14.976  22.449 0.0000000000
83573  -50.783  -15.056  19.090 0.0000000000
84627  -55.948  -13.748  22.495 0.0000000000
84639  -55.002  -13.699  21.408 0.0000000000
84657  -55.749  -12.738  20.972 0.0000000000
85773  -51.457  -11.821  16.497 0.0000000000
86858  -52.019  -10.621  17.283 0.0000000000
86861  -54.131  -10.514  18.404 0.0000000000
86889  -46.248  -11.289  15.369 0.0000000000
86890  -46.633  -11.238  15.410 0.0000000000
87991  -54.261  -10.160  18.623 0.0000000000
87998  -45.730  -11.300  15.391 0.0000000000
88002  -49.624  -10.476  16.363 0.0000000000
88057  -52.369  -10.428  12.574 0.0000000000
88058  -52.892  -10.277  12.899 0.0000000000
89111  -50.578  -9.369  16.721 0.0000000000
89112  -50.971  -9.207  16.855 0.0000000000
89113  -51.539  -9.367  16.837 0.0000000000
89123  -49.621  -9.978  16.152 0.0000000000
89125  -50.548  -9.828  17.157 0.0000000000
89127  -52.061  -9.314  16.643 0.0000000000
89136  -49.303  -10.230  15.134 0.0000000000
89139  -53.350  -9.142  15.082 0.0000000000
89151  -52.502  -9.736  14.631 0.0000000000
89160  -52.762  -9.871  13.988 0.0000000000
89173  -53.138  -9.804  12.407 0.0000000000
90200  -50.922  -9.184  16.714 0.0000000000
90202  -53.136  -9.123  16.698 0.0000000000
90211  -49.548  -10.054  15.801 0.0000000000
90213  -50.272  -9.467  16.217 0.0000000000
90215  -51.377  -9.211  16.483 0.0000000000
90224  -49.448  -10.165  15.598 0.0000000000
90225  -49.622  -10.025  15.408 0.0000000000
90237  -49.719  -9.981  14.831 0.0000000000
90238  -49.897  -9.863  15.216 0.0000000000
90239  -50.281  -9.610  15.384 0.0000000000
91367  -53.515  -8.294  9.615 0.0000000000
91415  -54.238  -7.660  7.667 0.0000000000
91445  -55.379  -6.720  6.478 0.0000000000
92427  -56.264  -6.492  14.205 0.0000000000
92474  -55.640  -6.166  7.418 0.0000000000
92477  -57.687  -6.684  6.632 0.0000000000
93504  -56.915  -6.514  14.541 0.0000000000
93518  -56.820  -6.180  13.082 0.0000000000
93523  -55.575  -5.178  11.912 0.0000000000
94574  -55.947  -4.873  12.003 0.0000000000
94599  -55.292  -4.725  10.660 0.0000000000
94601  -56.297  -4.736  11.139 0.0000000000
94615  -54.992  -4.794  10.068 0.0000000000
94616  -55.546  -4.564  9.867 0.0000000000
94628  -55.707  -4.756  9.215 0.0000000000
95629  -56.032  -4.564  11.865 0.0000000000
95639  -55.987  -4.359  11.782 0.0000000000
95652  -55.892  -4.412  11.493 0.0000000000
