#!ascii label  , from subject ernie vox2ras=TkReg
1735
66993  -46.125  -29.054  36.695 0.0000000000
53593  -32.381  -39.413  43.977 0.0000000000
67088  -56.391  -29.136  29.471 0.0000000000
67141  -42.433  -28.507  24.550 0.0000000000
71616  -48.943  -24.890  31.771 0.0000000000
55918  -42.522  -37.261  39.886 0.0000000000
49956  -41.654  -42.257  35.837 0.0000000000
59418  -38.402  -34.416  29.572 0.0000000000
49808  -30.451  -42.000  46.022 0.0000000000
77894  -53.196  -19.179  23.363 0.0000000000
48693  -35.464  -43.183  34.656 0.0000000000
65839  -45.091  -29.504  30.008 0.0000000000
70452  -45.246  -25.551  28.136 0.0000000000
70347  -44.812  -25.176  34.319 0.0000000000
59330  -47.670  -34.595  36.742 0.0000000000
58216  -42.157  -34.623  34.302 0.0000000000
61935  -44.361  -32.681  31.329 0.0000000000
63187  -39.862  -31.663  27.107 0.0000000000
81349  -52.320  -16.934  19.387 0.0000000000
48533  -33.878  -44.032  46.416 0.0000000000
48608  -32.053  -42.982  38.749 0.0000000000
45845  -36.574  -45.370  41.536 0.0000000000
68161  -52.084  -27.411  30.158 0.0000000000
55874  -36.685  -37.713  41.752 0.0000000000
51265  -35.906  -41.551  38.543 0.0000000000
57112  -37.004  -36.928  35.474 0.0000000000
54862  -38.665  -38.710  32.435 0.0000000000
51139  -26.056  -42.040  45.004 0.0000000000
72798  -52.530  -23.657  35.226 0.0000000000
72861  -52.756  -23.628  30.976 0.0000000000
77789  -51.926  -19.270  27.995 0.0000000000
72936  -52.005  -23.874  26.496 0.0000000000
73030  -53.493  -23.490  21.536 0.0000000000
51260  -27.517  -41.305  37.716 0.0000000000
45904  -40.752  -46.301  37.307 0.0000000000
65790  -45.569  -29.686  33.584 0.0000000000
68136  -44.567  -27.482  33.170 0.0000000000
68112  -45.309  -27.404  36.232 0.0000000000
63059  -47.595  -31.805  36.844 0.0000000000
60651  -47.058  -34.262  33.738 0.0000000000
63121  -46.956  -31.708  32.622 0.0000000000
63168  -45.752  -31.013  29.900 0.0000000000
64474  -57.203  -30.338  28.978 0.0000000000
68197  -57.248  -28.026  27.825 0.0000000000
51144  -33.659  -41.770  45.318 0.0000000000
45798  -35.347  -45.011  43.661 0.0000000000
49856  -35.072  -42.955  43.004 0.0000000000
69346  -43.711  -26.653  23.389 0.0000000000
70413  -46.770  -25.026  30.275 0.0000000000
70469  -47.008  -25.527  27.598 0.0000000000
70456  -49.031  -25.758  29.051 0.0000000000
68182  -51.162  -26.985  27.982 0.0000000000
69251  -50.732  -26.239  31.019 0.0000000000
55895  -39.761  -37.467  40.331 0.0000000000
55934  -36.324  -37.421  38.388 0.0000000000
57079  -39.174  -36.384  38.337 0.0000000000
58259  -40.714  -34.798  31.903 0.0000000000
57156  -39.588  -36.605  33.119 0.0000000000
56024  -38.000  -36.537  31.164 0.0000000000
64493  -41.492  -30.402  26.063 0.0000000000
72824  -53.190  -23.524  33.421 0.0000000000
75439  -49.354  -21.559  26.653 0.0000000000
76666  -48.805  -20.800  23.803 0.0000000000
72992  -51.806  -23.733  23.265 0.0000000000
76686  -49.222  -20.718  21.401 0.0000000000
77960  -50.730  -19.851  17.192 0.0000000000
51141  -27.789  -41.340  45.460 0.0000000000
51213  -27.359  -41.625  41.377 0.0000000000
51202  -29.322  -41.358  42.138 0.0000000000
49913  -33.828  -42.525  36.968 0.0000000000
51284  -31.511  -41.329  36.305 0.0000000000
51341  -33.078  -41.638  33.685 0.0000000000
49917  -40.253  -42.463  37.651 0.0000000000
47232  -41.062  -45.169  39.815 0.0000000000
45897  -43.136  -46.199  37.283 0.0000000000
65883  -44.316  -29.283  26.605 0.0000000000
68213  -44.170  -27.419  25.380 0.0000000000
68171  -43.562  -27.722  29.356 0.0000000000
70374  -44.344  -25.285  31.963 0.0000000000
71599  -46.734  -23.843  32.796 0.0000000000
57085  -45.678  -36.636  38.296 0.0000000000
58161  -43.560  -35.361  37.436 0.0000000000
58199  -44.892  -35.200  35.310 0.0000000000
59383  -43.436  -34.605  32.964 0.0000000000
60689  -41.182  -33.271  30.648 0.0000000000
61967  -39.023  -32.919  28.191 0.0000000000
61960  -41.854  -32.080  29.516 0.0000000000
63191  -43.914  -30.728  27.731 0.0000000000
79051  -52.599  -18.209  21.556 0.0000000000
82448  -55.534  -15.958  20.701 0.0000000000
48548  -32.242  -43.290  45.862 0.0000000000
49855  -31.419  -42.722  42.222 0.0000000000
48573  -32.663  -43.959  42.471 0.0000000000
48594  -34.225  -43.995  40.423 0.0000000000
48657  -35.605  -43.429  37.882 0.0000000000
70518  -45.140  -25.791  24.818 0.0000000000
68195  -53.532  -28.120  27.616 0.0000000000
67086  -54.277  -28.334  29.871 0.0000000000
55851  -33.243  -37.460  42.167 0.0000000000
52520  -33.634  -40.431  40.606 0.0000000000
55909  -33.586  -37.920  38.523 0.0000000000
53699  -35.641  -39.745  35.774 0.0000000000
53692  -39.985  -39.888  36.004 0.0000000000
58195  -40.010  -35.370  35.595 0.0000000000
55981  -39.757  -38.285  34.562 0.0000000000
51345  -40.075  -40.998  34.044 0.0000000000
70296  -46.029  -25.608  39.586 0.0000000000
55805  -34.367  -36.570  44.543 0.0000000000
54717  -39.153  -37.678  42.272 0.0000000000
54739  -42.516  -37.550  41.593 0.0000000000
71511  -44.839  -24.045  38.595 0.0000000000
74030  -46.040  -22.731  36.559 0.0000000000
71554  -48.624  -23.541  35.096 0.0000000000
72748  -50.361  -22.764  36.968 0.0000000000
71571  -50.837  -24.774  34.586 0.0000000000
70380  -52.510  -25.830  32.788 0.0000000000
70400  -53.688  -25.449  31.645 0.0000000000
70437  -54.188  -25.898  29.512 0.0000000000
75384  -49.773  -21.679  29.573 0.0000000000
72897  -52.821  -23.712  28.636 0.0000000000
71679  -55.152  -25.004  27.682 0.0000000000
71712  -56.038  -24.973  25.943 0.0000000000
76718  -49.673  -20.904  19.070 0.0000000000
48591  -26.170  -43.455  40.654 0.0000000000
51338  -26.052  -41.131  34.205 0.0000000000
51238  -30.216  -41.642  38.822 0.0000000000
52568  -28.728  -40.444  34.953 0.0000000000
49868  -37.328  -43.341  40.931 0.0000000000
47267  -38.969  -45.369  39.166 0.0000000000
47301  -37.745  -44.257  35.665 0.0000000000
45927  -38.958  -45.612  34.380 0.0000000000
65773  -45.903  -29.665  34.552 0.0000000000
67004  -45.351  -28.190  35.166 0.0000000000
68113  -45.742  -28.116  36.449 0.0000000000
65738  -47.175  -30.238  36.550 0.0000000000
64381  -47.114  -31.338  34.806 0.0000000000
64380  -46.668  -30.530  34.655 0.0000000000
64399  -46.377  -30.589  33.506 0.0000000000
65854  -56.110  -29.663  29.217 0.0000000000
65855  -56.870  -29.939  29.416 0.0000000000
65864  -57.705  -29.686  28.965 0.0000000000
67099  -57.449  -28.993  29.238 0.0000000000
52457  -32.787  -40.510  45.148 0.0000000000
51184  -33.842  -42.041  44.076 0.0000000000
52497  -33.862  -41.796  43.012 0.0000000000
67159  -41.366  -28.277  23.820 0.0000000000
68244  -43.341  -27.357  23.820 0.0000000000
70394  -47.349  -24.689  31.127 0.0000000000
70433  -47.553  -25.185  29.474 0.0000000000
70415  -48.991  -25.229  30.552 0.0000000000
70435  -49.473  -25.635  29.970 0.0000000000
70396  -49.367  -25.226  31.315 0.0000000000
55896  -40.678  -37.467  40.484 0.0000000000
55915  -39.563  -37.093  39.682 0.0000000000
57062  -41.336  -36.648  39.410 0.0000000000
58265  -39.317  -34.991  30.935 0.0000000000
57170  -39.404  -35.788  31.772 0.0000000000
58263  -37.986  -35.482  30.307 0.0000000000
56033  -37.046  -36.521  30.137 0.0000000000
65895  -42.032  -29.371  25.267 0.0000000000
64527  -40.393  -29.644  24.562 0.0000000000
67139  -41.049  -28.612  24.049 0.0000000000
77848  -50.772  -19.820  25.045 0.0000000000
77891  -50.503  -19.872  23.791 0.0000000000
76677  -49.054  -20.657  22.573 0.0000000000
77920  -50.561  -19.885  22.228 0.0000000000
51142  -28.972  -41.373  45.838 0.0000000000
51183  -28.976  -41.105  43.243 0.0000000000
49853  -29.777  -41.709  43.148 0.0000000000
49954  -34.373  -42.405  35.694 0.0000000000
49953  -33.727  -41.847  35.379 0.0000000000
49963  -34.390  -42.467  34.465 0.0000000000
48703  -33.929  -42.874  33.011 0.0000000000
48704  -34.502  -43.193  33.282 0.0000000000
49939  -41.788  -42.702  37.020 0.0000000000
48661  -41.947  -43.710  38.048 0.0000000000
48687  -42.329  -44.083  36.430 0.0000000000
65859  -44.933  -29.602  28.235 0.0000000000
67102  -44.099  -28.400  28.138 0.0000000000
67083  -44.418  -29.072  29.435 0.0000000000
69212  -44.665  -26.455  33.880 0.0000000000
69225  -44.373  -26.433  32.546 0.0000000000
70358  -44.714  -25.630  32.914 0.0000000000
70375  -45.127  -24.744  32.477 0.0000000000
71582  -45.383  -24.257  33.949 0.0000000000
58163  -47.353  -35.380  37.445 0.0000000000
57116  -45.861  -36.074  36.666 0.0000000000
58202  -47.093  -35.151  35.700 0.0000000000
60683  -45.504  -33.233  32.110 0.0000000000
59397  -44.825  -34.407  32.858 0.0000000000
60665  -44.048  -33.834  32.195 0.0000000000
59407  -42.674  -34.026  32.108 0.0000000000
61933  -42.602  -32.725  30.988 0.0000000000
61950  -41.288  -32.631  29.973 0.0000000000
61952  -43.174  -32.214  30.504 0.0000000000
65853  -45.759  -30.307  29.704 0.0000000000
63179  -45.230  -31.065  28.579 0.0000000000
64472  -45.446  -30.431  28.507 0.0000000000
64482  -44.317  -30.074  27.225 0.0000000000
48532  -33.037  -44.010  46.425 0.0000000000
48558  -32.762  -44.183  44.478 0.0000000000
47166  -33.232  -44.509  44.926 0.0000000000
45829  -36.045  -45.319  42.138 0.0000000000
47191  -34.749  -44.851  42.376 0.0000000000
47226  -35.484  -44.550  40.553 0.0000000000
48632  -34.749  -43.500  38.682 0.0000000000
47246  -36.155  -44.573  39.686 0.0000000000
70466  -44.326  -26.013  26.986 0.0000000000
69315  -44.717  -26.127  25.117 0.0000000000
70485  -45.441  -25.460  26.473 0.0000000000
69316  -48.690  -25.982  26.404 0.0000000000
70504  -48.168  -25.670  25.406 0.0000000000
70505  -48.900  -25.741  24.736 0.0000000000
69285  -51.402  -27.198  28.776 0.0000000000
68183  -51.904  -27.485  28.341 0.0000000000
68184  -52.452  -28.128  28.941 0.0000000000
67105  -53.744  -28.451  28.332 0.0000000000
67094  -53.035  -28.316  29.556 0.0000000000
55872  -34.424  -37.337  41.217 0.0000000000
55871  -33.453  -37.585  40.882 0.0000000000
55890  -34.327  -37.504  40.027 0.0000000000
55967  -36.995  -36.891  36.731 0.0000000000
55951  -35.365  -37.517  36.961 0.0000000000
55976  -36.038  -38.110  35.286 0.0000000000
52571  -37.636  -40.217  35.721 0.0000000000
54829  -37.700  -38.494  35.119 0.0000000000
59328  -42.433  -34.540  36.191 0.0000000000
58178  -41.142  -34.813  36.684 0.0000000000
58196  -40.964  -34.842  35.077 0.0000000000
56007  -39.414  -37.521  33.399 0.0000000000
57140  -39.799  -36.610  33.874 0.0000000000
54852  -39.713  -38.678  33.652 0.0000000000
53715  -40.519  -39.765  34.548 0.0000000000
61979  -39.549  -32.099  27.613 0.0000000000
54719  -40.623  -37.577  42.280 0.0000000000
58121  -45.936  -35.251  39.378 0.0000000000
70295  -45.574  -25.162  39.031 0.0000000000
73988  -45.841  -21.922  38.458 0.0000000000
74009  -46.881  -22.182  37.567 0.0000000000
72771  -47.538  -22.720  36.068 0.0000000000
74033  -48.713  -22.496  37.092 0.0000000000
72775  -51.201  -23.201  36.424 0.0000000000
71544  -50.562  -23.793  36.115 0.0000000000
71557  -51.587  -24.531  35.536 0.0000000000
70361  -51.446  -25.341  33.105 0.0000000000
70349  -52.351  -25.195  34.219 0.0000000000
72849  -53.430  -23.847  31.846 0.0000000000
71604  -53.860  -24.737  32.652 0.0000000000
71617  -53.872  -24.549  31.797 0.0000000000
70418  -53.849  -25.697  30.411 0.0000000000
71629  -53.923  -24.810  30.454 0.0000000000
76577  -50.427  -20.704  29.076 0.0000000000
72955  -50.088  -23.255  26.079 0.0000000000
72915  -50.820  -23.261  27.970 0.0000000000
72935  -50.878  -23.596  26.785 0.0000000000
71661  -54.347  -24.546  28.168 0.0000000000
71677  -53.559  -24.356  26.829 0.0000000000
71695  -55.725  -25.100  26.938 0.0000000000
72938  -53.453  -24.299  25.951 0.0000000000
73013  -52.627  -23.937  22.458 0.0000000000
71753  -54.058  -24.567  23.655 0.0000000000
71771  -55.107  -24.265  23.202 0.0000000000
80187  -52.681  -17.251  20.228 0.0000000000
79060  -50.527  -19.052  20.468 0.0000000000
79087  -50.902  -18.034  18.995 0.0000000000
51235  -27.483  -41.485  39.559 0.0000000000
49890  -26.192  -42.514  38.964 0.0000000000
51259  -26.624  -41.710  37.950 0.0000000000
51305  -25.919  -41.880  35.343 0.0000000000
51306  -26.579  -41.542  35.984 0.0000000000
49873  -31.607  -42.654  40.109 0.0000000000
49872  -30.823  -42.248  40.438 0.0000000000
49891  -30.957  -42.034  38.578 0.0000000000
51309  -29.756  -40.627  35.260 0.0000000000
49992  -29.114  -42.426  30.963 0.0000000000
52530  -35.068  -41.504  39.646 0.0000000000
51230  -35.763  -42.263  40.455 0.0000000000
49883  -37.256  -42.971  39.575 0.0000000000
45885  -41.106  -45.769  38.970 0.0000000000
45867  -39.882  -45.556  40.115 0.0000000000
47285  -39.495  -45.401  38.560 0.0000000000
47293  -38.577  -44.738  37.192 0.0000000000
45902  -39.293  -45.213  36.442 0.0000000000
45926  -38.073  -45.211  34.167 0.0000000000
65808  -45.093  -29.646  31.980 0.0000000000
67064  -44.287  -28.570  31.409 0.0000000000
67035  -44.867  -28.575  33.637 0.0000000000
68129  -44.869  -27.624  34.330 0.0000000000
69205  -44.862  -26.556  35.814 0.0000000000
61858  -47.900  -32.753  36.637 0.0000000000
60630  -47.766  -34.478  35.002 0.0000000000
61899  -47.484  -33.154  34.131 0.0000000000
61915  -47.063  -32.833  33.161 0.0000000000
61937  -46.368  -32.505  31.795 0.0000000000
61954  -45.097  -32.155  30.709 0.0000000000
64440  -46.595  -31.374  31.509 0.0000000000
64439  -46.210  -30.822  31.147 0.0000000000
68206  -57.516  -27.709  26.693 0.0000000000
49788  -34.161  -43.331  46.110 0.0000000000
47160  -34.325  -44.467  45.191 0.0000000000
49811  -35.182  -43.798  44.801 0.0000000000
48567  -35.412  -43.730  43.906 0.0000000000
47192  -37.216  -44.818  43.143 0.0000000000
70431  -45.463  -25.602  29.100 0.0000000000
70468  -45.899  -25.394  27.401 0.0000000000
70454  -47.301  -25.459  28.586 0.0000000000
70470  -48.195  -25.900  27.924 0.0000000000
69304  -49.419  -26.299  26.891 0.0000000000
69305  -50.230  -26.461  26.430 0.0000000000
69283  -49.903  -26.122  29.348 0.0000000000
69268  -50.767  -26.439  29.928 0.0000000000
69252  -51.466  -26.840  30.615 0.0000000000
54756  -37.934  -37.732  40.611 0.0000000000
55912  -36.458  -37.637  39.511 0.0000000000
55913  -37.602  -37.555  39.831 0.0000000000
55954  -37.953  -36.846  38.117 0.0000000000
57097  -38.319  -36.285  37.357 0.0000000000
58236  -40.987  -35.136  33.012 0.0000000000
58215  -40.977  -34.967  33.857 0.0000000000
57166  -40.302  -35.420  32.683 0.0000000000
56018  -39.098  -36.568  31.928 0.0000000000
56011  -38.655  -37.989  32.283 0.0000000000
53745  -37.658  -39.062  31.858 0.0000000000
54883  -36.925  -38.049  31.087 0.0000000000
63206  -41.179  -30.907  26.621 0.0000000000
63222  -40.127  -30.655  25.709 0.0000000000
74056  -51.958  -22.313  34.960 0.0000000000
72814  -52.770  -23.533  34.460 0.0000000000
74093  -52.523  -22.653  33.783 0.0000000000
72835  -52.322  -22.764  32.793 0.0000000000
72859  -51.315  -22.885  31.498 0.0000000000
77807  -52.154  -19.451  27.037 0.0000000000
76594  -50.597  -20.449  27.857 0.0000000000
76611  -50.573  -20.273  26.607 0.0000000000
76629  -48.923  -20.970  25.434 0.0000000000
74247  -49.348  -22.549  24.731 0.0000000000
72976  -51.946  -23.989  24.354 0.0000000000
74258  -49.381  -22.687  23.593 0.0000000000
72990  -49.927  -23.140  22.694 0.0000000000
73027  -50.599  -23.330  21.122 0.0000000000
81380  -52.202  -16.196  17.569 0.0000000000
80223  -50.287  -17.791  17.565 0.0000000000
80230  -50.460  -17.848  16.722 0.0000000000
51140  -26.804  -41.621  45.216 0.0000000000
51181  -26.735  -41.608  43.283 0.0000000000
51182  -27.816  -41.366  43.329 0.0000000000
51214  -28.306  -41.367  41.253 0.0000000000
51236  -28.388  -41.230  39.357 0.0000000000
48630  -32.687  -42.622  38.196 0.0000000000
49910  -31.548  -41.810  37.347 0.0000000000
49934  -32.144  -41.723  36.704 0.0000000000
51329  -32.475  -41.220  34.435 0.0000000000
52620  -31.937  -40.988  32.519 0.0000000000
49981  -31.132  -42.615  31.603 0.0000000000
49982  -32.068  -42.747  32.048 0.0000000000
51268  -38.501  -42.005  37.416 0.0000000000
48636  -38.893  -43.545  39.196 0.0000000000
48638  -41.171  -43.740  38.974 0.0000000000
47252  -42.024  -45.038  38.973 0.0000000000
44685  -41.470  -46.595  37.554 0.0000000000
65897  -43.633  -29.106  25.803 0.0000000000
67143  -43.743  -28.344  25.090 0.0000000000
68191  -44.268  -28.312  26.961 0.0000000000
69290  -43.477  -27.072  27.951 0.0000000000
69266  -43.974  -26.422  29.344 0.0000000000
68150  -43.754  -27.920  30.961 0.0000000000
69249  -43.828  -26.652  30.436 0.0000000000
70411  -44.624  -25.868  29.774 0.0000000000
70393  -45.778  -24.784  31.320 0.0000000000
71614  -46.980  -24.252  31.943 0.0000000000
71600  -47.896  -24.178  32.701 0.0000000000
55939  -44.883  -37.178  38.859 0.0000000000
57083  -43.646  -36.340  38.491 0.0000000000
57099  -44.227  -35.807  37.585 0.0000000000
58180  -44.115  -34.951  36.256 0.0000000000
59364  -43.942  -34.669  34.744 0.0000000000
58242  -46.277  -35.262  34.446 0.0000000000
58239  -44.101  -34.823  33.752 0.0000000000
58238  -43.021  -34.686  33.419 0.0000000000
59394  -42.223  -34.432  32.298 0.0000000000
59405  -40.630  -34.384  31.431 0.0000000000
59419  -39.012  -33.952  29.874 0.0000000000
59425  -38.349  -34.102  28.868 0.0000000000
60694  -40.112  -33.257  29.479 0.0000000000
61959  -40.747  -32.510  29.201 0.0000000000
63175  -41.190  -31.391  28.002 0.0000000000
63150  -43.930  -31.670  29.877 0.0000000000
63177  -43.313  -31.102  28.307 0.0000000000
63189  -41.850  -31.053  27.294 0.0000000000
64480  -42.550  -30.685  26.946 0.0000000000
64495  -43.590  -29.851  26.636 0.0000000000
79039  -52.563  -18.812  22.314 0.0000000000
80159  -54.247  -17.633  22.110 0.0000000000
81321  -54.698  -16.695  21.175 0.0000000000
81351  -53.929  -16.233  19.926 0.0000000000
82474  -53.615  -15.839  18.862 0.0000000000
82491  -53.732  -15.410  17.871 0.0000000000
49809  -31.369  -42.635  45.346 0.0000000000
49844  -30.528  -42.101  43.707 0.0000000000
49845  -31.358  -42.659  43.375 0.0000000000
48572  -32.070  -43.377  41.854 0.0000000000
48581  -32.684  -43.749  41.520 0.0000000000
47190  -34.088  -44.713  42.757 0.0000000000
47206  -33.384  -44.263  41.891 0.0000000000
48609  -32.888  -43.256  39.194 0.0000000000
48631  -33.697  -43.010  38.484 0.0000000000
48656  -34.523  -42.850  37.397 0.0000000000
48673  -35.543  -43.181  36.669 0.0000000000
68245  -44.030  -27.020  23.999 0.0000000000
70535  -44.754  -25.987  24.165 0.0000000000
70486  -46.506  -25.476  26.559 0.0000000000
67096  -54.535  -28.704  29.048 0.0000000000
67087  -55.355  -28.783  29.400 0.0000000000
54697  -32.753  -37.878  43.341 0.0000000000
52495  -32.645  -40.225  42.301 0.0000000000
54713  -32.480  -38.404  41.814 0.0000000000
53658  -32.989  -39.295  39.520 0.0000000000
53670  -34.055  -39.766  38.239 0.0000000000
55932  -34.336  -37.804  37.770 0.0000000000
54800  -33.744  -38.919  37.153 0.0000000000
52549  -35.461  -40.645  36.909 0.0000000000
52551  -37.612  -40.954  36.281 0.0000000000
51290  -40.473  -41.219  36.525 0.0000000000
52555  -41.075  -40.940  35.750 0.0000000000
58139  -41.687  -35.534  38.127 0.0000000000
58158  -40.121  -35.266  37.372 0.0000000000
58194  -39.044  -35.708  35.844 0.0000000000
57141  -40.254  -35.623  34.324 0.0000000000
57129  -39.611  -36.319  34.866 0.0000000000
55979  -38.661  -37.614  35.072 0.0000000000
54831  -39.571  -38.574  35.148 0.0000000000
52575  -40.921  -40.650  35.289 0.0000000000
60701  -37.599  -33.826  27.988 0.0000000000
66982  -46.634  -29.216  37.901 0.0000000000
69195  -45.836  -27.633  38.047 0.0000000000
51104  -27.151  -41.067  47.486 0.0000000000
51126  -30.152  -41.731  47.144 0.0000000000
49787  -31.468  -42.604  46.629 0.0000000000
48531  -32.342  -43.194  46.932 0.0000000000
51127  -33.474  -41.742  46.144 0.0000000000
53585  -32.567  -39.767  45.658 0.0000000000
53594  -32.467  -39.381  44.836 0.0000000000
54681  -32.685  -38.402  44.623 0.0000000000
55827  -33.534  -37.088  43.672 0.0000000000
55852  -34.619  -37.096  42.387 0.0000000000
55854  -36.932  -37.501  42.478 0.0000000000
55855  -37.799  -37.602  42.535 0.0000000000
54715  -37.539  -37.905  41.978 0.0000000000
54735  -39.067  -37.758  41.631 0.0000000000
54759  -40.767  -37.612  41.156 0.0000000000
55898  -42.656  -37.525  40.486 0.0000000000
55920  -44.665  -37.254  39.613 0.0000000000
55921  -45.526  -36.898  39.550 0.0000000000
58122  -46.683  -35.401  38.814 0.0000000000
65699  -47.444  -29.801  38.438 0.0000000000
69194  -45.545  -26.759  37.933 0.0000000000
70322  -45.002  -25.922  37.555 0.0000000000
71542  -44.710  -24.402  36.807 0.0000000000
73970  -44.728  -22.166  39.205 0.0000000000
74007  -44.804  -22.920  37.378 0.0000000000
72792  -45.076  -23.766  35.609 0.0000000000
72811  -46.624  -23.492  34.970 0.0000000000
71584  -47.563  -23.795  33.598 0.0000000000
71585  -48.754  -24.224  33.604 0.0000000000
72773  -49.453  -23.030  36.614 0.0000000000
71570  -49.543  -24.265  34.586 0.0000000000
71602  -49.965  -25.018  32.620 0.0000000000
70377  -50.418  -25.414  32.176 0.0000000000
70399  -51.322  -26.126  32.127 0.0000000000
68152  -52.178  -27.235  31.149 0.0000000000
70364  -53.524  -24.891  33.398 0.0000000000
69228  -52.712  -26.243  32.326 0.0000000000
68153  -52.887  -27.199  31.346 0.0000000000
68163  -53.431  -27.440  30.780 0.0000000000
69271  -54.182  -26.982  29.898 0.0000000000
69272  -54.999  -27.436  29.501 0.0000000000
74121  -50.570  -22.318  30.864 0.0000000000
72874  -51.003  -23.144  30.482 0.0000000000
74185  -49.396  -22.163  28.281 0.0000000000
72895  -50.579  -23.101  29.214 0.0000000000
72876  -52.712  -23.760  29.821 0.0000000000
71643  -54.209  -24.572  29.239 0.0000000000
71662  -54.758  -25.158  28.794 0.0000000000
69296  -55.768  -26.762  28.296 0.0000000000
70474  -56.195  -26.268  27.444 0.0000000000
70489  -56.440  -26.137  26.823 0.0000000000
70508  -57.133  -25.879  25.941 0.0000000000
71709  -53.524  -24.482  24.987 0.0000000000
71734  -55.820  -24.875  24.770 0.0000000000
70524  -57.447  -25.812  25.260 0.0000000000
77932  -50.992  -19.069  21.137 0.0000000000
76696  -49.528  -20.522  20.583 0.0000000000
74301  -51.325  -22.753  19.876 0.0000000000
76732  -50.570  -20.476  17.706 0.0000000000
74312  -52.131  -22.435  19.253 0.0000000000
74303  -53.244  -22.981  20.630 0.0000000000
49871  -26.224  -42.679  40.647 0.0000000000
51203  -29.960  -41.785  41.569 0.0000000000
51227  -29.226  -41.537  40.049 0.0000000000
51261  -28.489  -41.173  37.496 0.0000000000
51263  -30.521  -41.347  37.218 0.0000000000
51282  -29.620  -40.892  36.468 0.0000000000
51307  -27.659  -40.872  35.876 0.0000000000
52588  -27.135  -40.703  34.604 0.0000000000
52512  -34.123  -41.337  42.114 0.0000000000
48583  -36.681  -43.692  42.032 0.0000000000
47194  -38.356  -45.115  42.260 0.0000000000
48598  -39.570  -44.592  40.468 0.0000000000
45833  -39.024  -45.400  41.365 0.0000000000
47247  -37.341  -45.225  40.090 0.0000000000
47282  -36.975  -44.343  38.232 0.0000000000
48675  -37.132  -43.892  37.433 0.0000000000
48683  -36.256  -43.524  35.930 0.0000000000
43543  -42.465  -47.432  36.612 0.0000000000
44693  -41.332  -46.786  36.693 0.0000000000
45912  -40.077  -45.716  35.659 0.0000000000
47312  -38.414  -44.778  34.995 0.0000000000
47310  -36.803  -44.190  34.246 0.0000000000
48706  -36.165  -44.057  33.838 0.0000000000
65756  -46.665  -29.801  35.737 0.0000000000
67005  -45.710  -28.600  35.433 0.0000000000
65737  -46.782  -29.646  37.030 0.0000000000
64363  -46.984  -30.656  35.403 0.0000000000
67089  -57.038  -29.375  29.493 0.0000000000
67098  -56.875  -28.859  29.429 0.0000000000
52467  -32.832  -40.484  44.354 0.0000000000
52479  -33.550  -41.212  43.847 0.0000000000
52478  -32.662  -40.414  43.334 0.0000000000
67160  -41.867  -28.248  24.122 0.0000000000
68243  -42.187  -27.709  23.660 0.0000000000
68227  -42.995  -28.005  24.234 0.0000000000
70395  -48.477  -24.863  31.148 0.0000000000
55917  -41.523  -37.193  39.944 0.0000000000
57063  -42.403  -36.751  39.373 0.0000000000
59411  -38.762  -34.495  30.182 0.0000000000
58264  -38.763  -35.095  30.597 0.0000000000
65914  -42.257  -29.049  24.995 0.0000000000
65913  -41.758  -29.046  24.763 0.0000000000
67140  -41.540  -28.618  24.318 0.0000000000
77893  -52.313  -19.347  23.617 0.0000000000
77873  -52.059  -19.471  24.488 0.0000000000
77907  -50.784  -20.051  23.076 0.0000000000
77908  -51.510  -19.540  22.813 0.0000000000
49827  -29.741  -41.529  45.174 0.0000000000
49843  -29.787  -41.468  44.082 0.0000000000
48681  -34.963  -42.795  35.126 0.0000000000
49972  -34.018  -42.587  33.575 0.0000000000
48692  -34.997  -42.989  34.218 0.0000000000
49957  -41.868  -42.922  36.411 0.0000000000
48686  -41.783  -43.362  35.977 0.0000000000
65851  -45.163  -29.520  29.006 0.0000000000
70346  -44.661  -25.841  33.744 0.0000000000
70359  -44.922  -24.902  33.404 0.0000000000
71566  -45.145  -24.338  34.887 0.0000000000
58184  -47.065  -35.510  36.661 0.0000000000
59348  -47.416  -34.751  36.012 0.0000000000
60682  -44.617  -33.324  31.838 0.0000000000
60681  -43.571  -33.472  31.770 0.0000000000
61934  -43.376  -32.700  31.210 0.0000000000
61953  -44.157  -32.137  30.633 0.0000000000
65840  -45.677  -30.025  30.182 0.0000000000
65861  -45.798  -30.180  29.137 0.0000000000
65852  -45.680  -29.907  29.396 0.0000000000
65860  -45.618  -29.971  28.697 0.0000000000
47150  -33.275  -44.291  46.111 0.0000000000
47158  -33.243  -44.376  45.757 0.0000000000
47159  -33.743  -44.509  45.390 0.0000000000
47209  -36.013  -44.968  41.351 0.0000000000
47245  -35.553  -44.350  39.851 0.0000000000
47227  -36.582  -45.114  40.758 0.0000000000
70451  -44.488  -25.943  27.842 0.0000000000
70484  -44.706  -25.715  26.437 0.0000000000
70467  -44.945  -25.497  27.216 0.0000000000
68172  -51.920  -27.633  29.267 0.0000000000
68173  -52.537  -27.968  29.804 0.0000000000
55873  -35.647  -37.417  41.477 0.0000000000
55891  -35.479  -37.536  40.348 0.0000000000
55966  -36.350  -37.048  36.138 0.0000000000
55977  -36.663  -37.603  35.184 0.0000000000
54841  -37.079  -38.079  34.842 0.0000000000
55978  -37.667  -37.702  34.978 0.0000000000
59362  -42.307  -34.505  35.008 0.0000000000
59344  -41.835  -34.512  35.576 0.0000000000
58197  -41.794  -34.601  34.967 0.0000000000
54863  -39.076  -38.247  32.894 0.0000000000
53727  -39.898  -39.583  33.383 0.0000000000
53739  -39.236  -39.335  32.839 0.0000000000
63186  -39.255  -32.091  27.057 0.0000000000
74010  -47.998  -22.120  37.733 0.0000000000
74035  -51.676  -22.665  35.708 0.0000000000
72776  -52.140  -23.548  35.890 0.0000000000
71546  -51.850  -24.033  36.176 0.0000000000
71558  -52.420  -24.261  35.475 0.0000000000
70338  -52.352  -24.751  34.906 0.0000000000
70339  -52.612  -24.480  34.843 0.0000000000
72862  -53.312  -24.188  30.773 0.0000000000
77790  -52.300  -18.796  28.368 0.0000000000
77774  -51.993  -19.358  29.113 0.0000000000
76578  -51.456  -20.016  28.606 0.0000000000
72917  -52.949  -24.027  27.430 0.0000000000
72937  -52.996  -24.129  26.273 0.0000000000
71692  -53.489  -24.324  26.296 0.0000000000
73029  -52.373  -23.672  21.596 0.0000000000
73014  -53.785  -24.133  22.727 0.0000000000
73015  -54.932  -23.898  22.636 0.0000000000
73031  -54.655  -23.426  21.876 0.0000000000
81331  -52.900  -16.757  19.892 0.0000000000
79076  -51.266  -18.042  19.686 0.0000000000
80207  -51.632  -17.452  19.248 0.0000000000
51159  -25.823  -42.153  44.194 0.0000000000
51247  -27.497  -41.376  38.637 0.0000000000
51246  -26.721  -41.857  38.829 0.0000000000
51279  -26.682  -41.686  37.038 0.0000000000
51280  -27.523  -41.108  36.804 0.0000000000
49881  -31.494  -42.712  39.103 0.0000000000
51364  -29.139  -41.365  31.083 0.0000000000
51251  -35.945  -41.798  39.064 0.0000000000
51240  -35.697  -41.890  39.655 0.0000000000
51242  -36.971  -42.362  39.034 0.0000000000
45895  -40.903  -46.165  38.279 0.0000000000
45884  -40.193  -45.581  39.110 0.0000000000
45894  -40.168  -45.715  37.962 0.0000000000
47294  -39.395  -45.264  37.555 0.0000000000
45903  -40.071  -45.743  36.867 0.0000000000
65789  -45.249  -29.619  32.740 0.0000000000
68120  -45.131  -27.660  35.282 0.0000000000
67018  -45.161  -28.283  34.772 0.0000000000
69213  -44.754  -26.483  34.578 0.0000000000
61870  -47.865  -33.162  35.835 0.0000000000
63075  -47.665  -32.293  36.061 0.0000000000
63108  -47.232  -31.977  33.835 0.0000000000
61938  -46.904  -32.366  32.330 0.0000000000
63136  -46.915  -31.827  31.763 0.0000000000
64398  -45.772  -30.307  32.824 0.0000000000
64418  -46.498  -30.819  32.332 0.0000000000
64417  -45.638  -30.261  31.890 0.0000000000
65863  -56.709  -30.240  28.759 0.0000000000
67108  -57.633  -29.020  28.448 0.0000000000
51145  -33.933  -42.601  45.714 0.0000000000
49810  -34.672  -43.408  45.300 0.0000000000
51185  -34.413  -42.581  43.594 0.0000000000
49846  -35.238  -43.384  43.562 0.0000000000
47177  -36.701  -44.883  43.442 0.0000000000
49847  -35.642  -43.403  43.052 0.0000000000
69345  -42.930  -26.833  23.113 0.0000000000
70432  -46.480  -25.315  29.325 0.0000000000
70455  -48.206  -25.631  28.859 0.0000000000
70471  -48.681  -25.845  28.455 0.0000000000
69292  -48.722  -26.037  27.756 0.0000000000
69293  -49.306  -26.130  28.080 0.0000000000
69267  -50.228  -25.972  30.327 0.0000000000
54757  -38.902  -37.689  40.792 0.0000000000
54776  -38.142  -37.501  40.152 0.0000000000
54777  -38.519  -37.529  40.317 0.0000000000
57060  -39.633  -36.640  39.039 0.0000000000
55937  -39.025  -36.824  39.189 0.0000000000
57078  -38.511  -36.576  38.092 0.0000000000
57098  -38.768  -36.257  37.839 0.0000000000
58250  -40.836  -35.007  32.426 0.0000000000
58249  -40.093  -35.317  32.137 0.0000000000
57169  -38.675  -36.243  31.492 0.0000000000
56017  -38.328  -37.288  31.678 0.0000000000
56016  -37.588  -37.958  31.381 0.0000000000
56023  -37.284  -37.185  30.832 0.0000000000
64492  -40.741  -30.646  26.030 0.0000000000
75291  -51.787  -21.610  34.669 0.0000000000
74080  -52.382  -22.650  34.398 0.0000000000
75329  -51.199  -21.610  32.643 0.0000000000
74104  -52.088  -22.494  33.004 0.0000000000
74114  -51.674  -22.524  32.559 0.0000000000
72847  -51.940  -22.894  32.283 0.0000000000
74113  -51.168  -22.442  32.108 0.0000000000
77851  -53.743  -18.975  25.722 0.0000000000
77833  -53.993  -18.543  26.177 0.0000000000
77831  -52.924  -19.181  26.411 0.0000000000
76612  -51.441  -19.744  26.633 0.0000000000
77830  -51.936  -19.339  26.122 0.0000000000
76652  -49.591  -20.328  24.653 0.0000000000
76631  -50.242  -20.155  25.474 0.0000000000
76651  -48.863  -20.849  24.978 0.0000000000
74235  -48.912  -21.957  25.459 0.0000000000
75466  -48.694  -21.424  24.544 0.0000000000
74248  -50.104  -23.143  24.400 0.0000000000
75473  -48.649  -21.515  23.828 0.0000000000
75495  -48.921  -21.509  21.788 0.0000000000
74274  -49.092  -22.399  22.408 0.0000000000
73010  -49.827  -23.050  21.698 0.0000000000
74288  -49.343  -22.357  21.274 0.0000000000
81393  -52.124  -16.152  17.016 0.0000000000
80231  -50.837  -17.172  17.278 0.0000000000
51161  -27.345  -41.429  44.329 0.0000000000
51201  -28.136  -41.234  42.268 0.0000000000
51226  -28.342  -41.388  40.299 0.0000000000
51215  -29.173  -41.643  41.012 0.0000000000
48654  -32.973  -42.403  37.542 0.0000000000
49911  -32.514  -42.151  37.322 0.0000000000
49912  -33.251  -42.325  37.028 0.0000000000
51330  -33.233  -41.502  34.734 0.0000000000
51312  -32.756  -41.413  35.440 0.0000000000
51340  -32.435  -40.878  33.137 0.0000000000
51352  -31.915  -41.670  32.215 0.0000000000
49970  -32.712  -41.993  32.678 0.0000000000
48718  -33.461  -43.528  32.446 0.0000000000
49916  -39.344  -42.534  37.851 0.0000000000
49897  -40.154  -43.084  38.374 0.0000000000
49898  -40.890  -42.904  38.168 0.0000000000
47286  -42.722  -44.599  37.930 0.0000000000
47270  -42.048  -44.608  38.703 0.0000000000
44681  -42.821  -45.948  37.972 0.0000000000
44680  -42.416  -46.095  38.139 0.0000000000
44686  -42.230  -46.697  37.544 0.0000000000
65898  -44.006  -29.055  26.136 0.0000000000
67128  -44.048  -28.468  25.762 0.0000000000
67114  -44.437  -28.696  26.767 0.0000000000
67092  -43.941  -28.459  28.940 0.0000000000
68190  -43.816  -27.850  27.381 0.0000000000
68181  -43.607  -27.798  28.424 0.0000000000
69281  -43.635  -27.044  28.876 0.0000000000
67050  -44.499  -28.215  32.697 0.0000000000
68143  -44.180  -27.414  32.152 0.0000000000
69236  -44.059  -26.401  31.556 0.0000000000
70392  -44.584  -25.605  30.828 0.0000000000
70412  -45.620  -25.411  30.116 0.0000000000
71598  -45.663  -24.144  33.057 0.0000000000
71613  -45.989  -24.207  32.254 0.0000000000
57084  -44.907  -36.553  38.253 0.0000000000
58182  -45.940  -35.623  36.108 0.0000000000
58181  -45.126  -35.548  36.247 0.0000000000
58198  -44.310  -34.848  35.531 0.0000000000
59365  -44.554  -34.923  34.781 0.0000000000
60652  -47.404  -34.276  34.278 0.0000000000
59367  -47.238  -34.942  34.636 0.0000000000
59387  -46.732  -34.897  34.039 0.0000000000
59396  -43.900  -34.331  32.634 0.0000000000
59385  -44.879  -34.737  33.451 0.0000000000
59384  -44.017  -34.636  33.177 0.0000000000
58252  -42.378  -34.765  32.984 0.0000000000
59395  -42.843  -34.504  32.661 0.0000000000
60679  -41.663  -33.590  31.278 0.0000000000
59414  -41.092  -33.887  31.262 0.0000000000
59413  -40.450  -33.952  30.924 0.0000000000
60688  -40.237  -33.532  30.294 0.0000000000
60687  -39.608  -33.641  29.960 0.0000000000
60695  -40.693  -33.017  29.937 0.0000000000
61969  -40.666  -31.922  28.485 0.0000000000
63163  -41.529  -31.693  28.759 0.0000000000
63152  -45.529  -31.467  30.260 0.0000000000
63151  -44.875  -31.675  29.964 0.0000000000
63178  -44.367  -31.078  28.414 0.0000000000
63176  -42.238  -31.217  28.156 0.0000000000
63190  -42.894  -30.865  27.582 0.0000000000
65870  -44.700  -29.532  27.505 0.0000000000
64496  -44.070  -29.658  26.702 0.0000000000
65881  -43.292  -29.526  26.107 0.0000000000
81322  -55.665  -16.491  21.728 0.0000000000
81334  -55.129  -16.400  21.002 0.0000000000
81333  -54.568  -16.346  20.493 0.0000000000
82462  -55.595  -15.233  19.596 0.0000000000
82475  -54.648  -15.344  18.713 0.0000000000
82492  -54.761  -14.949  17.722 0.0000000000
48557  -32.123  -43.331  44.425 0.0000000000
48566  -32.651  -44.062  43.573 0.0000000000
48565  -32.238  -43.206  42.987 0.0000000000
45783  -34.837  -44.785  44.061 0.0000000000
45796  -34.243  -44.762  43.820 0.0000000000
45814  -34.355  -44.838  43.400 0.0000000000
47225  -34.594  -44.471  40.977 0.0000000000
47207  -34.285  -44.564  41.800 0.0000000000
47224  -33.862  -44.284  41.109 0.0000000000
48593  -33.144  -43.735  40.528 0.0000000000
48610  -33.932  -43.579  39.530 0.0000000000
48633  -35.716  -44.167  38.901 0.0000000000
68228  -43.877  -27.771  24.650 0.0000000000
70517  -44.725  -26.068  24.581 0.0000000000
70521  -48.139  -25.607  24.146 0.0000000000
69294  -50.376  -26.590  27.482 0.0000000000
68192  -51.019  -26.813  27.391 0.0000000000
68194  -52.806  -27.852  27.837 0.0000000000
67095  -53.690  -28.511  29.351 0.0000000000
54714  -32.668  -37.996  42.603 0.0000000000
55850  -32.932  -37.742  41.407 0.0000000000
55889  -33.245  -37.761  39.692 0.0000000000
55888  -32.683  -38.044  40.094 0.0000000000
54775  -32.894  -38.465  39.058 0.0000000000
52537  -33.487  -39.746  39.214 0.0000000000
53669  -33.387  -39.362  38.608 0.0000000000
55911  -35.340  -37.608  39.202 0.0000000000
55933  -35.288  -37.465  38.077 0.0000000000
54816  -35.046  -38.524  35.946 0.0000000000
55950  -34.702  -38.041  36.739 0.0000000000
53698  -34.911  -39.495  36.188 0.0000000000
53690  -34.529  -39.782  36.794 0.0000000000
52569  -35.836  -40.495  36.186 0.0000000000
52550  -36.558  -41.102  36.616 0.0000000000
52570  -36.625  -40.453  35.840 0.0000000000
52572  -38.600  -39.962  35.751 0.0000000000
52552  -38.613  -40.675  36.231 0.0000000000
52553  -39.629  -40.397  36.241 0.0000000000
52554  -40.582  -40.618  36.108 0.0000000000
58140  -42.707  -35.640  38.114 0.0000000000
57082  -42.152  -36.166  38.760 0.0000000000
58177  -40.706  -34.797  36.364 0.0000000000
58176  -39.589  -35.338  36.590 0.0000000000
58175  -38.787  -35.756  36.793 0.0000000000
57157  -40.151  -35.727  33.329 0.0000000000
55994  -39.632  -37.845  34.208 0.0000000000
55980  -39.398  -37.688  34.809 0.0000000000
57128  -38.555  -36.553  35.407 0.0000000000
54832  -40.029  -38.770  34.786 0.0000000000
52610  -40.261  -40.251  33.751 0.0000000000
53716  -40.791  -40.021  34.965 0.0000000000
52594  -40.836  -40.499  34.839 0.0000000000
51333  -41.107  -41.194  35.195 0.0000000000
51332  -40.674  -41.150  34.635 0.0000000000
60703  -39.035  -33.453  28.633 0.0000000000
60702  -38.176  -33.668  28.314 0.0000000000
51123  -27.006  -41.451  46.320 0.0000000000
49766  -30.978  -42.230  47.543 0.0000000000
51108  -33.299  -41.732  46.956 0.0000000000
55853  -35.902  -37.170  42.404 0.0000000000
54699  -39.108  -37.622  42.858 0.0000000000
54682  -38.516  -37.262  43.127 0.0000000000
54698  -38.535  -37.611  42.670 0.0000000000
54716  -38.389  -37.833  42.140 0.0000000000
54734  -38.192  -37.900  41.413 0.0000000000
54738  -41.647  -37.625  41.678 0.0000000000
54737  -40.764  -37.600  41.748 0.0000000000
54760  -41.704  -37.730  41.141 0.0000000000
54761  -42.623  -37.743  41.098 0.0000000000
55900  -44.391  -37.254  40.474 0.0000000000
57047  -45.429  -36.277  39.807 0.0000000000
59282  -46.730  -34.357  39.047 0.0000000000
58141  -47.156  -35.160  38.428 0.0000000000
65719  -47.202  -29.773  37.730 0.0000000000
69186  -46.048  -27.037  38.837 0.0000000000
69185  -45.645  -26.628  38.484 0.0000000000
71529  -44.990  -25.260  37.976 0.0000000000
71528  -44.861  -24.362  37.725 0.0000000000
70321  -44.850  -25.071  37.217 0.0000000000
74008  -45.624  -22.561  37.222 0.0000000000
72769  -45.440  -23.156  36.370 0.0000000000
72810  -45.766  -23.722  35.070 0.0000000000
72770  -46.471  -22.835  36.057 0.0000000000
72795  -48.308  -23.265  35.382 0.0000000000
72812  -47.632  -23.396  34.952 0.0000000000
72813  -48.124  -23.428  34.991 0.0000000000
71569  -48.351  -23.641  34.629 0.0000000000
74013  -50.217  -22.048  37.168 0.0000000000
74034  -49.320  -22.525  37.186 0.0000000000
72747  -49.839  -22.843  36.997 0.0000000000
71556  -50.247  -23.993  35.691 0.0000000000
71586  -49.969  -24.791  33.525 0.0000000000
70360  -50.679  -25.162  32.887 0.0000000000
70362  -52.134  -25.507  33.389 0.0000000000
70379  -51.757  -26.020  32.533 0.0000000000
69238  -51.534  -26.581  31.799 0.0000000000
69227  -52.111  -26.434  32.351 0.0000000000
72815  -53.145  -23.711  33.860 0.0000000000
70351  -53.273  -24.485  33.788 0.0000000000
71588  -53.445  -24.146  33.408 0.0000000000
70401  -53.791  -25.226  32.435 0.0000000000
70381  -53.359  -25.598  32.670 0.0000000000
69240  -53.145  -26.421  31.789 0.0000000000
68154  -53.257  -26.929  31.288 0.0000000000
69253  -53.582  -26.502  31.026 0.0000000000
70436  -53.862  -26.257  30.016 0.0000000000
69270  -53.771  -26.490  30.381 0.0000000000
69286  -54.743  -26.699  29.295 0.0000000000
75385  -50.161  -21.157  29.868 0.0000000000
75364  -50.466  -21.417  30.678 0.0000000000
74120  -50.199  -21.908  30.427 0.0000000000
74135  -50.276  -22.720  29.865 0.0000000000
76610  -49.866  -20.920  27.144 0.0000000000
76593  -49.937  -20.955  28.211 0.0000000000
75424  -49.470  -21.504  27.729 0.0000000000
72914  -49.891  -22.845  28.271 0.0000000000
72896  -51.776  -23.515  28.901 0.0000000000
72877  -53.500  -24.114  29.569 0.0000000000
70472  -55.104  -25.540  28.219 0.0000000000
70458  -55.433  -26.475  28.386 0.0000000000
70473  -55.567  -26.023  27.859 0.0000000000
69297  -56.321  -26.986  27.982 0.0000000000
71680  -55.638  -25.387  27.432 0.0000000000
70506  -56.186  -25.429  26.621 0.0000000000
70490  -56.867  -26.251  26.345 0.0000000000
70507  -56.640  -25.566  26.157 0.0000000000
72977  -52.989  -24.364  24.576 0.0000000000
71754  -54.648  -24.618  23.741 0.0000000000
71733  -54.831  -24.776  24.540 0.0000000000
71735  -56.853  -25.118  25.009 0.0000000000
79050  -51.729  -18.756  21.686 0.0000000000
77943  -49.889  -19.607  19.877 0.0000000000
77942  -49.720  -20.089  20.345 0.0000000000
76707  -49.595  -20.499  19.610 0.0000000000
75511  -49.810  -21.853  20.089 0.0000000000
74310  -50.575  -22.047  19.419 0.0000000000
79091  -50.182  -18.535  17.241 0.0000000000
77959  -50.037  -19.471  17.772 0.0000000000
75538  -52.102  -21.836  18.616 0.0000000000
74313  -53.109  -22.547  19.774 0.0000000000
51200  -27.080  -41.544  42.317 0.0000000000
51199  -26.275  -42.065  42.317 0.0000000000
51212  -26.591  -42.109  41.439 0.0000000000
49908  -26.101  -42.277  38.216 0.0000000000
49932  -25.968  -42.779  36.602 0.0000000000
49961  -25.502  -42.315  35.176 0.0000000000
51323  -25.585  -41.727  34.640 0.0000000000
51349  -25.500  -41.253  32.987 0.0000000000
49854  -30.446  -42.085  42.527 0.0000000000
49864  -30.711  -42.234  41.441 0.0000000000
51228  -30.129  -41.730  39.767 0.0000000000
51237  -29.324  -41.358  39.093 0.0000000000
51249  -29.372  -41.397  38.162 0.0000000000
51264  -31.085  -41.286  36.871 0.0000000000
51308  -28.718  -40.691  35.751 0.0000000000
51281  -28.582  -40.995  36.623 0.0000000000
52566  -27.428  -40.747  35.256 0.0000000000
52589  -28.076  -40.334  34.309 0.0000000000
49980  -30.438  -42.929  31.478 0.0000000000
52511  -33.276  -40.511  41.545 0.0000000000
52521  -34.122  -41.237  41.080 0.0000000000
49875  -36.641  -42.781  40.601 0.0000000000
49874  -36.181  -42.674  41.061 0.0000000000
49867  -36.804  -43.272  41.308 0.0000000000
48576  -37.877  -44.677  42.481 0.0000000000
48584  -37.864  -44.262  41.649 0.0000000000
48616  -40.426  -44.206  39.721 0.0000000000
48615  -39.424  -44.184  39.870 0.0000000000
47249  -40.051  -44.570  40.267 0.0000000000
45883  -39.409  -45.545  39.728 0.0000000000
45849  -39.420  -45.390  40.801 0.0000000000
45866  -39.103  -45.609  40.448 0.0000000000
45865  -38.269  -45.603  40.572 0.0000000000
47248  -38.087  -45.354  39.987 0.0000000000
47266  -38.039  -45.038  39.220 0.0000000000
47292  -37.821  -44.219  36.788 0.0000000000
48684  -37.100  -43.751  36.350 0.0000000000
48695  -37.000  -43.796  35.223 0.0000000000
43559  -42.041  -47.577  35.533 0.0000000000
44707  -41.759  -47.334  36.339 0.0000000000
44706  -41.127  -47.018  35.577 0.0000000000
44721  -39.509  -46.145  34.352 0.0000000000
44705  -40.569  -46.356  35.526 0.0000000000
45928  -39.635  -45.775  34.846 0.0000000000
45911  -39.145  -45.269  35.383 0.0000000000
47325  -37.289  -44.912  33.810 0.0000000000
67036  -45.392  -29.223  34.118 0.0000000000
68121  -45.548  -27.911  35.815 0.0000000000
64364  -47.318  -31.250  35.970 0.0000000000
64400  -46.983  -31.106  33.978 0.0000000000
63120  -46.674  -31.141  32.911 0.0000000000
67097  -55.429  -29.142  28.768 0.0000000000
65862  -56.220  -29.616  28.389 0.0000000000
64475  -57.435  -30.217  28.503 0.0000000000
65856  -57.361  -29.735  29.376 0.0000000000
68187  -57.319  -28.572  28.631 0.0000000000
52468  -33.391  -41.061  44.852 0.0000000000
51164  -34.163  -42.532  44.731 0.0000000000
51163  -33.716  -41.719  44.586 0.0000000000
52480  -33.829  -41.940  43.618 0.0000000000
70414  -47.972  -24.873  30.322 0.0000000000
70434  -48.544  -25.367  29.698 0.0000000000
70416  -49.956  -25.736  30.874 0.0000000000
55894  -39.062  -37.405  40.201 0.0000000000
55916  -40.532  -37.155  39.857 0.0000000000
57061  -40.355  -36.649  39.270 0.0000000000
57080  -40.075  -36.180  38.629 0.0000000000
58258  -39.819  -34.904  31.439 0.0000000000
58257  -39.045  -35.484  31.204 0.0000000000
57174  -38.281  -35.799  30.973 0.0000000000
57173  -37.618  -36.217  30.582 0.0000000000
57178  -36.521  -36.197  29.487 0.0000000000
64510  -41.736  -29.820  25.619 0.0000000000
64509  -40.701  -30.040  25.222 0.0000000000
65894  -41.414  -29.492  25.065 0.0000000000
65912  -40.863  -29.156  24.408 0.0000000000
77850  -52.618  -19.325  25.433 0.0000000000
77849  -51.605  -19.577  25.229 0.0000000000
77872  -51.118  -19.657  24.441 0.0000000000
77890  -50.016  -20.005  24.191 0.0000000000
76668  -50.280  -20.171  23.276 0.0000000000
76678  -50.045  -20.290  22.748 0.0000000000
76687  -49.774  -20.279  21.846 0.0000000000
51162  -28.645  -41.271  44.494 0.0000000000
49937  -34.260  -42.550  36.525 0.0000000000
49936  -33.753  -42.268  36.363 0.0000000000
49962  -33.675  -42.071  34.138 0.0000000000
49971  -33.490  -42.412  33.028 0.0000000000
48719  -34.158  -44.091  32.617 0.0000000000
49918  -41.161  -42.432  37.445 0.0000000000
49919  -41.619  -43.001  37.637 0.0000000000
48676  -42.386  -43.766  37.162 0.0000000000
47295  -42.722  -44.866  36.988 0.0000000000
67103  -44.523  -28.783  27.587 0.0000000000
67093  -44.526  -29.027  28.522 0.0000000000
67082  -43.788  -28.431  29.853 0.0000000000
68128  -44.702  -27.028  33.849 0.0000000000
69219  -44.629  -26.477  33.347 0.0000000000
57102  -46.338  -36.342  37.594 0.0000000000
57101  -45.716  -36.408  37.447 0.0000000000
57117  -46.424  -36.110  36.895 0.0000000000
58183  -46.502  -35.586  36.255 0.0000000000
58200  -45.856  -35.426  35.452 0.0000000000
60668  -46.620  -33.983  33.084 0.0000000000
59398  -45.679  -34.459  33.183 0.0000000000
60667  -45.640  -33.939  32.608 0.0000000000
60666  -44.764  -33.873  32.366 0.0000000000
59408  -43.396  -34.043  32.314 0.0000000000
60680  -42.490  -33.414  31.494 0.0000000000
60690  -41.981  -33.066  31.013 0.0000000000
61951  -42.118  -32.506  30.375 0.0000000000
61961  -42.880  -31.808  29.751 0.0000000000
64453  -45.808  -30.722  30.153 0.0000000000
63167  -45.435  -31.174  29.365 0.0000000000
64465  -45.696  -30.580  29.280 0.0000000000
64464  -45.527  -30.821  28.883 0.0000000000
63192  -44.848  -30.666  27.961 0.0000000000
64483  -45.002  -30.157  27.848 0.0000000000
65871  -45.223  -29.980  28.135 0.0000000000
48549  -32.712  -44.091  45.361 0.0000000000
47174  -33.267  -44.464  44.007 0.0000000000
45816  -35.731  -45.348  42.984 0.0000000000
45815  -34.872  -45.107  43.082 0.0000000000
45828  -35.318  -45.123  42.470 0.0000000000
47208  -35.209  -44.809  41.675 0.0000000000
48595  -34.813  -44.253  40.429 0.0000000000
48611  -35.027  -44.010  39.754 0.0000000000
48612  -35.588  -44.300  39.513 0.0000000000
48634  -36.278  -44.330  38.753 0.0000000000
69302  -43.913  -26.709  26.646 0.0000000000
69314  -44.344  -26.502  25.719 0.0000000000
70483  -44.370  -26.165  26.346 0.0000000000
70501  -44.886  -25.720  25.694 0.0000000000
70502  -45.846  -25.538  25.624 0.0000000000
70487  -47.763  -25.716  26.686 0.0000000000
67104  -53.091  -28.379  28.819 0.0000000000
67085  -53.528  -28.279  30.050 0.0000000000
55952  -36.279  -37.270  37.298 0.0000000000
55965  -35.437  -37.827  35.851 0.0000000000
54827  -35.705  -38.752  35.478 0.0000000000
53700  -36.652  -39.542  35.487 0.0000000000
54828  -36.746  -38.561  35.181 0.0000000000
53701  -37.663  -39.336  35.447 0.0000000000
53702  -38.614  -39.236  35.469 0.0000000000
58179  -43.039  -34.710  36.762 0.0000000000
58160  -42.345  -35.027  37.423 0.0000000000
59313  -42.230  -34.674  36.799 0.0000000000
59326  -41.114  -34.581  36.260 0.0000000000
54843  -39.802  -38.423  34.054 0.0000000000
54853  -40.043  -38.896  33.899 0.0000000000
55806  -35.747  -36.525  44.071 0.0000000000
53607  -39.844  -37.728  42.827 0.0000000000
53617  -39.632  -37.651  42.449 0.0000000000
53619  -40.153  -37.673  42.659 0.0000000000
58109  -45.111  -35.477  40.111 0.0000000000
71498  -45.888  -24.942  39.984 0.0000000000
71483  -45.547  -24.183  40.129 0.0000000000
72724  -44.827  -23.573  39.620 0.0000000000
72723  -44.524  -23.358  38.950 0.0000000000
74031  -46.732  -22.537  36.709 0.0000000000
74032  -47.781  -22.439  36.905 0.0000000000
72772  -48.581  -22.803  36.285 0.0000000000
75267  -50.893  -21.723  35.943 0.0000000000
74014  -50.859  -22.362  36.460 0.0000000000
72749  -50.681  -22.621  36.789 0.0000000000
72774  -50.342  -23.439  36.460 0.0000000000
71545  -51.026  -23.889  36.145 0.0000000000
71587  -50.938  -25.076  33.644 0.0000000000
71572  -51.805  -24.999  34.735 0.0000000000
72837  -53.317  -23.646  32.765 0.0000000000
71589  -53.692  -24.576  33.048 0.0000000000
71603  -53.666  -24.231  32.613 0.0000000000
71618  -54.002  -25.017  32.345 0.0000000000
71630  -54.157  -25.180  30.188 0.0000000000
76564  -51.765  -20.099  29.886 0.0000000000
75408  -49.939  -21.197  29.323 0.0000000000
74214  -49.413  -22.320  27.315 0.0000000000
72934  -49.905  -23.111  27.070 0.0000000000
72916  -51.897  -23.608  27.693 0.0000000000
72898  -53.652  -24.116  28.446 0.0000000000
72918  -53.778  -24.256  27.609 0.0000000000
71678  -54.340  -24.492  27.176 0.0000000000
71694  -55.068  -24.721  26.585 0.0000000000
71711  -54.976  -24.738  25.537 0.0000000000
72993  -52.754  -24.144  23.522 0.0000000000
71769  -53.925  -24.401  23.322 0.0000000000
71770  -54.404  -24.332  23.191 0.0000000000
79062  -52.321  -17.805  20.703 0.0000000000
79061  -51.447  -18.375  20.621 0.0000000000
80186  -51.885  -17.680  20.049 0.0000000000
79075  -50.491  -18.656  19.558 0.0000000000
77953  -49.792  -19.378  18.867 0.0000000000
76733  -51.655  -20.357  17.220 0.0000000000
75551  -52.413  -21.041  17.812 0.0000000000
49852  -25.861  -42.882  42.281 0.0000000000
51225  -27.460  -41.609  40.468 0.0000000000
51224  -26.751  -42.120  40.575 0.0000000000
51234  -26.734  -41.979  39.706 0.0000000000
49933  -26.104  -42.596  37.300 0.0000000000
49951  -26.208  -42.273  36.540 0.0000000000
51324  -26.381  -41.251  34.938 0.0000000000
49865  -31.492  -42.767  41.149 0.0000000000
49880  -30.924  -42.146  39.453 0.0000000000
51310  -30.968  -40.824  35.342 0.0000000000
51326  -29.817  -40.449  34.452 0.0000000000
52604  -28.286  -40.172  33.324 0.0000000000
51362  -27.631  -41.080  30.783 0.0000000000
51376  -28.549  -41.858  30.727 0.0000000000
48730  -29.424  -43.432  31.525 0.0000000000
52529  -34.381  -41.096  39.952 0.0000000000
51229  -34.898  -41.821  40.713 0.0000000000
51239  -35.137  -41.753  40.061 0.0000000000
51231  -36.281  -42.369  40.027 0.0000000000
49876  -37.166  -43.194  40.311 0.0000000000
45869  -41.268  -45.370  39.438 0.0000000000
45851  -40.808  -45.263  39.926 0.0000000000
45868  -40.642  -45.459  39.725 0.0000000000
47268  -39.524  -45.479  39.177 0.0000000000
47284  -38.715  -44.954  38.306 0.0000000000
47302  -38.459  -44.780  36.069 0.0000000000
45946  -38.459  -45.904  33.785 0.0000000000
65828  -45.242  -29.712  31.080 0.0000000000
65827  -44.701  -29.252  30.726 0.0000000000
67065  -44.803  -29.299  31.731 0.0000000000
67051  -44.728  -29.040  32.408 0.0000000000
67034  -44.639  -28.087  33.195 0.0000000000
68137  -44.755  -27.675  33.761 0.0000000000
70337  -44.830  -25.448  35.312 0.0000000000
60598  -47.945  -33.723  36.577 0.0000000000
60613  -47.762  -33.971  35.874 0.0000000000
61882  -47.841  -33.624  34.973 0.0000000000
60669  -47.203  -33.724  33.648 0.0000000000
63091  -47.583  -32.417  35.055 0.0000000000
61914  -46.636  -32.954  32.594 0.0000000000
61936  -45.334  -32.616  31.472 0.0000000000
61955  -45.850  -31.912  31.007 0.0000000000
63153  -45.954  -31.210  30.628 0.0000000000
64419  -46.764  -31.298  31.813 0.0000000000
65841  -45.801  -30.475  30.361 0.0000000000
65829  -45.770  -30.312  30.752 0.0000000000
65874  -57.595  -29.802  28.031 0.0000000000
48515  -34.013  -43.561  46.465 0.0000000000
47152  -34.153  -44.319  45.873 0.0000000000
48535  -34.816  -44.072  45.638 0.0000000000
48551  -35.110  -44.028  45.158 0.0000000000
47169  -35.141  -44.459  44.360 0.0000000000
49831  -35.300  -43.822  44.476 0.0000000000
47176  -35.802  -44.640  43.726 0.0000000000
45799  -36.224  -45.177  43.377 0.0000000000
45817  -36.559  -45.391  42.770 0.0000000000
45818  -37.366  -45.307  42.638 0.0000000000
70453  -46.243  -25.447  28.373 0.0000000000
69303  -48.678  -26.065  27.290 0.0000000000
69284  -50.630  -26.654  28.727 0.0000000000
69269  -51.414  -27.024  29.562 0.0000000000
54733  -37.409  -37.818  41.213 0.0000000000
55892  -36.758  -37.677  40.669 0.0000000000
55893  -37.420  -37.714  40.468 0.0000000000
55935  -37.313  -37.260  38.719 0.0000000000
55914  -38.584  -37.260  39.774 0.0000000000
55936  -38.274  -36.901  38.900 0.0000000000
55953  -37.292  -37.019  37.596 0.0000000000
57096  -37.634  -36.524  36.757 0.0000000000
57113  -37.407  -36.502  35.942 0.0000000000
58237  -41.877  -34.828  33.333 0.0000000000
57165  -39.653  -36.084  32.489 0.0000000000
56012  -39.108  -37.188  32.524 0.0000000000
54873  -38.055  -38.465  31.907 0.0000000000
63188  -40.773  -31.343  27.208 0.0000000000
63204  -39.209  -31.683  26.379 0.0000000000
63205  -40.200  -31.165  26.402 0.0000000000
63221  -39.415  -31.045  25.670 0.0000000000
64507  -38.869  -30.752  25.010 0.0000000000
64508  -39.643  -30.474  25.002 0.0000000000
75272  -51.463  -21.721  35.303 0.0000000000
74057  -52.381  -22.990  35.084 0.0000000000
71573  -52.773  -24.175  34.741 0.0000000000
72823  -52.873  -23.175  33.857 0.0000000000
74092  -52.117  -22.263  33.659 0.0000000000
74105  -52.417  -22.607  33.426 0.0000000000
72836  -52.707  -22.989  33.069 0.0000000000
72848  -52.742  -23.427  32.068 0.0000000000
72860  -51.908  -23.408  31.261 0.0000000000
76595  -51.382  -19.881  27.470 0.0000000000
77829  -51.064  -19.737  25.859 0.0000000000
76630  -49.372  -20.814  25.842 0.0000000000
74236  -49.187  -22.376  25.925 0.0000000000
74237  -49.888  -23.046  25.283 0.0000000000
72956  -51.008  -23.610  25.346 0.0000000000
72957  -52.330  -24.113  25.433 0.0000000000
72975  -50.955  -23.593  23.970 0.0000000000
74259  -50.217  -23.229  23.518 0.0000000000
74273  -48.637  -22.001  23.315 0.0000000000
72991  -50.864  -23.451  22.957 0.0000000000
73012  -51.609  -23.740  22.272 0.0000000000
73028  -51.460  -23.565  21.402 0.0000000000
81367  -52.456  -16.323  18.610 0.0000000000
80224  -50.902  -17.428  18.318 0.0000000000
81379  -51.508  -16.640  17.939 0.0000000000
77967  -50.489  -19.221  16.980 0.0000000000
51160  -26.376  -41.710  44.212 0.0000000000
48629  -32.052  -42.621  38.318 0.0000000000
49892  -31.590  -42.361  38.286 0.0000000000
49893  -32.055  -42.321  37.928 0.0000000000
51285  -32.241  -41.495  36.046 0.0000000000
49935  -32.992  -41.773  36.331 0.0000000000
51311  -31.914  -41.144  35.318 0.0000000000
51328  -31.478  -40.737  34.128 0.0000000000
49983  -32.831  -42.862  32.393 0.0000000000
48717  -32.334  -43.674  31.968 0.0000000000
51267  -37.525  -42.027  37.791 0.0000000000
49894  -37.485  -42.734  38.871 0.0000000000
49915  -38.432  -42.555  38.085 0.0000000000
48637  -39.924  -43.593  39.166 0.0000000000
48617  -40.990  -44.368  39.666 0.0000000000
48639  -41.786  -44.089  38.751 0.0000000000
47269  -41.681  -44.319  39.049 0.0000000000
47251  -41.436  -44.804  39.508 0.0000000000
45886  -41.828  -45.671  38.732 0.0000000000
44679  -41.701  -46.196  38.259 0.0000000000
67126  -43.015  -28.718  24.997 0.0000000000
67142  -43.316  -28.396  24.753 0.0000000000
67127  -43.457  -28.717  25.291 0.0000000000
68201  -44.091  -27.706  26.349 0.0000000000
68200  -43.741  -27.340  26.835 0.0000000000
69291  -43.913  -26.513  27.497 0.0000000000
69282  -43.997  -26.454  28.387 0.0000000000
70430  -44.595  -25.908  28.775 0.0000000000
67072  -44.320  -28.912  30.365 0.0000000000
67071  -43.895  -28.295  30.672 0.0000000000
68159  -43.569  -27.540  30.276 0.0000000000
68151  -43.876  -27.370  31.259 0.0000000000
68160  -43.699  -27.342  30.762 0.0000000000
69248  -43.544  -27.015  30.178 0.0000000000
71615  -48.131  -24.567  31.859 0.0000000000
55919  -43.715  -37.194  39.508 0.0000000000
57064  -43.102  -36.918  39.359 0.0000000000
57100  -44.919  -36.188  37.189 0.0000000000
58162  -44.429  -35.598  36.936 0.0000000000
59329  -43.234  -34.616  36.033 0.0000000000
59346  -43.716  -34.605  35.429 0.0000000000
59363  -43.061  -34.479  34.824 0.0000000000
59368  -47.497  -34.945  35.156 0.0000000000
58221  -46.622  -35.275  34.808 0.0000000000
58220  -45.776  -35.321  34.784 0.0000000000
59386  -45.731  -34.897  33.704 0.0000000000
58240  -44.976  -35.102  33.949 0.0000000000
58219  -45.066  -35.180  34.532 0.0000000000
58218  -44.354  -34.915  34.306 0.0000000000
58217  -43.440  -34.694  34.197 0.0000000000
58251  -41.757  -34.755  32.580 0.0000000000
58260  -41.241  -34.745  32.175 0.0000000000
59406  -41.635  -34.306  31.798 0.0000000000
59404  -40.108  -34.397  31.115 0.0000000000
59412  -39.546  -34.315  30.612 0.0000000000
59426  -38.857  -33.921  29.237 0.0000000000
60693  -39.419  -33.605  29.324 0.0000000000
60704  -39.740  -33.237  28.920 0.0000000000
61958  -40.131  -32.959  28.965 0.0000000000
61968  -39.752  -32.583  28.404 0.0000000000
63174  -40.247  -31.730  27.860 0.0000000000
63166  -44.681  -31.384  29.148 0.0000000000
63165  -43.657  -31.321  29.092 0.0000000000
63164  -42.586  -31.478  28.945 0.0000000000
63207  -41.939  -30.659  26.649 0.0000000000
64481  -43.357  -30.440  27.030 0.0000000000
64494  -42.554  -30.020  26.276 0.0000000000
64511  -42.280  -29.624  25.651 0.0000000000
65896  -42.792  -29.216  25.418 0.0000000000
77910  -53.044  -19.067  22.734 0.0000000000
79040  -53.704  -18.522  22.648 0.0000000000
79052  -53.492  -17.817  21.723 0.0000000000
80175  -54.793  -17.052  21.803 0.0000000000
80174  -53.913  -17.186  21.210 0.0000000000
80188  -53.311  -17.207  20.691 0.0000000000
81332  -53.565  -16.730  20.357 0.0000000000
81350  -53.190  -16.337  19.444 0.0000000000
82449  -56.416  -15.174  20.432 0.0000000000
82461  -54.566  -15.848  19.770 0.0000000000
82460  -53.829  -16.065  19.491 0.0000000000
81368  -53.038  -16.063  18.906 0.0000000000
82473  -52.989  -15.976  18.624 0.0000000000
82490  -52.921  -15.862  18.086 0.0000000000
82510  -52.636  -15.663  16.962 0.0000000000
82511  -53.784  -15.050  16.990 0.0000000000
49828  -30.582  -41.982  44.776 0.0000000000
49829  -31.222  -42.539  44.328 0.0000000000
48580  -32.220  -43.250  40.817 0.0000000000
48592  -32.235  -43.128  39.730 0.0000000000
47167  -33.960  -44.668  44.392 0.0000000000
47175  -33.850  -44.684  43.579 0.0000000000
47189  -33.268  -44.452  43.050 0.0000000000
48655  -33.488  -42.557  37.613 0.0000000000
48672  -34.903  -42.747  36.168 0.0000000000
48682  -35.567  -43.144  35.546 0.0000000000
69329  -44.444  -26.613  24.654 0.0000000000
69347  -44.335  -26.402  23.722 0.0000000000
70552  -44.783  -25.895  23.275 0.0000000000
70503  -46.955  -25.517  25.579 0.0000000000
70519  -46.146  -25.458  24.679 0.0000000000
68193  -51.660  -27.047  27.146 0.0000000000
67106  -54.708  -28.684  28.075 0.0000000000
67107  -55.606  -28.998  27.756 0.0000000000
68175  -55.786  -28.171  29.331 0.0000000000
54680  -32.454  -38.510  43.783 0.0000000000
53605  -32.231  -39.455  42.736 0.0000000000
53616  -32.419  -39.520  41.906 0.0000000000
53633  -32.784  -39.484  41.127 0.0000000000
55870  -32.815  -37.895  40.750 0.0000000000
53647  -32.745  -39.129  40.204 0.0000000000
53648  -33.170  -39.729  40.369 0.0000000000
52528  -33.646  -40.054  39.787 0.0000000000
52538  -34.009  -40.300  38.954 0.0000000000
52544  -35.428  -41.128  37.879 0.0000000000
55910  -34.302  -37.639  38.872 0.0000000000
54788  -33.561  -38.514  37.988 0.0000000000
53681  -34.284  -39.813  37.608 0.0000000000
52548  -34.827  -40.376  37.458 0.0000000000
51266  -36.523  -41.629  38.041 0.0000000000
51286  -36.886  -41.485  37.372 0.0000000000
51287  -37.617  -41.512  37.013 0.0000000000
51269  -39.449  -41.908  37.197 0.0000000000
51289  -39.540  -41.228  36.639 0.0000000000
51270  -40.354  -41.823  37.030 0.0000000000
51271  -41.006  -41.828  36.808 0.0000000000
51291  -41.370  -41.647  36.324 0.0000000000
51315  -41.751  -42.050  36.084 0.0000000000
57081  -41.034  -36.066  38.804 0.0000000000
58159  -41.239  -35.061  37.200 0.0000000000
58138  -40.620  -35.549  38.118 0.0000000000
58137  -39.693  -35.768  38.070 0.0000000000
58156  -38.728  -35.923  37.229 0.0000000000
57114  -38.216  -36.057  36.297 0.0000000000
57130  -40.201  -35.524  34.969 0.0000000000
57127  -37.726  -36.989  35.318 0.0000000000
54830  -38.682  -38.498  35.196 0.0000000000
53703  -39.622  -39.341  35.517 0.0000000000
53704  -40.432  -39.676  35.206 0.0000000000
52574  -40.700  -40.386  35.554 0.0000000000
51314  -41.343  -41.488  35.695 0.0000000000
49955  -41.411  -42.079  35.581 0.0000000000
68106  -45.900  -28.399  37.529 0.0000000000
68098  -46.386  -28.387  38.594 0.0000000000
69187  -46.682  -27.843  39.193 0.0000000000
69174  -46.339  -26.491  39.409 0.0000000000
51124  -28.035  -41.300  46.620 0.0000000000
49807  -29.732  -41.601  45.847 0.0000000000
51143  -29.695  -41.609  46.360 0.0000000000
49767  -31.872  -42.668  47.673 0.0000000000
48513  -32.913  -43.249  47.222 0.0000000000
48514  -33.565  -43.428  46.823 0.0000000000
49769  -33.321  -42.570  47.276 0.0000000000
49770  -33.842  -42.993  46.770 0.0000000000
51128  -33.706  -42.531  46.480 0.0000000000
52458  -33.200  -40.934  45.658 0.0000000000
53584  -32.378  -39.978  44.861 0.0000000000
55828  -35.080  -36.801  43.365 0.0000000000
54758  -39.841  -37.591  41.056 0.0000000000
54736  -39.932  -37.637  41.750 0.0000000000
55897  -41.651  -37.530  40.539 0.0000000000
54740  -43.183  -37.377  41.498 0.0000000000
54762  -43.393  -37.590  41.074 0.0000000000
55899  -43.594  -37.448  40.427 0.0000000000
55940  -45.635  -37.082  38.923 0.0000000000
55941  -46.195  -36.833  38.955 0.0000000000
57065  -46.168  -36.199  39.283 0.0000000000
55922  -46.205  -36.631  39.141 0.0000000000
57086  -46.377  -36.482  38.319 0.0000000000
57087  -47.008  -35.937  38.087 0.0000000000
59314  -47.722  -34.585  37.587 0.0000000000
60565  -47.598  -33.700  38.319 0.0000000000
60566  -47.833  -33.261  38.019 0.0000000000
60583  -47.922  -33.718  37.529 0.0000000000
61859  -48.019  -33.203  37.161 0.0000000000
61845  -47.897  -32.288  37.360 0.0000000000
64349  -47.430  -30.813  37.154 0.0000000000
65718  -46.916  -29.564  37.551 0.0000000000
68105  -45.657  -27.450  37.146 0.0000000000
69200  -45.239  -26.591  36.848 0.0000000000
70310  -45.402  -26.009  38.663 0.0000000000
70330  -44.873  -25.499  36.466 0.0000000000
71543  -44.770  -24.760  36.405 0.0000000000
71553  -44.786  -24.606  35.800 0.0000000000
73956  -44.619  -22.278  39.928 0.0000000000
73971  -45.344  -21.724  39.134 0.0000000000
73987  -44.750  -22.575  38.110 0.0000000000
72732  -44.654  -23.407  37.927 0.0000000000
72745  -44.760  -23.542  37.017 0.0000000000
72791  -44.644  -24.092  35.928 0.0000000000
71567  -46.023  -23.769  34.454 0.0000000000
71583  -46.392  -23.800  33.676 0.0000000000
72794  -47.121  -23.098  35.441 0.0000000000
71568  -47.104  -23.605  34.369 0.0000000000
71601  -49.054  -24.685  32.575 0.0000000000
74011  -48.834  -22.093  37.757 0.0000000000
72796  -49.296  -23.384  35.903 0.0000000000
72797  -49.845  -23.514  36.202 0.0000000000
71555  -49.102  -23.679  35.220 0.0000000000
70376  -49.632  -25.169  32.007 0.0000000000
70397  -50.131  -25.566  31.555 0.0000000000
70417  -50.443  -25.892  31.294 0.0000000000
70378  -51.118  -25.654  32.397 0.0000000000
69237  -51.075  -26.300  31.532 0.0000000000
70350  -52.890  -24.706  34.210 0.0000000000
70363  -52.902  -25.388  33.554 0.0000000000
70365  -53.791  -24.838  33.022 0.0000000000
69239  -52.422  -26.776  31.864 0.0000000000
68162  -52.814  -27.756  30.600 0.0000000000
67073  -52.994  -28.022  30.467 0.0000000000
67074  -53.272  -28.023  30.480 0.0000000000
67075  -53.744  -28.041  30.392 0.0000000000
69254  -53.763  -27.007  30.482 0.0000000000
68164  -54.067  -27.728  30.327 0.0000000000
68174  -54.825  -27.997  29.869 0.0000000000
76576  -49.958  -20.992  28.686 0.0000000000
75407  -49.672  -21.409  28.775 0.0000000000
72894  -50.022  -22.869  28.888 0.0000000000
74158  -49.805  -22.487  29.169 0.0000000000
74159  -50.165  -22.828  29.398 0.0000000000
72875  -51.739  -23.669  30.123 0.0000000000
71644  -54.397  -25.088  29.773 0.0000000000
70457  -54.950  -26.133  28.627 0.0000000000
69287  -55.455  -27.098  28.845 0.0000000000
68185  -56.022  -27.679  28.901 0.0000000000
68186  -56.663  -28.109  28.757 0.0000000000
68196  -56.787  -27.594  28.046 0.0000000000
69298  -56.809  -27.247  27.630 0.0000000000
70488  -56.010  -25.656  27.216 0.0000000000
69307  -56.579  -26.692  27.367 0.0000000000
69308  -57.020  -26.936  26.974 0.0000000000
69321  -57.284  -26.690  26.035 0.0000000000
72958  -53.151  -24.292  25.478 0.0000000000
72959  -53.644  -24.417  25.563 0.0000000000
71732  -53.913  -24.663  24.365 0.0000000000
71713  -56.640  -25.249  25.686 0.0000000000
70523  -56.987  -25.471  25.637 0.0000000000
79038  -51.853  -19.091  22.352 0.0000000000
77921  -51.143  -19.378  21.869 0.0000000000
76697  -49.663  -20.321  21.195 0.0000000000
77931  -50.142  -19.814  21.023 0.0000000000
75510  -49.261  -21.528  20.709 0.0000000000
74299  -49.767  -22.320  20.490 0.0000000000
73039  -50.622  -22.943  20.415 0.0000000000
73041  -52.257  -23.319  20.916 0.0000000000
79086  -50.158  -18.396  18.329 0.0000000000
76719  -49.752  -20.431  18.578 0.0000000000
75550  -51.351  -21.196  17.926 0.0000000000
75537  -51.016  -21.714  18.633 0.0000000000
75526  -50.601  -21.817  19.124 0.0000000000
74311  -51.156  -22.221  19.203 0.0000000000
74302  -52.251  -22.946  20.136 0.0000000000
73042  -52.833  -23.354  21.180 0.0000000000
51180  -25.963  -42.219  43.288 0.0000000000
49863  -26.089  -42.759  41.447 0.0000000000
49879  -26.239  -42.601  39.842 0.0000000000
48679  -24.819  -43.301  35.555 0.0000000000
49950  -25.729  -42.646  35.907 0.0000000000
49949  -25.280  -42.712  35.319 0.0000000000
51216  -30.002  -41.878  40.718 0.0000000000
51248  -28.438  -41.203  38.405 0.0000000000
49909  -30.989  -41.840  37.889 0.0000000000
51250  -30.257  -41.636  37.974 0.0000000000
51283  -30.623  -40.876  36.331 0.0000000000
51262  -29.474  -41.275  37.318 0.0000000000
51325  -26.987  -40.947  35.362 0.0000000000
52587  -26.510  -40.925  34.406 0.0000000000
52602  -26.528  -40.755  33.844 0.0000000000
51350  -25.971  -41.015  33.521 0.0000000000
51366  -30.713  -41.889  31.445 0.0000000000
52496  -33.351  -40.942  42.695 0.0000000000
51204  -34.693  -42.309  42.496 0.0000000000
51217  -34.754  -41.921  41.588 0.0000000000
51205  -35.214  -42.588  41.833 0.0000000000
49857  -35.473  -43.131  42.377 0.0000000000
48575  -37.086  -44.452  42.699 0.0000000000
47193  -37.861  -44.990  42.833 0.0000000000
45831  -37.724  -45.573  41.938 0.0000000000
49884  -37.838  -43.247  39.202 0.0000000000
48614  -38.218  -43.668  39.803 0.0000000000
48597  -38.843  -44.420  40.770 0.0000000000
45850  -40.249  -45.302  40.306 0.0000000000
47212  -39.294  -45.223  41.237 0.0000000000
48585  -38.794  -44.667  41.464 0.0000000000
45832  -38.453  -45.409  41.734 0.0000000000
45847  -38.068  -45.670  41.291 0.0000000000
47228  -37.217  -45.417  40.762 0.0000000000
47265  -36.864  -44.558  38.896 0.0000000000
48658  -36.512  -43.989  38.181 0.0000000000
47283  -37.632  -44.473  38.002 0.0000000000
48659  -37.023  -44.225  37.939 0.0000000000
48674  -36.378  -43.533  37.093 0.0000000000
47304  -42.853  -45.135  36.148 0.0000000000
45916  -43.403  -46.394  36.459 0.0000000000
44709  -43.506  -46.932  36.116 0.0000000000
44695  -43.251  -46.935  36.966 0.0000000000
43533  -42.318  -47.170  37.131 0.0000000000
45913  -40.733  -46.251  36.260 0.0000000000
47311  -37.607  -44.414  34.638 0.0000000000
48694  -36.112  -43.622  34.735 0.0000000000
48705  -35.484  -43.585  33.755 0.0000000000
47322  -34.948  -44.163  32.894 0.0000000000
43534  -42.675  -47.116  37.165 0.0000000000
43544  -43.121  -47.198  36.811 0.0000000000
43545  -43.311  -47.062  36.762 0.0000000000
43561  -43.326  -47.132  36.505 0.0000000000
44687  -42.998  -46.522  37.375 0.0000000000
44688  -43.177  -46.422  37.122 0.0000000000
44694  -41.896  -47.149  37.052 0.0000000000
44696  -43.321  -46.755  36.798 0.0000000000
45781  -34.144  -44.719  44.047 0.0000000000
45782  -34.395  -44.743  44.057 0.0000000000
45797  -34.677  -44.899  43.683 0.0000000000
45800  -36.889  -45.205  43.149 0.0000000000
45819  -38.004  -45.297  42.325 0.0000000000
45830  -36.931  -45.591  42.084 0.0000000000
45846  -37.269  -45.547  41.331 0.0000000000
45848  -38.786  -45.664  41.108 0.0000000000
45864  -37.649  -45.569  40.833 0.0000000000
45870  -41.820  -45.275  39.034 0.0000000000
45882  -38.660  -45.483  39.900 0.0000000000
45887  -42.452  -45.395  38.467 0.0000000000
45896  -42.999  -45.683  37.520 0.0000000000
45905  -43.161  -45.744  36.645 0.0000000000
45906  -43.204  -46.204  36.983 0.0000000000
47151  -33.561  -44.322  46.045 0.0000000000
47153  -34.581  -44.222  45.651 0.0000000000
47161  -34.805  -44.269  45.138 0.0000000000
47168  -34.582  -44.568  44.528 0.0000000000
47178  -37.289  -45.069  43.133 0.0000000000
47210  -38.277  -44.856  42.320 0.0000000000
47211  -38.950  -45.021  41.758 0.0000000000
47229  -39.178  -44.834  41.326 0.0000000000
47230  -39.781  -44.978  40.825 0.0000000000
47231  -40.736  -45.096  40.176 0.0000000000
47250  -40.645  -44.710  40.114 0.0000000000
47264  -36.196  -44.476  39.020 0.0000000000
48534  -34.483  -43.973  46.118 0.0000000000
48550  -34.717  -43.830  45.742 0.0000000000
48559  -35.430  -43.870  44.145 0.0000000000
48560  -35.404  -44.093  44.320 0.0000000000
48568  -36.028  -44.091  43.518 0.0000000000
48569  -36.795  -44.661  43.207 0.0000000000
48574  -36.231  -43.642  42.694 0.0000000000
48579  -26.018  -43.642  41.452 0.0000000000
48582  -36.075  -43.398  42.183 0.0000000000
48596  -37.852  -43.676  40.622 0.0000000000
48613  -37.574  -43.415  40.083 0.0000000000
48635  -38.292  -43.417  39.220 0.0000000000
48660  -41.388  -43.162  38.060 0.0000000000
49830  -34.972  -43.433  44.342 0.0000000000
49866  -35.943  -43.072  41.660 0.0000000000
49882  -36.730  -42.717  39.996 0.0000000000
49895  -38.235  -43.097  38.713 0.0000000000
49896  -39.176  -43.117  38.525 0.0000000000
49914  -37.742  -42.525  38.359 0.0000000000
49938  -41.360  -42.173  36.829 0.0000000000
49952  -33.193  -41.630  35.660 0.0000000000
49960  -24.988  -42.479  34.709 0.0000000000
49966  -41.331  -41.731  35.550 0.0000000000
49991  -28.470  -42.703  30.810 0.0000000000
49993  -30.066  -42.574  31.320 0.0000000000
49994  -30.597  -42.493  31.458 0.0000000000
50005  -28.575  -42.346  30.752 0.0000000000
51218  -35.450  -42.395  41.196 0.0000000000
51241  -36.513  -42.238  39.452 0.0000000000
51252  -36.514  -41.949  38.773 0.0000000000
51253  -37.121  -42.176  38.489 0.0000000000
51288  -38.570  -41.414  36.735 0.0000000000
51292  -41.674  -42.328  36.383 0.0000000000
51313  -33.256  -41.539  35.328 0.0000000000
51322  -25.004  -41.825  34.118 0.0000000000
51337  -25.498  -41.402  33.830 0.0000000000
51351  -31.302  -41.660  31.745 0.0000000000
51363  -28.309  -41.132  30.934 0.0000000000
52510  -32.721  -39.972  41.697 0.0000000000
52539  -35.103  -41.231  38.972 0.0000000000
52543  -34.600  -40.433  38.176 0.0000000000
52545  -36.134  -41.283  37.334 0.0000000000
52567  -27.937  -40.496  35.168 0.0000000000
52573  -39.322  -39.755  35.783 0.0000000000
52591  -29.928  -40.342  33.840 0.0000000000
52593  -40.537  -40.515  34.359 0.0000000000
52608  -31.751  -40.711  32.800 0.0000000000
53606  -39.566  -37.673  42.719 0.0000000000
53618  -39.893  -37.652  42.570 0.0000000000
53634  -33.248  -40.007  40.924 0.0000000000
53657  -32.715  -38.969  39.759 0.0000000000
53680  -33.758  -39.267  37.765 0.0000000000
53689  -33.957  -39.405  37.180 0.0000000000
53691  -35.245  -40.042  36.340 0.0000000000
53693  -40.350  -39.930  35.700 0.0000000000
53705  -40.814  -40.246  35.034 0.0000000000
53728  -40.191  -39.300  33.863 0.0000000000
54696  -32.425  -38.576  43.057 0.0000000000
54718  -39.939  -37.622  42.094 0.0000000000
54732  -32.658  -38.567  40.647 0.0000000000
54753  -32.680  -38.573  39.835 0.0000000000
54754  -32.763  -38.122  39.620 0.0000000000
54755  -37.377  -37.743  40.738 0.0000000000
54774  -32.750  -38.820  39.518 0.0000000000
54789  -33.916  -38.130  37.760 0.0000000000
54801  -34.091  -38.357  37.308 0.0000000000
54814  -34.010  -39.243  36.813 0.0000000000
54815  -34.381  -38.828  36.435 0.0000000000
54826  -35.037  -39.068  35.849 0.0000000000
54842  -37.406  -37.968  34.841 0.0000000000
54844  -40.000  -38.698  34.225 0.0000000000
55901  -45.080  -36.847  40.137 0.0000000000
55931  -33.790  -38.017  37.992 0.0000000000
55938  -44.329  -36.923  38.781 0.0000000000
55964  -34.879  -38.283  36.243 0.0000000000
55992  -37.190  -37.793  34.880 0.0000000000
55993  -37.435  -37.742  34.894 0.0000000000
55995  -39.776  -38.304  34.344 0.0000000000
57066  -46.640  -36.193  38.702 0.0000000000
57067  -46.978  -35.823  38.309 0.0000000000
57103  -46.893  -36.039  37.528 0.0000000000
57115  -45.496  -35.867  36.545 0.0000000000
57118  -46.723  -36.064  37.142 0.0000000000
57126  -37.232  -37.234  35.194 0.0000000000
58123  -46.969  -35.618  38.458 0.0000000000
58136  -39.312  -35.965  38.001 0.0000000000
58142  -47.344  -35.348  38.097 0.0000000000
58157  -39.116  -35.797  37.547 0.0000000000
58201  -46.564  -35.371  35.566 0.0000000000
58203  -47.291  -35.040  35.372 0.0000000000
58222  -47.115  -35.194  35.157 0.0000000000
58223  -47.278  -35.100  35.141 0.0000000000
58241  -45.786  -35.245  34.198 0.0000000000
58270  -38.311  -34.904  30.070 0.0000000000
59298  -47.083  -34.736  38.580 0.0000000000
59312  -41.818  -34.779  37.016 0.0000000000
59315  -47.915  -34.253  37.163 0.0000000000
59327  -41.517  -34.633  36.467 0.0000000000
59331  -47.949  -34.189  36.866 0.0000000000
59343  -41.171  -34.455  35.934 0.0000000000
59345  -42.763  -34.490  35.503 0.0000000000
59347  -44.331  -34.797  35.141 0.0000000000
59349  -47.451  -34.820  35.562 0.0000000000
59366  -46.916  -35.082  34.497 0.0000000000
59388  -47.164  -34.737  34.324 0.0000000000
59399  -46.221  -34.582  33.502 0.0000000000
60582  -47.759  -33.966  37.921 0.0000000000
60599  -48.051  -33.869  37.070 0.0000000000
60614  -47.594  -34.396  35.782 0.0000000000
60631  -47.621  -34.543  35.443 0.0000000000
60684  -46.163  -33.279  32.474 0.0000000000
63107  -46.859  -31.324  33.338 0.0000000000
63135  -46.394  -31.588  31.280 0.0000000000
64438  -45.764  -30.298  31.183 0.0000000000
64466  -57.255  -30.075  29.315 0.0000000000
64467  -57.455  -30.066  29.144 0.0000000000
64473  -45.709  -30.247  28.900 0.0000000000
65757  -47.131  -30.429  35.883 0.0000000000
65882  -43.840  -29.402  26.348 0.0000000000
66969  -46.699  -28.943  38.507 0.0000000000
66983  -47.020  -29.387  38.189 0.0000000000
67019  -45.355  -28.898  34.556 0.0000000000
67063  -43.981  -28.255  31.028 0.0000000000
67084  -53.033  -28.127  30.200 0.0000000000
67115  -54.092  -28.276  27.417 0.0000000000
68176  -56.463  -28.621  29.331 0.0000000000
68226  -42.544  -28.060  24.167 0.0000000000
69226  -51.796  -26.434  32.268 0.0000000000
69250  -50.313  -25.980  30.778 0.0000000000
69265  -43.549  -27.003  29.752 0.0000000000
69288  -56.060  -27.326  28.543 0.0000000000
69301  -43.548  -27.069  27.207 0.0000000000
69330  -44.729  -26.113  24.819 0.0000000000
70281  -46.174  -25.217  40.203 0.0000000000
70311  -46.009  -26.268  39.114 0.0000000000
70329  -44.798  -24.937  36.727 0.0000000000
70348  -51.607  -25.282  34.024 0.0000000000
70382  -53.869  -25.070  32.830 0.0000000000
70398  -50.884  -25.975  31.721 0.0000000000
70419  -54.163  -25.382  30.002 0.0000000000
70500  -44.537  -25.958  26.016 0.0000000000
71496  -44.759  -23.935  39.009 0.0000000000
71497  -45.260  -24.375  39.502 0.0000000000
71512  -45.184  -24.858  38.576 0.0000000000
71552  -44.678  -24.330  36.239 0.0000000000
71574  -53.115  -24.145  34.095 0.0000000000
71693  -54.070  -24.463  26.146 0.0000000000
71710  -54.139  -24.573  25.201 0.0000000000
71731  -53.445  -24.522  24.609 0.0000000000
71755  -55.650  -24.509  23.736 0.0000000000
72746  -45.038  -22.961  36.918 0.0000000000
72768  -44.721  -23.817  36.294 0.0000000000
72793  -46.059  -23.309  35.550 0.0000000000
72846  -51.453  -22.775  31.969 0.0000000000
72978  -53.437  -24.539  24.350 0.0000000000
72994  -53.510  -24.490  23.772 0.0000000000
73011  -50.655  -23.517  22.014 0.0000000000
73026  -49.951  -22.906  20.832 0.0000000000
73038  -50.181  -22.659  20.394 0.0000000000
73040  -51.410  -23.221  20.609 0.0000000000
74036  -52.250  -23.239  35.502 0.0000000000
74079  -51.966  -22.198  34.570 0.0000000000
74103  -51.493  -22.217  32.774 0.0000000000
74134  -49.989  -22.168  30.025 0.0000000000
74246  -48.822  -22.018  25.054 0.0000000000
74257  -48.848  -22.070  24.170 0.0000000000
74289  -53.891  -22.988  20.951 0.0000000000
74300  -50.417  -22.367  19.882 0.0000000000
74319  -51.505  -21.981  18.851 0.0000000000
74320  -51.726  -22.151  18.954 0.0000000000
75363  -50.051  -21.674  30.117 0.0000000000
75453  -48.882  -21.457  25.415 0.0000000000
75454  -49.071  -21.519  25.992 0.0000000000
75482  -48.578  -21.327  23.327 0.0000000000
75483  -48.650  -21.458  22.700 0.0000000000
75524  -49.592  -21.238  19.950 0.0000000000
75525  -50.115  -21.709  19.523 0.0000000000
75527  -52.392  -22.137  18.969 0.0000000000
75528  -52.919  -22.093  19.084 0.0000000000
75535  -49.743  -21.177  19.384 0.0000000000
75536  -50.107  -21.347  18.872 0.0000000000
75549  -50.450  -21.150  18.216 0.0000000000
76653  -50.212  -20.042  24.828 0.0000000000
76667  -49.698  -20.253  23.558 0.0000000000
76676  -48.611  -20.970  23.069 0.0000000000
76708  -49.556  -19.957  19.217 0.0000000000
77852  -54.016  -18.711  26.051 0.0000000000
77870  -50.055  -20.055  24.528 0.0000000000
77871  -50.436  -19.877  24.463 0.0000000000
77892  -51.375  -19.599  23.686 0.0000000000
77909  -52.449  -19.236  22.850 0.0000000000
77930  -49.746  -20.110  20.668 0.0000000000
80160  -54.993  -17.330  22.452 0.0000000000
80173  -53.061  -17.596  21.009 0.0000000000
80208  -52.142  -17.348  19.710 0.0000000000
81320  -54.185  -16.749  20.801 0.0000000000
81348  -51.899  -17.120  19.136 0.0000000000
81366  -51.748  -16.951  18.788 0.0000000000
82447  -54.887  -16.042  20.320 0.0000000000
