#!ascii label  , from subject ernie vox2ras=TkReg
1028
122111  -48.890  23.114  8.218 0.0000000000
136476  -39.411  42.965  11.740 0.0000000000
128859  -43.945  32.539  19.296 0.0000000000
132187  -48.151  36.358  9.670 0.0000000000
138464  -43.931  46.417  10.403 0.0000000000
135729  -46.389  41.374  14.348 0.0000000000
135769  -46.804  41.737  11.250 0.0000000000
130588  -42.146  34.554  9.636 0.0000000000
118487  -46.752  20.012  19.015 0.0000000000
121253  -46.160  22.659  13.269 0.0000000000
137859  -33.347  44.794  8.018 0.0000000000
137893  -39.000  44.590  6.596 0.0000000000
137926  -44.778  44.698  5.107 0.0000000000
126486  -46.003  29.262  11.797 0.0000000000
132117  -42.684  36.839  15.760 0.0000000000
130538  -47.447  34.174  14.482 0.0000000000
126515  -47.612  29.653  9.125 0.0000000000
126526  -43.834  29.648  8.649 0.0000000000
125721  -38.645  28.600  7.144 0.0000000000
123565  -47.589  25.582  5.563 0.0000000000
139083  -44.762  46.285  9.411 0.0000000000
138452  -46.501  45.216  11.780 0.0000000000
137145  -44.554  43.578  11.112 0.0000000000
134383  -43.410  39.957  11.283 0.0000000000
122045  -47.782  23.345  16.860 0.0000000000
123508  -44.742  25.089  15.809 0.0000000000
139069  -31.435  45.795  10.463 0.0000000000
137909  -42.026  44.962  5.746 0.0000000000
127361  -43.054  29.922  11.801 0.0000000000
129758  -45.116  33.311  14.447 0.0000000000
135052  -37.371  40.806  12.572 0.0000000000
134372  -41.175  39.433  13.756 0.0000000000
133654  -48.224  38.591  11.715 0.0000000000
132899  -46.001  37.770  14.165 0.0000000000
131352  -48.279  35.570  11.841 0.0000000000
128961  -48.311  32.272  11.590 0.0000000000
128986  -48.121  32.829  9.724 0.0000000000
126528  -46.203  29.718  8.284 0.0000000000
128995  -45.862  32.614  9.243 0.0000000000
128994  -40.899  32.094  8.822 0.0000000000
137143  -41.221  44.090  11.606 0.0000000000
136448  -43.066  42.242  13.041 0.0000000000
137131  -44.478  44.506  12.792 0.0000000000
136465  -48.026  42.418  12.321 0.0000000000
134408  -47.929  38.986  9.778 0.0000000000
131398  -45.721  35.507  9.379 0.0000000000
132930  -45.146  38.016  10.031 0.0000000000
132164  -41.568  36.988  10.354 0.0000000000
119449  -48.917  20.577  17.271 0.0000000000
120395  -48.962  21.125  13.153 0.0000000000
121268  -48.453  22.169  10.500 0.0000000000
136439  -31.491  42.657  14.258 0.0000000000
136470  -33.819  42.252  11.455 0.0000000000
137156  -36.430  43.537  10.435 0.0000000000
137848  -38.785  44.620  9.402 0.0000000000
138490  -40.955  45.396  8.952 0.0000000000
139096  -43.787  46.233  6.906 0.0000000000
138521  -45.069  45.521  6.581 0.0000000000
136523  -46.973  43.663  5.092 0.0000000000
123528  -42.538  25.570  12.145 0.0000000000
123538  -45.400  25.318  10.587 0.0000000000
124255  -47.614  26.242  10.446 0.0000000000
130505  -44.778  34.529  19.586 0.0000000000
134359  -44.314  39.432  14.966 0.0000000000
132109  -46.009  35.919  17.199 0.0000000000
128879  -47.014  32.772  17.585 0.0000000000
128151  -47.247  31.822  13.770 0.0000000000
126488  -47.399  29.545  11.490 0.0000000000
124961  -48.304  27.306  9.023 0.0000000000
125743  -47.282  27.993  6.433 0.0000000000
125007  -44.752  27.752  6.013 0.0000000000
125749  -41.989  28.076  5.735 0.0000000000
128195  -42.858  31.881  9.531 0.0000000000
126537  -41.365  29.465  7.405 0.0000000000
125004  -39.680  27.340  6.112 0.0000000000
121290  -49.941  22.108  8.373 0.0000000000
122119  -49.187  23.308  7.206 0.0000000000
122885  -48.510  24.191  6.828 0.0000000000
137867  -44.435  45.266  8.507 0.0000000000
137832  -44.947  45.348  10.343 0.0000000000
137831  -44.004  44.611  9.893 0.0000000000
136494  -43.300  42.630  10.832 0.0000000000
129722  -44.731  33.344  16.911 0.0000000000
135750  -37.983  41.641  12.093 0.0000000000
132913  -48.597  37.240  10.808 0.0000000000
132909  -47.732  37.598  12.098 0.0000000000
131365  -48.482  35.448  11.093 0.0000000000
130565  -48.415  34.416  10.811 0.0000000000
130595  -47.868  34.112  9.503 0.0000000000
129811  -47.177  33.243  9.145 0.0000000000
130593  -46.967  34.533  9.383 0.0000000000
138448  -42.310  45.463  11.072 0.0000000000
137792  -42.975  44.493  12.162 0.0000000000
138438  -44.073  45.652  11.964 0.0000000000
137147  -46.826  43.831  11.601 0.0000000000
137814  -47.353  44.338  12.103 0.0000000000
135770  -47.712  41.626  11.261 0.0000000000
135066  -48.141  40.890  10.922 0.0000000000
135075  -47.170  40.492  10.553 0.0000000000
133669  -46.110  38.611  9.975 0.0000000000
134397  -45.826  39.641  10.659 0.0000000000
133666  -42.781  38.554  10.761 0.0000000000
122065  -46.693  23.395  15.644 0.0000000000
121251  -48.451  21.852  15.467 0.0000000000
121255  -47.623  21.844  13.981 0.0000000000
120399  -48.724  21.371  11.975 0.0000000000
121263  -47.610  21.976  11.801 0.0000000000
138475  -32.010  44.965  9.279 0.0000000000
137151  -31.780  43.700  10.889 0.0000000000
137166  -33.509  43.812  9.682 0.0000000000
136489  -34.497  42.849  10.761 0.0000000000
137167  -34.533  43.856  9.610 0.0000000000
137892  -37.777  44.655  6.469 0.0000000000
137863  -37.576  44.671  8.270 0.0000000000
137864  -38.617  44.706  8.486 0.0000000000
138489  -40.204  45.064  9.301 0.0000000000
137881  -40.539  44.949  7.368 0.0000000000
137925  -43.665  44.551  5.113 0.0000000000
138530  -42.845  45.551  5.987 0.0000000000
138532  -44.543  45.948  5.846 0.0000000000
139105  -44.762  45.901  6.725 0.0000000000
138533  -45.190  45.802  5.889 0.0000000000
137194  -45.715  44.273  5.876 0.0000000000
137928  -46.655  44.590  4.980 0.0000000000
128148  -39.355  31.818  13.082 0.0000000000
126466  -38.599  29.564  12.710 0.0000000000
125661  -40.310  28.218  12.220 0.0000000000
124239  -41.521  26.187  12.870 0.0000000000
124935  -41.294  27.621  11.888 0.0000000000
126485  -44.873  29.430  11.648 0.0000000000
125669  -44.000  28.372  11.075 0.0000000000
124951  -45.431  26.742  10.611 0.0000000000
123539  -46.260  25.274  10.443 0.0000000000
124940  -46.776  27.765  10.992 0.0000000000
131331  -42.587  35.538  16.917 0.0000000000
130504  -43.684  34.553  19.314 0.0000000000
131322  -43.985  35.320  17.908 0.0000000000
135739  -44.454  42.150  13.782 0.0000000000
135024  -43.800  40.526  14.286 0.0000000000
135026  -45.720  40.336  14.843 0.0000000000
131343  -46.652  35.687  14.542 0.0000000000
132120  -45.748  37.025  15.803 0.0000000000
130521  -46.863  34.719  16.554 0.0000000000
130514  -46.892  34.560  17.533 0.0000000000
129725  -47.836  33.017  16.507 0.0000000000
128902  -47.641  32.437  15.661 0.0000000000
129739  -48.268  32.404  14.918 0.0000000000
128185  -47.948  31.347  10.728 0.0000000000
128176  -47.891  31.248  11.949 0.0000000000
126502  -47.771  29.194  10.421 0.0000000000
124943  -48.054  28.084  10.492 0.0000000000
125713  -47.861  28.034  8.475 0.0000000000
124992  -48.115  27.559  7.016 0.0000000000
125712  -47.729  28.659  7.924 0.0000000000
126527  -45.063  29.534  8.425 0.0000000000
126541  -45.663  29.033  7.815 0.0000000000
125725  -43.785  28.335  7.549 0.0000000000
125750  -42.911  28.004  5.857 0.0000000000
125724  -42.792  28.615  7.274 0.0000000000
130590  -44.216  34.582  9.454 0.0000000000
129803  -44.754  33.710  9.498 0.0000000000
129801  -42.690  33.613  9.623 0.0000000000
127393  -39.507  30.708  8.144 0.0000000000
127395  -41.313  30.610  8.493 0.0000000000
126536  -40.422  29.518  7.198 0.0000000000
125736  -40.450  28.128  6.352 0.0000000000
125735  -39.360  28.269  6.748 0.0000000000
124280  -37.687  26.787  5.991 0.0000000000
118581  -50.019  19.925  10.045 0.0000000000
124319  -47.040  26.174  4.024 0.0000000000
139072  -44.492  46.411  9.882 0.0000000000
138450  -45.016  46.155  11.492 0.0000000000
139074  -45.420  46.097  10.767 0.0000000000
137811  -45.291  44.603  10.915 0.0000000000
136480  -45.091  42.758  11.524 0.0000000000
135063  -45.014  40.844  11.473 0.0000000000
135767  -44.492  41.740  11.562 0.0000000000
120338  -47.004  21.370  18.295 0.0000000000
121209  -45.967  23.051  17.210 0.0000000000
122843  -45.183  24.362  14.788 0.0000000000
139089  -32.892  46.125  8.006 0.0000000000
137908  -40.760  44.435  5.614 0.0000000000
137216  -44.859  43.496  3.900 0.0000000000
137217  -46.065  43.714  3.901 0.0000000000
127360  -42.025  29.734  11.757 0.0000000000
128160  -44.287  31.605  12.614 0.0000000000
128161  -45.547  31.823  13.085 0.0000000000
132896  -41.795  37.913  14.830 0.0000000000
135044  -47.318  40.707  13.401 0.0000000000
134374  -46.600  39.613  14.087 0.0000000000
133652  -46.805  38.216  12.961 0.0000000000
132135  -46.644  36.883  13.047 0.0000000000
131347  -47.246  35.462  13.606 0.0000000000
129760  -48.218  33.085  13.398 0.0000000000
130541  -48.297  33.740  12.690 0.0000000000
128968  -48.270  32.570  10.593 0.0000000000
128198  -47.683  31.498  9.822 0.0000000000
127401  -47.354  30.157  8.773 0.0000000000
128213  -47.324  31.150  9.051 0.0000000000
127399  -45.817  30.678  8.665 0.0000000000
127398  -44.476  30.780  9.007 0.0000000000
129800  -41.631  33.560  9.561 0.0000000000
128843  -43.692  32.533  20.968 0.0000000000
137142  -40.361  43.519  11.672 0.0000000000
136461  -40.666  42.649  12.158 0.0000000000
137129  -42.383  43.594  12.372 0.0000000000
136449  -43.876  42.884  13.443 0.0000000000
136451  -45.932  42.966  13.813 0.0000000000
137795  -45.952  45.203  12.584 0.0000000000
137121  -46.571  43.702  13.493 0.0000000000
136444  -47.312  41.988  13.889 0.0000000000
135057  -48.021  40.695  12.539 0.0000000000
134386  -48.497  39.546  11.287 0.0000000000
132956  -48.286  37.680  9.718 0.0000000000
131399  -46.643  35.474  9.395 0.0000000000
132954  -46.822  37.337  9.460 0.0000000000
132184  -45.250  36.419  9.516 0.0000000000
132183  -44.229  36.363  9.630 0.0000000000
133658  -44.627  39.345  11.159 0.0000000000
132928  -43.289  37.789  10.364 0.0000000000
121221  -48.464  22.243  17.061 0.0000000000
120388  -49.434  20.738  15.266 0.0000000000
119493  -49.625  20.276  12.554 0.0000000000
120408  -49.666  21.031  10.695 0.0000000000
121269  -49.423  21.590  10.038 0.0000000000
122104  -48.501  23.397  9.165 0.0000000000
135031  -32.684  40.885  13.486 0.0000000000
136456  -31.915  42.561  12.219 0.0000000000
135048  -33.877  40.952  12.718 0.0000000000
135761  -35.451  41.826  11.690 0.0000000000
135762  -36.364  41.980  11.612 0.0000000000
136474  -37.650  42.865  11.290 0.0000000000
137860  -34.464  44.487  7.971 0.0000000000
137845  -36.005  44.349  8.898 0.0000000000
137825  -37.209  44.280  9.875 0.0000000000
137158  -38.537  44.106  10.615 0.0000000000
137828  -39.898  44.743  10.304 0.0000000000
138477  -40.774  45.388  9.773 0.0000000000
138478  -41.767  45.725  9.524 0.0000000000
138516  -41.226  45.155  7.093 0.0000000000
138504  -42.008  45.707  7.584 0.0000000000
139081  -43.663  46.657  8.573 0.0000000000
139091  -44.278  46.550  8.124 0.0000000000
138506  -44.646  45.752  8.074 0.0000000000
137187  -45.187  44.571  6.367 0.0000000000
136522  -46.285  43.545  5.498 0.0000000000
137219  -47.622  43.491  4.085 0.0000000000
122841  -43.607  24.944  13.942 0.0000000000
122846  -44.253  24.150  13.307 0.0000000000
125668  -42.738  28.227  11.301 0.0000000000
123530  -44.024  25.130  11.184 0.0000000000
122088  -45.350  23.401  11.552 0.0000000000
122094  -46.227  23.485  10.882 0.0000000000
122862  -47.547  24.378  9.994 0.0000000000
123547  -48.367  25.390  9.541 0.0000000000
128852  -45.043  32.736  20.405 0.0000000000
135040  -41.612  40.686  13.320 0.0000000000
134358  -43.203  39.460  14.463 0.0000000000
133620  -43.745  38.297  15.404 0.0000000000
134349  -45.685  39.105  15.398 0.0000000000
133611  -45.287  38.025  16.280 0.0000000000
132107  -44.704  36.294  16.992 0.0000000000
131324  -45.550  35.463  17.763 0.0000000000
129690  -46.188  33.331  19.083 0.0000000000
128877  -45.617  32.614  18.432 0.0000000000
129737  -46.260  32.614  16.569 0.0000000000
128933  -46.404  32.280  14.138 0.0000000000
127346  -46.577  30.799  12.758 0.0000000000
128935  -48.048  32.085  13.649 0.0000000000
127347  -47.355  30.779  12.595 0.0000000000
126487  -46.808  29.322  11.714 0.0000000000
124941  -47.481  27.871  10.899 0.0000000000
124262  -48.440  26.390  9.400 0.0000000000
123553  -48.468  25.356  8.692 0.0000000000
124272  -48.065  26.463  7.378 0.0000000000
124283  -47.088  26.326  5.799 0.0000000000
125026  -45.942  27.160  5.124 0.0000000000
126542  -46.576  29.071  7.641 0.0000000000
125008  -45.725  27.654  6.120 0.0000000000
125033  -44.710  27.461  4.385 0.0000000000
125032  -43.839  27.344  4.679 0.0000000000
125030  -42.337  27.105  4.835 0.0000000000
129804  -45.694  33.750  9.407 0.0000000000
128197  -44.743  32.214  9.441 0.0000000000
127397  -43.202  30.464  8.941 0.0000000000
128194  -41.806  31.801  9.234 0.0000000000
127396  -42.181  30.440  8.756 0.0000000000
126538  -42.303  29.286  7.704 0.0000000000
125737  -41.446  28.407  6.337 0.0000000000
125020  -40.573  27.297  5.628 0.0000000000
122112  -49.750  22.639  7.538 0.0000000000
122879  -48.499  24.219  7.940 0.0000000000
137850  -43.905  44.670  8.971 0.0000000000
129721  -43.616  33.315  17.202 0.0000000000
129708  -44.107  32.961  17.798 0.0000000000
136459  -38.797  42.291  11.851 0.0000000000
135751  -39.054  41.611  12.313 0.0000000000
135752  -40.096  41.614  12.412 0.0000000000
132931  -48.519  37.408  10.181 0.0000000000
132165  -48.575  36.389  10.481 0.0000000000
131381  -48.211  35.346  10.339 0.0000000000
131401  -47.677  34.952  9.937 0.0000000000
130594  -47.609  34.232  9.433 0.0000000000
131400  -47.366  35.340  9.555 0.0000000000
138463  -42.840  45.978  10.233 0.0000000000
137810  -43.315  45.163  11.910 0.0000000000
138449  -43.706  45.899  11.477 0.0000000000
136481  -46.289  42.811  11.529 0.0000000000
136482  -47.309  42.689  11.619 0.0000000000
135776  -47.327  41.228  10.870 0.0000000000
135065  -46.883  41.099  10.830 0.0000000000
135074  -46.487  40.118  10.554 0.0000000000
135064  -46.133  40.765  10.933 0.0000000000
118488  -47.407  20.091  19.149 0.0000000000
122078  -46.364  23.140  14.644 0.0000000000
121249  -47.132  22.578  14.814 0.0000000000
121254  -46.741  22.392  13.773 0.0000000000
121259  -47.384  21.707  12.945 0.0000000000
121258  -46.645  22.275  12.667 0.0000000000
137858  -32.673  44.955  8.480 0.0000000000
137842  -32.620  44.412  9.223 0.0000000000
137843  -33.904  44.228  8.889 0.0000000000
137906  -38.394  44.168  5.340 0.0000000000
137879  -38.296  44.794  7.482 0.0000000000
137880  -39.682  44.824  7.743 0.0000000000
137911  -44.162  45.325  5.482 0.0000000000
137912  -45.104  45.300  5.570 0.0000000000
137913  -45.740  44.807  5.507 0.0000000000
137927  -45.807  44.753  5.041 0.0000000000
128927  -40.013  32.386  13.375 0.0000000000
128156  -39.893  31.372  12.695 0.0000000000
127339  -39.235  30.434  12.555 0.0000000000
127340  -40.138  30.358  12.241 0.0000000000
126481  -40.779  28.757  11.879 0.0000000000
125670  -45.292  28.461  11.145 0.0000000000
124939  -45.823  27.628  10.868 0.0000000000
125671  -46.352  28.497  11.354 0.0000000000
132883  -42.186  37.331  15.241 0.0000000000
132105  -42.145  36.143  16.252 0.0000000000
131332  -43.705  35.621  17.180 0.0000000000
132106  -43.397  36.356  16.419 0.0000000000
135728  -45.509  41.338  14.458 0.0000000000
135727  -44.496  41.326  14.182 0.0000000000
130537  -47.021  34.932  14.699 0.0000000000
131339  -45.933  35.806  15.937 0.0000000000
130530  -46.816  34.801  15.374 0.0000000000
130531  -47.466  33.810  15.942 0.0000000000
129738  -48.192  32.894  15.298 0.0000000000
127375  -47.666  30.773  10.166 0.0000000000
127376  -47.768  30.134  10.648 0.0000000000
126501  -47.593  29.876  9.935 0.0000000000
126516  -47.727  28.996  9.682 0.0000000000
125696  -47.663  28.802  8.836 0.0000000000
126530  -47.456  29.315  8.406 0.0000000000
125710  -44.295  28.865  8.203 0.0000000000
125711  -44.868  28.922  8.098 0.0000000000
125739  -43.309  28.126  6.673 0.0000000000
126539  -43.255  28.979  8.083 0.0000000000
130589  -43.188  34.564  9.540 0.0000000000
129802  -43.737  33.667  9.557 0.0000000000
127405  -39.057  30.032  7.756 0.0000000000
127406  -39.947  30.191  7.551 0.0000000000
126535  -39.411  29.281  7.255 0.0000000000
126547  -39.524  28.780  6.986 0.0000000000
124988  -38.438  28.122  6.879 0.0000000000
124987  -37.885  28.093  7.010 0.0000000000
119533  -50.462  20.375  9.772 0.0000000000
123572  -47.512  25.559  4.712 0.0000000000
139073  -45.104  46.167  10.333 0.0000000000
137162  -44.501  44.307  10.523 0.0000000000
137146  -45.751  43.810  11.375 0.0000000000
136479  -43.874  42.658  11.301 0.0000000000
136478  -43.093  42.034  11.057 0.0000000000
120344  -44.897  22.031  17.162 0.0000000000
122831  -46.009  24.170  15.989 0.0000000000
122830  -45.278  24.573  15.591 0.0000000000
139088  -32.296  46.465  8.575 0.0000000000
137202  -43.087  43.830  4.528 0.0000000000
136537  -44.250  42.624  3.313 0.0000000000
129747  -44.620  33.648  14.892 0.0000000000
128931  -44.193  32.843  13.501 0.0000000000
128948  -44.841  32.309  13.125 0.0000000000
128949  -45.391  32.271  13.354 0.0000000000
135051  -36.371  40.762  12.645 0.0000000000
134356  -41.584  39.125  14.024 0.0000000000
134378  -47.499  39.855  12.820 0.0000000000
133648  -47.153  39.301  13.079 0.0000000000
133653  -47.402  38.739  12.570 0.0000000000
132137  -48.036  36.541  11.947 0.0000000000
132136  -47.293  36.541  12.685 0.0000000000
131351  -47.807  35.562  12.554 0.0000000000
130540  -47.925  34.364  13.094 0.0000000000
130551  -48.191  34.982  12.373 0.0000000000
129789  -48.306  33.532  10.300 0.0000000000
129781  -48.498  33.381  11.244 0.0000000000
128199  -47.990  32.111  10.101 0.0000000000
128985  -47.831  32.252  9.716 0.0000000000
128997  -47.505  32.464  9.262 0.0000000000
128996  -46.514  32.650  9.137 0.0000000000
128212  -46.652  31.577  8.857 0.0000000000
128211  -45.519  31.868  9.128 0.0000000000
137128  -41.314  43.420  12.001 0.0000000000
137130  -43.585  43.737  12.804 0.0000000000
137119  -44.543  43.713  13.234 0.0000000000
136450  -44.941  42.982  13.715 0.0000000000
137120  -45.626  43.793  13.478 0.0000000000
138451  -45.743  45.724  11.411 0.0000000000
138440  -45.510  45.766  12.055 0.0000000000
138441  -46.267  45.535  12.047 0.0000000000
137132  -47.659  43.388  12.709 0.0000000000
137781  -47.110  44.203  13.041 0.0000000000
136452  -46.805  42.867  13.777 0.0000000000
136453  -47.528  42.507  13.411 0.0000000000
135755  -47.760  41.618  12.878 0.0000000000
135756  -48.304  41.501  12.167 0.0000000000
135077  -48.259  40.288  10.691 0.0000000000
135067  -48.367  40.403  11.061 0.0000000000
134400  -48.397  39.462  10.350 0.0000000000
133671  -48.425  38.324  10.072 0.0000000000
133687  -48.051  38.240  9.626 0.0000000000
132955  -47.740  37.403  9.402 0.0000000000
133686  -47.191  38.336  9.657 0.0000000000
132953  -45.826  37.450  9.611 0.0000000000
132952  -44.733  37.233  9.777 0.0000000000
135062  -43.948  40.784  11.514 0.0000000000
134384  -44.491  39.952  11.359 0.0000000000
133657  -44.063  39.255  11.150 0.0000000000
132927  -42.260  37.601  10.360 0.0000000000
121211  -47.545  22.109  17.884 0.0000000000
121203  -47.870  21.932  18.065 0.0000000000
122036  -48.216  22.662  17.353 0.0000000000
120386  -48.588  21.517  14.791 0.0000000000
120387  -48.975  21.269  15.162 0.0000000000
120391  -48.954  21.052  14.165 0.0000000000
120392  -49.368  20.663  14.379 0.0000000000
120396  -49.313  20.626  13.342 0.0000000000
120400  -49.502  20.817  12.202 0.0000000000
121264  -48.392  21.679  11.310 0.0000000000
120407  -48.816  21.479  11.090 0.0000000000
121277  -48.626  22.660  9.541 0.0000000000
136434  -31.631  43.019  15.050 0.0000000000
136435  -32.056  42.496  15.274 0.0000000000
135725  -31.972  41.833  14.511 0.0000000000
135021  -32.506  40.856  14.089 0.0000000000
135734  -32.185  41.409  13.500 0.0000000000
139060  -31.399  46.012  11.636 0.0000000000
138446  -31.109  45.070  11.363 0.0000000000
136469  -32.706  42.831  11.311 0.0000000000
136468  -32.022  42.993  11.577 0.0000000000
136457  -32.965  42.088  12.021 0.0000000000
135745  -33.387  41.357  12.498 0.0000000000
135759  -33.885  41.651  11.975 0.0000000000
135747  -35.005  41.348  12.305 0.0000000000
135760  -34.554  41.733  11.792 0.0000000000
136490  -35.505  42.895  10.752 0.0000000000
136472  -35.867  42.427  11.170 0.0000000000
136491  -36.142  42.891  10.817 0.0000000000
136473  -36.726  42.793  11.054 0.0000000000
137139  -37.226  43.299  10.818 0.0000000000
137861  -35.529  44.639  8.050 0.0000000000
137862  -36.556  44.678  8.144 0.0000000000
137847  -37.880  44.464  9.182 0.0000000000
137826  -38.135  44.450  10.023 0.0000000000
137827  -39.009  44.583  10.155 0.0000000000
137159  -39.307  44.294  10.668 0.0000000000
138502  -40.277  45.000  8.562 0.0000000000
137895  -41.290  44.995  6.343 0.0000000000
138518  -43.355  45.915  6.451 0.0000000000
138517  -42.247  45.481  6.638 0.0000000000
138505  -42.965  46.109  7.212 0.0000000000
138492  -42.800  46.337  8.090 0.0000000000
139090  -43.660  46.517  7.679 0.0000000000
139106  -45.078  45.740  6.457 0.0000000000
139098  -44.559  46.099  7.663 0.0000000000
138520  -44.697  45.550  7.190 0.0000000000
137896  -44.951  44.938  6.820 0.0000000000
137195  -46.597  44.257  5.302 0.0000000000
136527  -46.746  42.951  4.991 0.0000000000
137218  -47.097  43.749  3.959 0.0000000000
124234  -41.079  26.669  14.313 0.0000000000
124240  -42.068  25.936  12.343 0.0000000000
123524  -41.925  25.900  13.466 0.0000000000
123522  -42.924  25.264  13.431 0.0000000000
122845  -43.556  24.694  12.892 0.0000000000
127342  -42.520  30.596  12.000 0.0000000000
126483  -42.415  29.052  11.551 0.0000000000
124251  -44.359  26.154  10.605 0.0000000000
124244  -43.496  26.275  10.869 0.0000000000
123537  -44.579  25.329  10.761 0.0000000000
122852  -44.560  24.427  11.310 0.0000000000
122853  -45.233  23.955  11.079 0.0000000000
122093  -45.582  23.777  11.008 0.0000000000
122860  -45.586  24.397  10.702 0.0000000000
123540  -47.174  25.314  10.295 0.0000000000
123541  -47.921  25.380  10.051 0.0000000000
122863  -48.152  24.406  9.593 0.0000000000
129664  -45.309  32.917  21.638 0.0000000000
135754  -42.310  42.092  12.678 0.0000000000
135753  -41.368  41.489  12.659 0.0000000000
135737  -42.332  41.400  13.145 0.0000000000
135023  -42.835  40.142  14.033 0.0000000000
133635  -43.530  38.758  14.901 0.0000000000
133636  -44.101  38.732  15.226 0.0000000000
133637  -46.206  38.725  14.552 0.0000000000
134361  -46.138  39.538  14.893 0.0000000000
132888  -45.809  37.843  15.107 0.0000000000
131334  -45.957  36.328  16.730 0.0000000000
132875  -45.454  37.616  16.306 0.0000000000
132108  -45.562  36.616  16.866 0.0000000000
132874  -44.996  37.607  16.428 0.0000000000
132096  -45.317  35.976  17.360 0.0000000000
132097  -45.750  35.813  17.372 0.0000000000
129692  -47.122  33.384  17.958 0.0000000000
130507  -46.519  34.027  18.377 0.0000000000
129691  -46.825  33.212  18.269 0.0000000000
128862  -46.444  32.958  18.794 0.0000000000
128878  -46.495  32.797  18.194 0.0000000000
129723  -45.883  32.701  17.122 0.0000000000
128890  -46.613  32.610  17.231 0.0000000000
128914  -47.618  32.084  14.644 0.0000000000
128913  -46.858  32.298  14.688 0.0000000000
128135  -47.128  32.072  14.233 0.0000000000
128150  -46.520  31.988  13.796 0.0000000000
127333  -46.800  31.439  13.291 0.0000000000
128950  -48.343  32.088  12.673 0.0000000000
127364  -47.768  30.343  11.325 0.0000000000
128175  -47.655  30.925  12.428 0.0000000000
126473  -47.164  30.001  12.055 0.0000000000
125672  -47.134  28.589  11.316 0.0000000000
125673  -47.638  28.636  11.049 0.0000000000
124955  -48.321  27.479  10.126 0.0000000000
124267  -48.342  26.375  8.394 0.0000000000
123559  -48.264  25.330  7.645 0.0000000000
125744  -47.933  27.875  6.581 0.0000000000
125011  -47.820  27.427  6.674 0.0000000000
125010  -47.367  27.270  6.427 0.0000000000
124298  -46.552  26.762  5.323 0.0000000000
125009  -46.565  27.178  6.015 0.0000000000
126529  -47.017  29.618  8.244 0.0000000000
124989  -45.257  27.824  6.808 0.0000000000
124990  -45.758  27.926  6.671 0.0000000000
125025  -45.160  27.482  5.188 0.0000000000
125024  -44.273  27.494  5.272 0.0000000000
125022  -42.542  27.576  5.290 0.0000000000
124313  -41.779  26.522  4.601 0.0000000000
125021  -41.602  27.373  5.240 0.0000000000
130592  -46.160  34.591  9.369 0.0000000000
130591  -45.218  34.604  9.397 0.0000000000
128982  -44.307  32.842  9.629 0.0000000000
128196  -43.924  31.972  9.498 0.0000000000
127386  -44.129  31.403  9.249 0.0000000000
127385  -43.521  31.263  9.236 0.0000000000
128979  -41.115  32.461  9.163 0.0000000000
128193  -41.332  31.976  9.008 0.0000000000
127407  -40.865  30.076  7.838 0.0000000000
126524  -41.743  29.855  8.198 0.0000000000
126525  -42.728  29.728  8.459 0.0000000000
125723  -41.860  28.846  6.991 0.0000000000
126549  -40.926  28.918  6.793 0.0000000000
125005  -40.350  27.618  6.045 0.0000000000
125019  -39.972  26.909  5.604 0.0000000000
124296  -40.240  26.587  5.147 0.0000000000
120444  -50.000  21.608  9.004 0.0000000000
121305  -50.218  21.836  7.292 0.0000000000
122131  -49.062  22.867  6.053 0.0000000000
138493  -44.770  45.939  8.945 0.0000000000
138480  -44.971  45.966  9.779 0.0000000000
137851  -44.485  45.430  9.404 0.0000000000
137144  -43.945  43.237  11.046 0.0000000000
137161  -43.545  43.370  10.464 0.0000000000
130529  -44.002  33.800  16.306 0.0000000000
129735  -44.858  33.683  15.802 0.0000000000
135053  -38.389  40.853  12.589 0.0000000000
135039  -40.633  40.256  13.288 0.0000000000
132910  -48.359  37.482  11.429 0.0000000000
132145  -48.482  36.467  11.257 0.0000000000
130575  -48.041  34.329  10.086 0.0000000000
129807  -48.088  33.645  9.583 0.0000000000
128998  -47.990  33.275  9.259 0.0000000000
130600  -47.788  33.875  9.052 0.0000000000
129806  -47.266  33.846  9.255 0.0000000000
129805  -46.581  33.670  9.300 0.0000000000
137808  -41.650  44.847  11.254 0.0000000000
137791  -42.026  44.243  11.843 0.0000000000
137809  -42.656  45.035  11.632 0.0000000000
137813  -47.024  44.552  11.798 0.0000000000
137148  -47.669  43.575  11.940 0.0000000000
136483  -47.903  42.323  11.787 0.0000000000
135771  -48.241  41.450  11.585 0.0000000000
135076  -47.998  40.346  10.494 0.0000000000
134399  -47.687  39.718  10.088 0.0000000000
134407  -47.319  39.138  9.832 0.0000000000
134398  -46.783  39.558  10.138 0.0000000000
133668  -44.876  38.803  10.724 0.0000000000
134395  -43.265  39.188  11.067 0.0000000000
119440  -48.754  20.185  18.432 0.0000000000
122066  -47.337  23.230  16.240 0.0000000000
121242  -48.004  22.583  16.071 0.0000000000
121241  -47.418  22.754  15.616 0.0000000000
121250  -47.949  22.038  15.013 0.0000000000
120394  -48.184  21.384  13.091 0.0000000000
120398  -47.979  21.535  12.435 0.0000000000
121267  -47.047  22.764  11.065 0.0000000000
137117  -30.995  43.641  13.552 0.0000000000
138474  -31.599  45.101  9.740 0.0000000000
138459  -31.311  44.866  10.507 0.0000000000
137823  -31.875  44.274  10.156 0.0000000000
137152  -32.449  43.535  10.547 0.0000000000
136488  -33.527  42.939  10.775 0.0000000000
137154  -34.060  43.395  10.247 0.0000000000
137155  -35.102  43.465  10.278 0.0000000000
137168  -35.588  43.953  9.625 0.0000000000
137891  -36.689  44.811  6.413 0.0000000000
137878  -37.173  44.899  7.348 0.0000000000
137849  -39.573  44.845  9.669 0.0000000000
137865  -39.527  44.790  8.857 0.0000000000
138503  -40.972  45.163  7.980 0.0000000000
137924  -42.557  44.402  5.131 0.0000000000
137910  -43.138  45.131  5.557 0.0000000000
138531  -43.663  45.764  5.847 0.0000000000
139103  -43.902  46.139  6.456 0.0000000000
139097  -44.283  46.272  7.259 0.0000000000
139104  -44.427  46.107  6.426 0.0000000000
139111  -45.001  46.070  6.179 0.0000000000
138534  -45.292  45.652  6.175 0.0000000000
137897  -45.454  45.052  6.263 0.0000000000
137914  -46.817  44.494  4.966 0.0000000000
137929  -46.953  44.417  4.845 0.0000000000
129742  -39.048  33.106  14.461 0.0000000000
128926  -39.115  32.307  13.481 0.0000000000
128147  -38.706  31.721  13.181 0.0000000000
124238  -41.006  26.546  13.460 0.0000000000
124932  -40.735  27.197  12.542 0.0000000000
124933  -41.489  26.736  12.367 0.0000000000
124936  -41.901  27.206  11.791 0.0000000000
127362  -44.170  30.084  11.949 0.0000000000
126484  -43.538  29.227  11.479 0.0000000000
124938  -44.522  27.223  10.672 0.0000000000
124252  -45.077  26.022  10.544 0.0000000000
124253  -45.906  26.069  10.599 0.0000000000
124952  -46.360  26.912  10.698 0.0000000000
124953  -47.206  27.029  10.718 0.0000000000
131321  -42.808  35.056  17.931 0.0000000000
131310  -43.429  34.875  18.479 0.0000000000
131311  -44.443  34.954  18.612 0.0000000000
135738  -43.559  41.427  13.671 0.0000000000
135726  -43.966  41.082  14.034 0.0000000000
135025  -44.814  40.525  14.788 0.0000000000
135017  -45.064  39.861  15.310 0.0000000000
132130  -45.882  36.883  14.129 0.0000000000
132127  -45.891  36.820  14.686 0.0000000000
131335  -46.446  35.528  17.072 0.0000000000
130522  -47.480  33.842  17.076 0.0000000000
129712  -47.320  33.128  17.545 0.0000000000
128891  -47.280  32.686  16.826 0.0000000000
128915  -48.029  32.219  14.552 0.0000000000
126489  -47.807  29.378  11.010 0.0000000000
125674  -47.884  28.580  10.703 0.0000000000
125684  -48.006  28.399  10.201 0.0000000000
125697  -47.995  28.155  9.436 0.0000000000
124975  -48.001  27.292  7.995 0.0000000000
124974  -47.949  28.032  7.551 0.0000000000
125729  -47.802  28.352  7.037 0.0000000000
126540  -45.151  28.962  8.016 0.0000000000
125726  -44.930  28.405  7.639 0.0000000000
125740  -44.288  27.813  6.870 0.0000000000
125006  -43.800  27.696  6.025 0.0000000000
125738  -42.382  28.390  6.452 0.0000000000
131397  -44.722  35.494  9.462 0.0000000000
128981  -43.283  32.747  9.698 0.0000000000
127394  -40.451  30.773  8.220 0.0000000000
126548  -40.014  28.850  6.839 0.0000000000
124281  -38.679  26.830  5.934 0.0000000000
125003  -38.488  27.585  6.576 0.0000000000
118575  -49.649  20.152  10.837 0.0000000000
139062  -44.685  46.372  10.770 0.0000000000
139063  -45.356  46.229  10.971 0.0000000000
138465  -45.200  45.925  10.307 0.0000000000
137833  -45.543  45.268  10.847 0.0000000000
137812  -46.118  44.952  11.314 0.0000000000
135768  -45.640  41.789  11.496 0.0000000000
135766  -43.519  41.558  11.395 0.0000000000
119437  -46.261  20.861  18.375 0.0000000000
120346  -46.911  21.832  17.921 0.0000000000
122034  -46.993  23.447  17.236 0.0000000000
121219  -45.294  23.358  16.757 0.0000000000
122033  -46.406  23.648  16.989 0.0000000000
122044  -46.654  23.731  16.570 0.0000000000
122064  -45.839  23.865  15.229 0.0000000000
122077  -45.654  23.566  14.345 0.0000000000
139080  -31.889  46.718  9.829 0.0000000000
139079  -31.700  45.896  9.408 0.0000000000
138487  -32.235  45.333  8.782 0.0000000000
138488  -32.752  45.550  8.193 0.0000000000
137907  -39.585  44.292  5.772 0.0000000000
137203  -44.242  44.084  4.455 0.0000000000
137204  -45.431  44.275  4.464 0.0000000000
136538  -45.457  42.838  3.364 0.0000000000
128947  -43.667  32.217  12.911 0.0000000000
127343  -43.660  30.772  12.159 0.0000000000
127344  -44.772  30.909  12.381 0.0000000000
126470  -45.091  30.239  12.207 0.0000000000
126471  -45.838  30.008  12.352 0.0000000000
135028  -47.145  41.126  13.865 0.0000000000
135027  -46.694  40.570  14.217 0.0000000000
135043  -46.900  40.188  13.797 0.0000000000
133647  -46.720  38.740  13.539 0.0000000000
132904  -46.389  37.592  13.352 0.0000000000
132908  -46.982  37.604  12.685 0.0000000000
131346  -46.802  36.021  13.834 0.0000000000
129749  -48.155  33.261  14.341 0.0000000000
129759  -47.967  33.703  13.838 0.0000000000
129770  -48.369  33.142  12.267 0.0000000000
130552  -48.431  34.389  11.939 0.0000000000
128184  -47.756  31.209  10.259 0.0000000000
127387  -47.530  30.543  9.432 0.0000000000
127400  -46.802  30.510  8.596 0.0000000000
128993  -40.471  32.119  8.796 0.0000000000
128207  -40.027  31.470  8.484 0.0000000000
126534  -38.393  29.416  7.720 0.0000000000
136477  -40.008  42.899  11.980 0.0000000000
136462  -41.792  42.689  12.435 0.0000000000
136463  -42.757  42.871  12.690 0.0000000000
136441  -45.276  42.182  14.089 0.0000000000
136442  -46.206  42.188  14.216 0.0000000000
138439  -44.560  45.760  12.029 0.0000000000
137794  -44.977  45.272  12.553 0.0000000000
137779  -45.338  44.554  13.008 0.0000000000
137796  -46.852  44.811  12.369 0.0000000000
137780  -46.319  44.510  13.124 0.0000000000
135730  -47.050  41.502  14.087 0.0000000000
135740  -47.395  41.610  13.618 0.0000000000
134379  -48.221  39.684  12.177 0.0000000000
135058  -48.455  40.594  11.791 0.0000000000
133659  -48.583  38.326  10.801 0.0000000000
132186  -47.238  36.398  9.393 0.0000000000
132185  -46.268  36.440  9.386 0.0000000000
133685  -46.499  37.938  9.669 0.0000000000
131396  -43.708  35.479  9.570 0.0000000000
134385  -45.327  40.120  11.199 0.0000000000
134396  -45.065  39.515  11.142 0.0000000000
133667  -43.752  38.550  10.770 0.0000000000
132929  -44.265  37.893  10.298 0.0000000000
119438  -47.305  20.672  18.715 0.0000000000
120340  -48.251  21.299  18.220 0.0000000000
120348  -48.516  21.269  17.560 0.0000000000
121243  -48.600  21.895  16.152 0.0000000000
120358  -48.793  21.149  16.620 0.0000000000
120359  -49.051  20.692  16.479 0.0000000000
119484  -49.505  20.189  13.635 0.0000000000
118567  -49.653  19.955  11.878 0.0000000000
119504  -49.714  20.384  11.391 0.0000000000
119516  -50.117  20.359  10.210 0.0000000000
120409  -50.253  20.587  10.094 0.0000000000
120425  -49.992  21.319  9.598 0.0000000000
121278  -49.380  21.991  9.410 0.0000000000
121289  -48.970  22.567  8.884 0.0000000000
137125  -30.709  43.611  13.007 0.0000000000
137136  -31.430  43.362  11.606 0.0000000000
137126  -30.945  43.271  12.578 0.0000000000
135743  -31.718  41.914  13.016 0.0000000000
135744  -32.448  41.677  12.669 0.0000000000
135032  -33.494  40.468  13.406 0.0000000000
135033  -34.810  40.190  13.255 0.0000000000
135050  -35.400  40.754  12.714 0.0000000000
135748  -35.917  41.399  12.234 0.0000000000
136471  -34.957  42.313  11.250 0.0000000000
135749  -36.885  41.449  12.118 0.0000000000
135763  -37.285  42.168  11.614 0.0000000000
135764  -38.055  42.374  11.647 0.0000000000
136475  -38.523  42.964  11.482 0.0000000000
137844  -35.009  44.281  8.874 0.0000000000
137169  -36.439  44.108  9.586 0.0000000000
137846  -36.950  44.304  8.978 0.0000000000
137157  -37.603  43.894  10.466 0.0000000000
137140  -38.105  43.503  11.012 0.0000000000
137141  -39.162  43.687  11.203 0.0000000000
137806  -40.010  44.248  10.978 0.0000000000
137807  -40.809  44.401  11.219 0.0000000000
138461  -40.474  45.094  10.236 0.0000000000
137830  -41.127  44.818  10.924 0.0000000000
138462  -41.451  45.311  10.545 0.0000000000
137894  -40.288  44.759  6.656 0.0000000000
138491  -41.883  45.786  8.529 0.0000000000
138479  -42.802  46.234  9.076 0.0000000000
139071  -43.744  46.546  9.526 0.0000000000
139082  -44.366  46.622  9.001 0.0000000000
139092  -44.604  46.281  8.559 0.0000000000
137193  -45.020  44.034  6.225 0.0000000000
137205  -46.476  44.306  4.518 0.0000000000
137206  -47.122  44.107  4.666 0.0000000000
124220  -43.905  26.193  15.114 0.0000000000
124235  -41.814  26.199  13.947 0.0000000000
123517  -43.114  25.736  14.282 0.0000000000
123518  -44.004  25.752  14.754 0.0000000000
122842  -44.396  24.668  14.385 0.0000000000
122076  -44.931  23.846  13.947 0.0000000000
122080  -44.837  23.458  13.136 0.0000000000
127359  -41.446  29.569  11.791 0.0000000000
125667  -41.754  28.167  11.574 0.0000000000
124243  -42.552  26.263  11.663 0.0000000000
124937  -43.099  27.264  11.049 0.0000000000
123529  -43.311  25.403  11.532 0.0000000000
122848  -43.650  24.709  11.934 0.0000000000
122084  -44.606  23.532  12.385 0.0000000000
121257  -45.893  22.730  12.582 0.0000000000
121262  -46.300  22.701  11.742 0.0000000000
121266  -46.396  22.994  11.224 0.0000000000
122095  -47.339  23.400  10.400 0.0000000000
122861  -46.651  24.346  10.287 0.0000000000
122096  -48.105  23.387  9.866 0.0000000000
122872  -48.533  24.329  8.913 0.0000000000
128838  -45.021  32.525  22.134 0.0000000000
128844  -44.606  32.621  21.237 0.0000000000
128860  -44.948  32.571  19.403 0.0000000000
135041  -42.612  40.724  13.616 0.0000000000
134373  -42.081  40.055  13.741 0.0000000000
134357  -42.126  39.345  14.116 0.0000000000
133634  -42.531  38.603  14.651 0.0000000000
132897  -42.529  37.955  15.062 0.0000000000
132118  -43.474  37.186  15.983 0.0000000000
134360  -45.664  39.617  15.214 0.0000000000
134348  -45.272  39.266  15.531 0.0000000000
132887  -45.650  37.794  15.861 0.0000000000
133622  -45.405  38.417  15.885 0.0000000000
133621  -44.662  38.525  15.770 0.0000000000
132886  -44.497  37.814  16.133 0.0000000000
132873  -44.211  37.199  16.315 0.0000000000
131333  -44.395  35.694  17.445 0.0000000000
131323  -44.936  35.593  17.770 0.0000000000
131312  -45.456  34.950  18.596 0.0000000000
131325  -46.115  35.136  17.851 0.0000000000
131313  -45.973  34.572  18.618 0.0000000000
130506  -45.675  34.037  19.532 0.0000000000
128861  -45.813  32.838  19.417 0.0000000000
128876  -44.573  32.667  18.537 0.0000000000
129709  -45.135  32.784  17.771 0.0000000000
129736  -45.880  32.974  16.112 0.0000000000
129748  -45.528  33.338  15.033 0.0000000000
128901  -46.672  32.446  16.161 0.0000000000
128912  -46.261  32.753  15.300 0.0000000000
128932  -45.668  32.636  13.945 0.0000000000
128149  -45.930  32.108  13.621 0.0000000000
128162  -46.275  31.393  13.060 0.0000000000
129750  -48.227  32.595  14.430 0.0000000000
128934  -47.672  32.065  14.002 0.0000000000
128164  -47.881  31.226  12.854 0.0000000000
127334  -47.222  31.249  13.132 0.0000000000
126472  -46.658  29.981  12.283 0.0000000000
124954  -47.877  27.164  10.562 0.0000000000
124942  -47.928  27.958  10.704 0.0000000000
124256  -48.254  26.337  10.168 0.0000000000
123566  -47.860  25.428  6.390 0.0000000000
124284  -47.666  26.736  6.690 0.0000000000
124299  -46.863  26.316  4.843 0.0000000000
124318  -46.265  26.853  4.339 0.0000000000
126543  -47.336  28.958  7.666 0.0000000000
125728  -46.970  28.536  6.986 0.0000000000
125727  -45.969  28.346  7.079 0.0000000000
125741  -45.999  27.963  6.606 0.0000000000
125742  -46.450  27.987  6.510 0.0000000000
125034  -45.600  27.225  4.330 0.0000000000
125038  -45.266  27.317  3.931 0.0000000000
124330  -44.761  27.094  3.684 0.0000000000
124316  -44.107  27.273  4.078 0.0000000000
125023  -43.396  27.532  5.329 0.0000000000
125031  -43.057  27.225  4.790 0.0000000000
128984  -46.021  33.100  9.326 0.0000000000
128983  -45.301  32.855  9.453 0.0000000000
128210  -44.574  31.627  9.291 0.0000000000
128209  -41.762  31.111  8.895 0.0000000000
127384  -42.535  31.137  9.149 0.0000000000
125748  -41.102  27.899  5.828 0.0000000000
118580  -49.488  19.866  10.473 0.0000000000
119448  -45.695  21.064  18.036 0.0000000000
119450  -49.169  19.928  17.623 0.0000000000
119459  -48.993  20.668  16.734 0.0000000000
119517  -50.407  20.455  9.949 0.0000000000
119532  -50.379  20.104  9.637 0.0000000000
119546  -50.474  20.488  9.261 0.0000000000
120337  -46.557  21.449  18.068 0.0000000000
120339  -47.700  21.478  18.302 0.0000000000
120347  -47.303  21.720  18.119 0.0000000000
120378  -49.036  21.170  15.830 0.0000000000
120379  -49.171  20.694  16.031 0.0000000000
120390  -48.413  21.454  14.053 0.0000000000
120426  -50.388  20.720  9.756 0.0000000000
121204  -48.030  21.765  18.153 0.0000000000
121208  -45.180  22.837  16.898 0.0000000000
121210  -46.906  22.591  17.598 0.0000000000
121212  -48.154  22.113  17.785 0.0000000000
121220  -48.331  22.766  16.725 0.0000000000
121261  -45.632  22.860  12.043 0.0000000000
122035  -47.773  22.891  17.446 0.0000000000
122043  -45.817  23.846  16.644 0.0000000000
122046  -48.288  22.996  17.141 0.0000000000
122081  -45.527  23.152  13.400 0.0000000000
122082  -46.103  22.996  13.893 0.0000000000
122085  -45.244  23.086  12.500 0.0000000000
122087  -44.562  23.780  11.796 0.0000000000
122089  -46.063  23.133  11.330 0.0000000000
122829  -44.570  25.032  15.228 0.0000000000
122849  -44.124  24.160  12.240 0.0000000000
122851  -43.883  24.922  11.499 0.0000000000
122859  -45.007  24.847  10.781 0.0000000000
123507  -44.154  25.737  15.601 0.0000000000
123516  -42.705  25.929  14.289 0.0000000000
123520  -42.020  25.985  13.770 0.0000000000
123521  -42.375  25.849  13.897 0.0000000000
123525  -42.225  25.572  12.932 0.0000000000
123526  -42.982  25.144  12.463 0.0000000000
123536  -43.881  25.606  10.878 0.0000000000
124219  -43.405  26.157  15.259 0.0000000000
124231  -43.575  26.147  14.833 0.0000000000
124232  -43.897  26.160  14.870 0.0000000000
124236  -42.262  26.075  14.180 0.0000000000
124242  -41.865  26.439  12.194 0.0000000000
124254  -46.802  26.140  10.604 0.0000000000
124282  -46.702  26.739  5.733 0.0000000000
124329  -43.934  26.717  3.822 0.0000000000
124950  -44.835  26.536  10.578 0.0000000000
124991  -48.112  28.063  7.062 0.0000000000
125039  -45.511  27.199  3.948 0.0000000000
125659  -38.912  28.962  12.686 0.0000000000
125666  -40.967  28.092  11.825 0.0000000000
125722  -39.247  28.729  7.046 0.0000000000
125730  -48.115  28.033  6.831 0.0000000000
125734  -38.736  28.156  6.829 0.0000000000
125747  -40.634  27.736  5.980 0.0000000000
126468  -40.273  29.250  12.017 0.0000000000
126482  -41.468  28.959  11.696 0.0000000000
127335  -47.582  31.141  12.982 0.0000000000
127345  -45.710  30.841  12.636 0.0000000000
127348  -47.637  31.033  12.765 0.0000000000
127363  -47.519  30.475  11.985 0.0000000000
128134  -46.887  32.119  14.242 0.0000000000
128152  -47.643  31.571  13.418 0.0000000000
128155  -39.003  31.200  12.817 0.0000000000
128163  -47.619  30.990  12.666 0.0000000000
128208  -41.053  31.641  8.689 0.0000000000
128839  -45.364  32.664  21.979 0.0000000000
128845  -45.153  32.792  21.435 0.0000000000
128846  -45.205  32.910  21.196 0.0000000000
128853  -45.313  32.956  20.602 0.0000000000
128889  -46.109  32.651  17.765 0.0000000000
128900  -46.310  32.633  15.871 0.0000000000
128903  -48.077  32.295  15.083 0.0000000000
128910  -38.760  32.761  13.929 0.0000000000
128911  -39.423  32.792  13.888 0.0000000000
129651  -45.172  32.912  22.199 0.0000000000
129710  -45.719  32.655  17.777 0.0000000000
129711  -46.994  32.912  17.927 0.0000000000
129724  -46.405  32.573  16.780 0.0000000000
129734  -43.910  33.988  15.500 0.0000000000
129757  -44.476  33.358  14.155 0.0000000000
129812  -47.737  33.556  9.191 0.0000000000
129813  -47.974  33.764  9.214 0.0000000000
130469  -45.192  33.144  21.292 0.0000000000
130508  -46.976  33.579  18.135 0.0000000000
130515  -47.140  33.750  17.811 0.0000000000
130520  -43.908  33.510  16.751 0.0000000000
130601  -47.888  34.000  9.232 0.0000000000
131309  -42.949  34.847  18.393 0.0000000000
131338  -45.810  36.618  16.333 0.0000000000
131344  -47.127  35.075  14.345 0.0000000000
132095  -45.045  35.990  17.407 0.0000000000
132119  -45.660  37.025  16.371 0.0000000000
132126  -45.846  36.916  14.371 0.0000000000
132131  -46.290  36.611  13.782 0.0000000000
132132  -46.866  36.297  13.377 0.0000000000
132884  -43.103  37.655  15.468 0.0000000000
132885  -43.973  37.786  15.848 0.0000000000
132898  -45.844  37.116  14.226 0.0000000000
132903  -45.965  37.188  13.862 0.0000000000
133610  -45.128  38.208  16.202 0.0000000000
133619  -43.081  38.256  15.102 0.0000000000
133623  -45.828  38.611  15.318 0.0000000000
133633  -41.417  38.645  14.302 0.0000000000
133670  -46.853  38.937  9.835 0.0000000000
133688  -48.287  38.242  9.820 0.0000000000
134347  -44.842  39.321  15.482 0.0000000000
134375  -47.013  39.764  13.445 0.0000000000
134409  -48.302  38.674  9.880 0.0000000000
135018  -45.430  39.781  15.256 0.0000000000
135042  -43.221  40.683  13.867 0.0000000000
135049  -34.459  40.798  12.747 0.0000000000
135720  -32.378  41.722  15.486 0.0000000000
135724  -31.707  42.178  14.198 0.0000000000
135733  -31.678  42.064  13.794 0.0000000000
135735  -32.780  41.072  13.042 0.0000000000
135736  -41.777  41.179  13.037 0.0000000000
135746  -34.201  41.315  12.354 0.0000000000
135777  -47.749  40.954  10.772 0.0000000000
136440  -31.753  42.494  14.803 0.0000000000
136443  -46.973  42.131  14.099 0.0000000000
136447  -31.287  42.604  13.218 0.0000000000
136458  -33.504  41.811  11.961 0.0000000000
136460  -39.676  42.331  12.065 0.0000000000
136464  -43.330  42.936  13.003 0.0000000000
136466  -48.314  41.859  11.983 0.0000000000
136484  -48.189  42.050  11.907 0.0000000000
136487  -32.947  43.143  10.719 0.0000000000
137116  -30.744  43.767  13.257 0.0000000000
137118  -43.973  43.464  13.227 0.0000000000
137122  -47.290  43.490  13.290 0.0000000000
137127  -40.773  43.197  11.948 0.0000000000
137137  -32.064  43.276  11.185 0.0000000000
137138  -36.801  43.211  10.755 0.0000000000
137153  -33.198  43.412  10.309 0.0000000000
137165  -32.809  43.799  9.924 0.0000000000
137777  -30.690  43.961  12.994 0.0000000000
137782  -47.421  43.841  12.887 0.0000000000
137793  -43.913  45.175  12.338 0.0000000000
137797  -47.402  44.080  12.476 0.0000000000
137805  -31.276  44.196  11.070 0.0000000000
137824  -32.413  43.996  9.957 0.0000000000
137829  -40.629  44.747  10.680 0.0000000000
137841  -32.004  44.688  9.597 0.0000000000
138447  -41.780  45.235  10.981 0.0000000000
138460  -40.145  45.008  10.164 0.0000000000
138466  -45.515  45.810  10.795 0.0000000000
138476  -40.129  45.112  9.928 0.0000000000
138486  -31.882  45.423  9.233 0.0000000000
138519  -43.986  46.078  6.149 0.0000000000
139064  -45.572  46.060  10.978 0.0000000000
139087  -31.949  45.779  8.953 0.0000000000
139110  -44.871  46.125  6.037 0.0000000000
139112  -45.066  45.931  6.334 0.0000000000
