#!ascii label  , from subject ernie vox2ras=TkReg
347
97172  -23.093  -2.343  -33.529 0.0000000000
94034  -19.278  -5.822  -32.029 0.0000000000
92955  -24.631  -6.483  -31.305 0.0000000000
88588  -21.646  -10.604  -30.787 0.0000000000
111507  -25.346  11.312  -34.696 0.0000000000
107413  -26.790  7.529  -33.050 0.0000000000
102231  -20.608  2.656  -34.421 0.0000000000
85270  -20.221  -13.696  -29.324 0.0000000000
90809  -20.885  -8.294  -31.669 0.0000000000
89676  -18.646  -9.601  -30.467 0.0000000000
109362  -25.457  9.442  -33.926 0.0000000000
106450  -22.976  6.583  -35.581 0.0000000000
98152  -19.014  -1.134  -33.058 0.0000000000
101169  -17.484  1.271  -31.560 0.0000000000
100196  -21.232  0.103  -33.980 0.0000000000
102213  -24.619  2.499  -33.316 0.0000000000
100181  -25.471  0.510  -32.271 0.0000000000
97144  -26.601  -2.477  -31.553 0.0000000000
97141  -18.060  -2.759  -31.480 0.0000000000
96121  -20.293  -3.657  -32.854 0.0000000000
95093  -24.348  -4.342  -32.458 0.0000000000
92970  -22.086  -6.280  -32.377 0.0000000000
90811  -22.805  -8.256  -31.303 0.0000000000
87456  -24.395  -11.874  -31.023 0.0000000000
104256  -19.997  4.600  -34.350 0.0000000000
104259  -23.945  4.817  -34.970 0.0000000000
104249  -27.117  4.776  -32.509 0.0000000000
87432  -18.215  -11.593  -29.424 0.0000000000
86354  -21.482  -12.438  -30.061 0.0000000000
90792  -18.545  -8.481  -30.679 0.0000000000
89668  -18.124  -9.603  -29.726 0.0000000000
107438  -22.536  7.521  -35.704 0.0000000000
106448  -21.256  6.506  -35.529 0.0000000000
98154  -20.568  -1.370  -33.517 0.0000000000
99151  -20.144  -0.424  -33.561 0.0000000000
98170  -22.182  -0.850  -34.058 0.0000000000
99169  -23.757  -0.148  -34.216 0.0000000000
98158  -24.501  -1.366  -33.279 0.0000000000
98146  -25.738  -0.945  -31.863 0.0000000000
97157  -24.849  -2.262  -32.594 0.0000000000
95073  -18.621  -4.598  -31.890 0.0000000000
96120  -19.465  -3.645  -32.581 0.0000000000
95088  -20.042  -4.546  -32.611 0.0000000000
94052  -21.524  -5.436  -32.657 0.0000000000
92968  -20.409  -6.165  -32.408 0.0000000000
89696  -20.705  -9.164  -31.442 0.0000000000
90810  -21.823  -8.280  -31.565 0.0000000000
89679  -22.671  -9.856  -30.788 0.0000000000
89680  -23.638  -10.070  -30.692 0.0000000000
88589  -22.695  -10.789  -30.689 0.0000000000
111517  -23.126  11.370  -35.189 0.0000000000
112570  -22.872  11.971  -35.202 0.0000000000
112572  -24.611  12.510  -35.136 0.0000000000
114546  -25.792  14.348  -35.644 0.0000000000
112565  -27.030  11.970  -34.626 0.0000000000
108375  -25.604  8.481  -33.613 0.0000000000
102191  -18.378  2.398  -32.606 0.0000000000
103200  -18.062  3.271  -32.294 0.0000000000
103230  -20.357  3.703  -34.495 0.0000000000
104270  -22.327  4.734  -35.468 0.0000000000
102248  -22.355  3.310  -35.215 0.0000000000
103202  -26.163  2.855  -32.425 0.0000000000
103214  -25.312  3.431  -32.698 0.0000000000
103216  -27.629  3.818  -32.382 0.0000000000
94037  -25.036  -5.531  -31.609 0.0000000000
95075  -25.317  -4.424  -31.946 0.0000000000
85269  -19.408  -13.722  -28.970 0.0000000000
86335  -19.183  -12.716  -29.403 0.0000000000
86352  -19.672  -12.252  -29.841 0.0000000000
86336  -20.339  -12.878  -29.565 0.0000000000
92950  -18.656  -6.552  -31.192 0.0000000000
91923  -20.139  -7.262  -32.017 0.0000000000
90807  -19.054  -8.104  -31.283 0.0000000000
89695  -19.921  -9.358  -31.463 0.0000000000
88608  -19.969  -10.087  -31.235 0.0000000000
110375  -23.429  10.307  -35.219 0.0000000000
110365  -24.961  10.227  -34.459 0.0000000000
109360  -23.815  9.205  -34.810 0.0000000000
108384  -24.204  8.414  -34.630 0.0000000000
107411  -24.966  7.235  -33.587 0.0000000000
99124  -17.628  -0.793  -31.386 0.0000000000
100179  -17.849  0.304  -31.843 0.0000000000
100194  -19.750  0.547  -33.521 0.0000000000
100203  -21.014  1.134  -34.288 0.0000000000
102233  -22.636  2.592  -34.851 0.0000000000
100206  -23.411  0.761  -34.413 0.0000000000
101190  -24.628  1.490  -33.031 0.0000000000
101173  -27.007  1.371  -31.808 0.0000000000
100183  -27.412  0.489  -31.701 0.0000000000
83045  -21.334  -15.522  -29.476 0.0000000000
84169  -22.041  -14.943  -29.670 0.0000000000
97153  -18.324  -2.147  -32.093 0.0000000000
97155  -19.841  -2.619  -33.025 0.0000000000
96137  -22.313  -3.456  -33.339 0.0000000000
96139  -23.550  -3.221  -33.290 0.0000000000
95091  -22.629  -4.593  -32.861 0.0000000000
94054  -23.173  -5.220  -32.527 0.0000000000
92954  -23.633  -6.492  -31.522 0.0000000000
91924  -21.204  -7.514  -31.970 0.0000000000
91926  -22.498  -7.171  -31.700 0.0000000000
91928  -24.286  -7.510  -31.114 0.0000000000
90796  -24.517  -9.324  -30.766 0.0000000000
88611  -25.131  -10.959  -31.243 0.0000000000
111509  -27.420  11.344  -34.464 0.0000000000
105368  -21.792  5.569  -35.540 0.0000000000
105370  -23.367  5.699  -35.257 0.0000000000
105348  -24.975  5.833  -33.600 0.0000000000
103233  -24.025  3.674  -34.549 0.0000000000
104247  -24.925  4.791  -33.341 0.0000000000
106427  -27.253  6.668  -32.767 0.0000000000
96125  -25.186  -3.464  -32.126 0.0000000000
96109  -26.990  -3.471  -31.493 0.0000000000
88571  -18.146  -10.515  -29.513 0.0000000000
88585  -18.666  -10.526  -30.225 0.0000000000
87452  -20.520  -11.501  -30.414 0.0000000000
87453  -21.573  -11.538  -30.420 0.0000000000
85272  -22.237  -13.967  -29.876 0.0000000000
85282  -22.402  -13.261  -30.063 0.0000000000
87454  -22.607  -11.617  -30.407 0.0000000000
106447  -20.572  6.481  -34.879 0.0000000000
97171  -22.130  -2.560  -33.498 0.0000000000
98155  -21.561  -1.386  -33.719 0.0000000000
98156  -22.555  -1.527  -33.805 0.0000000000
98157  -23.533  -1.211  -33.833 0.0000000000
98144  -24.749  -1.843  -32.846 0.0000000000
97173  -23.912  -2.262  -33.408 0.0000000000
94033  -18.629  -5.557  -31.507 0.0000000000
95072  -18.103  -4.597  -31.193 0.0000000000
94049  -19.003  -5.234  -32.162 0.0000000000
95087  -19.216  -4.560  -32.373 0.0000000000
94050  -19.738  -5.461  -32.402 0.0000000000
94051  -20.639  -5.408  -32.596 0.0000000000
88610  -21.326  -9.786  -31.151 0.0000000000
89697  -21.654  -9.163  -31.195 0.0000000000
89678  -21.985  -10.026  -30.918 0.0000000000
111518  -24.178  11.406  -35.011 0.0000000000
111519  -24.938  11.924  -34.990 0.0000000000
112573  -25.610  12.486  -35.005 0.0000000000
112574  -26.700  12.653  -35.044 0.0000000000
112564  -26.222  11.988  -34.638 0.0000000000
108376  -26.436  8.333  -33.366 0.0000000000
109355  -26.981  9.061  -33.489 0.0000000000
108377  -27.339  8.288  -33.314 0.0000000000
107414  -27.764  7.522  -33.038 0.0000000000
102210  -19.021  2.497  -33.193 0.0000000000
102211  -19.770  2.578  -33.881 0.0000000000
103212  -19.232  3.558  -33.491 0.0000000000
102230  -20.092  3.151  -34.257 0.0000000000
103231  -20.993  3.577  -34.891 0.0000000000
102232  -21.681  2.835  -34.873 0.0000000000
103203  -27.088  2.977  -32.291 0.0000000000
92956  -25.702  -6.528  -31.238 0.0000000000
84167  -20.046  -14.572  -29.200 0.0000000000
91914  -18.564  -7.414  -30.921 0.0000000000
91922  -19.215  -7.386  -31.543 0.0000000000
90793  -19.302  -8.781  -31.287 0.0000000000
89677  -19.267  -9.513  -31.088 0.0000000000
110363  -23.630  9.716  -35.028 0.0000000000
109371  -23.310  9.265  -35.260 0.0000000000
107439  -23.247  7.510  -35.379 0.0000000000
108383  -23.511  8.398  -35.059 0.0000000000
107424  -23.843  7.510  -34.837 0.0000000000
107425  -24.476  7.537  -34.149 0.0000000000
106438  -23.570  6.614  -35.114 0.0000000000
99137  -18.146  -0.606  -32.244 0.0000000000
99138  -18.644  -0.460  -32.932 0.0000000000
99152  -20.974  -0.474  -33.753 0.0000000000
100195  -20.681  0.583  -33.900 0.0000000000
101188  -20.106  1.501  -33.757 0.0000000000
100204  -21.600  0.674  -34.325 0.0000000000
100205  -22.609  0.760  -34.491 0.0000000000
99155  -24.648  -0.274  -33.362 0.0000000000
100197  -24.466  0.672  -33.577 0.0000000000
100198  -24.844  0.567  -32.864 0.0000000000
101172  -26.062  1.343  -32.102 0.0000000000
100182  -26.354  0.406  -31.771 0.0000000000
98130  -26.137  -1.507  -31.704 0.0000000000
99125  -26.979  -0.853  -31.601 0.0000000000
97145  -27.569  -2.595  -31.485 0.0000000000
81937  -21.074  -15.999  -29.357 0.0000000000
81938  -21.496  -16.137  -29.258 0.0000000000
98141  -18.030  -1.613  -31.798 0.0000000000
97156  -20.471  -3.099  -33.140 0.0000000000
97170  -20.903  -2.510  -33.372 0.0000000000
96122  -20.940  -3.571  -33.191 0.0000000000
95106  -22.131  -4.059  -33.166 0.0000000000
95105  -21.507  -4.077  -33.126 0.0000000000
94053  -22.345  -5.377  -32.616 0.0000000000
92971  -22.720  -5.883  -32.327 0.0000000000
94035  -23.244  -5.925  -32.069 0.0000000000
92953  -22.773  -6.514  -31.859 0.0000000000
89698  -22.334  -8.893  -31.005 0.0000000000
91925  -21.992  -7.492  -31.815 0.0000000000
91927  -23.268  -7.371  -31.393 0.0000000000
90812  -23.919  -8.386  -30.926 0.0000000000
90795  -23.705  -9.203  -30.699 0.0000000000
88590  -23.596  -10.909  -30.729 0.0000000000
89681  -24.477  -10.139  -30.775 0.0000000000
88591  -24.405  -10.995  -30.985 0.0000000000
110366  -25.922  10.461  -34.188 0.0000000000
111508  -26.468  11.280  -34.430 0.0000000000
110367  -26.949  10.597  -34.065 0.0000000000
101157  -16.827  1.238  -30.827 0.0000000000
104246  -19.386  4.575  -33.783 0.0000000000
105359  -20.295  5.510  -34.612 0.0000000000
105367  -20.996  5.434  -35.192 0.0000000000
104268  -21.076  4.862  -35.129 0.0000000000
104271  -23.151  4.765  -35.402 0.0000000000
105360  -23.794  5.834  -34.765 0.0000000000
105361  -24.347  5.542  -34.162 0.0000000000
102235  -24.136  2.622  -34.116 0.0000000000
102234  -23.471  2.752  -34.725 0.0000000000
104248  -25.917  4.787  -32.499 0.0000000000
105349  -25.653  5.748  -33.091 0.0000000000
105350  -26.643  5.754  -32.699 0.0000000000
105351  -27.743  5.694  -32.766 0.0000000000
96123  -24.071  -3.631  -32.985 0.0000000000
96124  -24.633  -3.180  -32.594 0.0000000000
95094  -24.868  -3.859  -32.308 0.0000000000
95076  -26.454  -4.428  -31.559 0.0000000000
87450  -18.611  -11.240  -29.972 0.0000000000
86353  -20.424  -12.251  -30.004 0.0000000000
87451  -19.445  -11.513  -30.286 0.0000000000
85271  -21.239  -13.754  -29.664 0.0000000000
86355  -22.486  -12.478  -30.230 0.0000000000
90791  -17.716  -8.140  -29.972 0.0000000000
90785  -18.038  -8.890  -30.058 0.0000000000
108397  -22.919  8.449  -35.551 0.0000000000
107437  -21.653  7.522  -35.687 0.0000000000
106449  -22.151  6.549  -35.744 0.0000000000
98153  -19.712  -1.408  -33.293 0.0000000000
99150  -19.322  -0.402  -33.320 0.0000000000
99153  -21.649  -0.353  -34.028 0.0000000000
99168  -23.065  -0.053  -34.450 0.0000000000
98172  -23.311  -0.555  -34.208 0.0000000000
99154  -24.177  -0.596  -33.765 0.0000000000
99156  -25.054  -0.301  -32.633 0.0000000000
99139  -25.577  -0.357  -31.987 0.0000000000
98159  -24.874  -0.842  -32.967 0.0000000000
98145  -25.170  -1.380  -32.344 0.0000000000
98129  -25.560  -1.927  -31.899 0.0000000000
96106  -18.310  -3.784  -31.564 0.0000000000
97142  -18.524  -3.242  -31.869 0.0000000000
96107  -18.809  -3.758  -32.126 0.0000000000
95089  -20.968  -4.510  -32.871 0.0000000000
92969  -21.179  -6.200  -32.505 0.0000000000
90794  -22.988  -9.212  -30.737 0.0000000000
110374  -22.324  10.567  -35.404 0.0000000000
112571  -23.483  12.444  -35.213 0.0000000000
113556  -25.219  13.433  -35.277 0.0000000000
113559  -28.139  13.165  -35.629 0.0000000000
109354  -26.179  9.040  -33.572 0.0000000000
109363  -26.481  9.768  -33.766 0.0000000000
103199  -17.617  3.223  -31.699 0.0000000000
103211  -18.605  3.444  -32.875 0.0000000000
103229  -19.788  3.695  -34.061 0.0000000000
104257  -20.773  4.546  -34.911 0.0000000000
104258  -21.172  4.103  -35.112 0.0000000000
103248  -22.054  3.930  -35.408 0.0000000000
103232  -23.466  3.841  -35.160 0.0000000000
103201  -25.603  2.663  -32.569 0.0000000000
103215  -26.527  3.789  -32.374 0.0000000000
104250  -28.226  4.669  -32.734 0.0000000000
95074  -24.704  -4.978  -32.090 0.0000000000
94038  -26.036  -5.462  -31.440 0.0000000000
86314  -18.705  -13.109  -28.838 0.0000000000
87433  -18.952  -11.920  -29.910 0.0000000000
86337  -21.069  -12.892  -29.769 0.0000000000
94026  -18.245  -5.878  -30.795 0.0000000000
92951  -19.282  -6.492  -31.760 0.0000000000
92967  -19.845  -6.324  -32.175 0.0000000000
90808  -19.835  -8.375  -31.686 0.0000000000
88609  -20.687  -9.968  -31.225 0.0000000000
88587  -20.658  -10.680  -30.770 0.0000000000
110376  -24.021  10.631  -34.905 0.0000000000
111506  -24.513  10.723  -34.782 0.0000000000
109361  -24.539  9.317  -34.433 0.0000000000
108385  -24.874  8.524  -34.079 0.0000000000
107426  -25.087  7.886  -33.707 0.0000000000
100193  -18.998  0.510  -33.151 0.0000000000
101170  -18.045  1.366  -32.324 0.0000000000
101186  -18.724  1.455  -32.866 0.0000000000
102212  -20.280  2.095  -34.047 0.0000000000
101199  -22.151  1.715  -34.589 0.0000000000
101200  -23.029  1.696  -34.591 0.0000000000
101201  -23.750  1.683  -34.299 0.0000000000
100207  -24.066  0.747  -34.135 0.0000000000
101189  -24.267  1.597  -33.789 0.0000000000
102192  -25.807  2.111  -32.424 0.0000000000
102193  -26.618  2.157  -32.189 0.0000000000
102194  -27.559  2.197  -32.184 0.0000000000
101174  -28.014  1.302  -32.052 0.0000000000
100169  -26.925  -0.148  -31.629 0.0000000000
91929  -25.413  -7.639  -31.107 0.0000000000
83044  -20.515  -15.565  -29.248 0.0000000000
84168  -20.895  -14.690  -29.527 0.0000000000
98142  -18.533  -1.506  -32.547 0.0000000000
97154  -18.799  -2.699  -32.371 0.0000000000
98143  -19.157  -1.868  -32.874 0.0000000000
97169  -20.219  -1.989  -33.353 0.0000000000
96138  -22.849  -3.221  -33.378 0.0000000000
95107  -22.771  -3.913  -33.207 0.0000000000
95092  -23.444  -4.213  -32.927 0.0000000000
95090  -21.862  -4.694  -32.868 0.0000000000
94055  -23.757  -4.845  -32.537 0.0000000000
94036  -24.056  -5.499  -32.053 0.0000000000
91942  -20.299  -6.649  -32.228 0.0000000000
91943  -20.801  -6.802  -32.278 0.0000000000
91944  -21.567  -6.873  -32.197 0.0000000000
91945  -22.076  -6.881  -32.002 0.0000000000
90813  -25.143  -8.818  -30.977 0.0000000000
112566  -27.531  11.870  -34.721 0.0000000000
110368  -27.971  10.614  -34.212 0.0000000000
105369  -22.656  5.644  -35.555 0.0000000000
106439  -23.984  6.594  -34.392 0.0000000000
106424  -24.562  6.552  -33.762 0.0000000000
106425  -25.352  6.584  -33.426 0.0000000000
102249  -22.982  3.254  -35.174 0.0000000000
103213  -24.533  3.585  -33.712 0.0000000000
104260  -24.403  4.471  -34.228 0.0000000000
106426  -26.239  6.646  -33.050 0.0000000000
96140  -24.159  -2.956  -33.133 0.0000000000
97158  -25.256  -2.545  -32.083 0.0000000000
97143  -25.866  -2.345  -31.731 0.0000000000
96108  -25.914  -3.303  -31.691 0.0000000000
88586  -19.552  -10.522  -30.720 0.0000000000
85281  -21.723  -13.256  -29.842 0.0000000000
92952  -22.328  -6.690  -31.968 0.0000000000
95108  -23.171  -3.679  -33.246 0.0000000000
96136  -21.647  -3.396  -33.323 0.0000000000
97174  -24.479  -2.329  -33.023 0.0000000000
98171  -22.834  -0.758  -34.202 0.0000000000
99140  -26.270  -0.558  -31.717 0.0000000000
99167  -22.321  -0.124  -34.330 0.0000000000
99170  -24.288  0.062  -33.911 0.0000000000
100180  -18.377  0.428  -32.609 0.0000000000
101171  -25.285  1.377  -32.540 0.0000000000
101187  -19.380  1.515  -33.405 0.0000000000
101197  -20.636  1.609  -34.182 0.0000000000
101198  -21.269  1.761  -34.462 0.0000000000
102214  -25.147  2.265  -32.699 0.0000000000
102247  -21.907  3.430  -35.222 0.0000000000
103247  -21.535  3.730  -35.182 0.0000000000
103249  -22.761  3.940  -35.429 0.0000000000
104269  -21.460  4.606  -35.273 0.0000000000
107412  -25.763  7.538  -33.365 0.0000000000
110364  -24.096  10.031  -34.781 0.0000000000
