#!ascii label  , from subject ernie vox2ras=TkReg
979
88585  -18.666  -10.526  -30.225 0.5555555820
88586  -19.552  -10.522  -30.720 0.6666666865
88608  -19.969  -10.087  -31.235 0.7777777910
88609  -20.687  -9.968  -31.225 0.7777777910
90809  -20.885  -8.294  -31.669 0.8888888955
89698  -22.334  -8.893  -31.005 0.8888888955
88571  -18.146  -10.515  -29.513 0.5555555820
89668  -18.124  -9.603  -29.726 0.5555555820
89676  -18.646  -9.601  -30.467 0.6666666865
90793  -19.302  -8.781  -31.287 0.8888888955
89696  -20.705  -9.164  -31.442 0.8888888955
91925  -21.992  -7.492  -31.815 1.0000000000
90811  -22.805  -8.256  -31.303 0.8888888955
91926  -22.498  -7.171  -31.700 1.0000000000
90791  -17.716  -8.140  -29.972 0.7777777910
91922  -19.215  -7.386  -31.543 1.0000000000
92951  -19.282  -6.492  -31.760 1.0000000000
91923  -20.139  -7.262  -32.017 1.0000000000
92968  -20.409  -6.165  -32.408 1.0000000000
92967  -19.845  -6.324  -32.175 1.0000000000
92969  -21.179  -6.200  -32.505 1.0000000000
94051  -20.639  -5.408  -32.596 1.0000000000
94052  -21.524  -5.436  -32.657 1.0000000000
94035  -23.244  -5.925  -32.069 1.0000000000
94053  -22.345  -5.377  -32.616 1.0000000000
94036  -24.056  -5.499  -32.053 1.0000000000
95092  -23.444  -4.213  -32.927 1.0000000000
95093  -24.348  -4.342  -32.458 0.7777777910
95072  -18.103  -4.597  -31.193 0.8888888955
94034  -19.278  -5.822  -32.029 1.0000000000
95087  -19.216  -4.560  -32.373 1.0000000000
95088  -20.042  -4.546  -32.611 1.0000000000
95105  -21.507  -4.077  -33.126 1.0000000000
95091  -22.629  -4.593  -32.861 1.0000000000
95107  -22.771  -3.913  -33.207 1.0000000000
96123  -24.071  -3.631  -32.985 1.0000000000
95094  -24.868  -3.859  -32.308 0.8888888955
96124  -24.633  -3.180  -32.594 1.0000000000
96125  -25.186  -3.464  -32.126 0.7777777910
96108  -25.914  -3.303  -31.691 0.7777777910
97141  -18.060  -2.759  -31.480 0.5555555820
98142  -18.533  -1.506  -32.547 0.7777777910
97154  -18.799  -2.699  -32.371 0.8888888955
97156  -20.471  -3.099  -33.140 1.0000000000
96121  -20.293  -3.657  -32.854 1.0000000000
97155  -19.841  -2.619  -33.025 0.8888888955
97170  -20.903  -2.510  -33.372 1.0000000000
96137  -22.313  -3.456  -33.339 1.0000000000
96139  -23.550  -3.221  -33.290 1.0000000000
96140  -24.159  -2.956  -33.133 0.8888888955
97173  -23.912  -2.262  -33.408 1.0000000000
97157  -24.849  -2.262  -32.594 0.8888888955
98130  -26.137  -1.507  -31.704 0.7777777910
97145  -27.569  -2.595  -31.485 0.6666666865
98131  -27.189  -1.683  -31.525 0.6666666865
100146  -16.473  -0.576  -30.427 0.4444444478
98141  -18.030  -1.613  -31.798 0.7777777910
99137  -18.146  -0.606  -32.244 0.6666666865
99150  -19.322  -0.402  -33.320 0.7777777910
98153  -19.712  -1.408  -33.293 0.8888888955
98154  -20.568  -1.370  -33.517 0.8888888955
97171  -22.130  -2.560  -33.498 1.0000000000
98155  -21.561  -1.386  -33.719 1.0000000000
98156  -22.555  -1.527  -33.805 1.0000000000
98157  -23.533  -1.211  -33.833 1.0000000000
98158  -24.501  -1.366  -33.279 0.8888888955
98159  -24.874  -0.842  -32.967 0.7777777910
98146  -25.738  -0.945  -31.863 0.7777777910
98147  -28.824  -1.747  -32.019 0.5555555820
100169  -26.925  -0.148  -31.629 0.7777777910
100171  -28.092  -0.496  -31.663 0.6666666865
101169  -17.484  1.271  -31.560 0.6666666865
100179  -17.849  0.304  -31.843 0.6666666865
100193  -18.998  0.510  -33.151 0.7777777910
99151  -20.144  -0.424  -33.561 0.8888888955
99152  -20.974  -0.474  -33.753 0.8888888955
99153  -21.649  -0.353  -34.028 1.0000000000
98172  -23.311  -0.555  -34.208 1.0000000000
99155  -24.648  -0.274  -33.362 0.8888888955
100181  -25.471  0.510  -32.271 0.8888888955
99139  -25.577  -0.357  -31.987 0.7777777910
100197  -24.466  0.672  -33.577 0.8888888955
100198  -24.844  0.567  -32.864 0.7777777910
100183  -27.412  0.489  -31.701 0.7777777910
100184  -28.427  0.121  -31.955 0.6666666865
101157  -16.827  1.238  -30.827 0.5555555820
101170  -18.045  1.366  -32.324 0.7777777910
100194  -19.750  0.547  -33.521 0.8888888955
100195  -20.681  0.583  -33.900 0.8888888955
100204  -21.600  0.674  -34.325 1.0000000000
100196  -21.232  0.103  -33.980 1.0000000000
100206  -23.411  0.761  -34.413 1.0000000000
99169  -23.757  -0.148  -34.216 0.8888888955
101172  -26.062  1.343  -32.102 0.7777777910
102193  -26.618  2.157  -32.189 0.7777777910
101174  -28.014  1.302  -32.052 0.6666666865
101175  -28.773  1.137  -32.648 0.5555555820
100185  -29.198  0.185  -32.827 0.5555555820
101186  -18.724  1.455  -32.866 0.7777777910
102190  -17.749  2.306  -32.035 0.6666666865
100203  -21.014  1.134  -34.288 1.0000000000
100205  -22.609  0.760  -34.491 1.0000000000
101201  -23.750  1.683  -34.299 0.8888888955
100207  -24.066  0.747  -34.135 0.8888888955
102213  -24.619  2.499  -33.316 0.8888888955
101190  -24.628  1.490  -33.031 0.8888888955
103202  -26.163  2.855  -32.425 0.7777777910
103203  -27.088  2.977  -32.291 0.7777777910
102196  -29.093  1.730  -32.972 0.5555555820
103214  -25.312  3.431  -32.698 0.7777777910
103204  -27.961  2.989  -32.296 0.5555555820
102216  -29.385  2.293  -33.495 0.5555555820
103216  -27.629  3.818  -32.382 0.6666666865
104217  -16.864  4.093  -30.602 0.4444444478
103199  -17.617  3.223  -31.699 0.5555555820
102211  -19.770  2.578  -33.881 0.7777777910
102212  -20.280  2.095  -34.047 1.0000000000
102210  -19.021  2.497  -33.193 0.8888888955
102232  -21.681  2.835  -34.873 1.0000000000
102233  -22.636  2.592  -34.851 0.8888888955
102234  -23.471  2.752  -34.725 0.8888888955
102235  -24.136  2.622  -34.116 0.8888888955
103215  -26.527  3.789  -32.374 0.6666666865
103217  -28.638  3.545  -32.698 0.5555555820
104256  -19.997  4.600  -34.350 0.6666666865
103229  -19.788  3.695  -34.061 0.6666666865
104258  -21.172  4.103  -35.112 0.7777777910
102248  -22.355  3.310  -35.215 0.8888888955
103248  -22.054  3.930  -35.408 0.7777777910
103232  -23.466  3.841  -35.160 0.7777777910
102249  -22.982  3.254  -35.174 0.8888888955
104259  -23.945  4.817  -34.970 0.7777777910
103233  -24.025  3.674  -34.549 0.8888888955
104260  -24.403  4.471  -34.228 0.7777777910
104248  -25.917  4.787  -32.499 0.6666666865
105348  -24.975  5.833  -33.600 0.6666666865
105349  -25.653  5.748  -33.091 0.6666666865
104249  -27.117  4.776  -32.509 0.5555555820
106426  -26.239  6.646  -33.050 0.6666666865
106427  -27.253  6.668  -32.767 0.5555555820
105351  -27.743  5.694  -32.766 0.5555555820
104251  -29.018  4.423  -33.254 0.4444444478
106428  -28.285  6.629  -32.998 0.5555555820
106437  -19.897  6.402  -34.319 0.3333333433
105367  -20.996  5.434  -35.192 0.5555555820
104268  -21.076  4.862  -35.129 0.6666666865
106449  -22.151  6.549  -35.744 0.5555555820
104270  -22.327  4.734  -35.468 0.7777777910
104271  -23.151  4.765  -35.402 0.7777777910
106438  -23.570  6.614  -35.114 0.6666666865
105370  -23.367  5.699  -35.257 0.6666666865
105360  -23.794  5.834  -34.765 0.6666666865
106424  -24.562  6.552  -33.762 0.6666666865
107411  -24.966  7.235  -33.587 0.6666666865
107413  -26.790  7.529  -33.050 0.6666666865
107415  -28.561  7.494  -33.490 0.5555555820
107414  -27.764  7.522  -33.038 0.6666666865
107436  -20.781  7.512  -35.281 0.4444444478
107423  -20.260  7.458  -34.334 0.4444444478
106447  -20.572  6.481  -34.879 0.4444444478
106448  -21.256  6.506  -35.529 0.5555555820
106450  -22.976  6.583  -35.581 0.6666666865
106439  -23.984  6.594  -34.392 0.6666666865
107426  -25.087  7.886  -33.707 0.6666666865
109355  -26.981  9.061  -33.489 0.6666666865
109357  -28.374  8.772  -33.790 0.5555555820
108378  -28.135  8.251  -33.471 0.6666666865
108395  -21.238  8.518  -35.445 0.4444444478
107438  -22.536  7.521  -35.704 0.6666666865
107439  -23.247  7.510  -35.379 0.6666666865
108383  -23.511  8.398  -35.059 0.6666666865
107424  -23.843  7.510  -34.837 0.6666666865
108375  -25.604  8.481  -33.613 0.6666666865
90808  -19.835  -8.375  -31.686 0.8888888955
90807  -19.054  -8.104  -31.283 1.0000000000
91945  -22.076  -6.881  -32.002 1.0000000000
100165  -17.114  0.093  -30.993 0.5555555820
99154  -24.177  -0.596  -33.765 0.8888888955
102176  -17.200  2.258  -31.326 0.5555555820
104234  -17.892  3.823  -31.984 0.5555555820
102191  -18.378  2.398  -32.606 0.7777777910
101199  -22.151  1.715  -34.589 1.0000000000
103201  -25.603  2.663  -32.569 0.8888888955
104193  -16.496  4.905  -30.494 0.2222222239
104250  -28.226  4.669  -32.734 0.6666666865
108397  -22.919  8.449  -35.551 0.6666666865
100164  -16.271  0.277  -30.471 0.4444444478
102174  -15.599  2.181  -30.465 0.4444444478
107427  -29.155  7.495  -34.128 0.5555555820
108387  -29.094  8.323  -34.641 0.5555555820
87433  -18.952  -11.920  -29.910 0.5555555820
86352  -19.672  -12.252  -29.841 0.5555555820
87451  -19.445  -11.513  -30.286 0.6666666865
88587  -20.658  -10.680  -30.770 0.5555555820
89679  -22.671  -9.856  -30.788 0.7777777910
87432  -18.215  -11.593  -29.424 0.5555555820
88610  -21.326  -9.786  -31.151 0.6666666865
89697  -21.654  -9.163  -31.195 0.8888888955
90812  -23.919  -8.386  -30.926 0.7777777910
91927  -23.268  -7.371  -31.393 0.8888888955
88570  -17.671  -10.589  -28.776 0.4444444478
90784  -17.661  -8.544  -29.187 0.5555555820
92954  -23.633  -6.492  -31.522 1.0000000000
91908  -17.589  -7.286  -29.186 0.2222222239
91913  -17.913  -7.384  -30.208 0.6666666865
94037  -25.036  -5.531  -31.609 0.8888888955
95074  -24.704  -4.978  -32.090 0.6666666865
95076  -26.454  -4.428  -31.559 0.6666666865
94026  -18.245  -5.878  -30.795 0.5555555820
96109  -26.990  -3.471  -31.493 0.6666666865
96100  -17.716  -3.758  -30.813 0.4444444478
98148  -29.430  -1.754  -32.733 0.5555555820
98128  -17.529  -1.883  -30.867 0.2222222239
100163  -15.375  0.360  -30.248 0.4444444478
103161  -12.717  3.017  -30.151 0.3333333433
100199  -29.618  0.169  -33.737 0.5555555820
103185  -16.961  3.239  -31.104 0.4444444478
101202  -29.590  1.176  -34.233 0.4444444478
104192  -15.563  4.884  -30.347 0.3333333433
104252  -29.399  4.252  -33.947 0.4444444478
106436  -19.388  6.350  -33.828 0.3333333433
105347  -19.033  5.461  -33.521 0.3333333433
105352  -28.810  5.540  -33.433 0.4444444478
106441  -29.436  6.569  -34.408 0.4444444478
107428  -29.544  7.467  -34.926 0.2222222239
108394  -20.526  8.517  -34.899 0.3333333433
108396  -22.133  8.506  -35.708 0.6666666865
108384  -24.204  8.414  -34.630 0.6666666865
108385  -24.874  8.524  -34.079 0.6666666865
109362  -25.457  9.442  -33.926 0.6666666865
109363  -26.481  9.768  -33.766 0.6666666865
109356  -27.878  8.985  -33.584 0.6666666865
109365  -28.676  9.438  -34.360 0.4444444478
108398  -29.418  8.335  -35.372 0.3333333433
87450  -18.611  -11.240  -29.972 0.5555555820
87452  -20.520  -11.501  -30.414 0.6666666865
89677  -19.267  -9.513  -31.088 0.7777777910
89695  -19.921  -9.358  -31.463 0.8888888955
91924  -21.204  -7.514  -31.970 1.0000000000
90810  -21.823  -8.280  -31.565 0.8888888955
90792  -18.545  -8.481  -30.679 0.8888888955
90785  -18.038  -8.890  -30.058 0.5555555820
91944  -21.567  -6.873  -32.197 1.0000000000
92953  -22.773  -6.514  -31.859 1.0000000000
91914  -18.564  -7.414  -30.921 0.8888888955
92950  -18.656  -6.552  -31.192 0.8888888955
94033  -18.629  -5.557  -31.507 1.0000000000
91942  -20.299  -6.649  -32.228 1.0000000000
91943  -20.801  -6.802  -32.278 1.0000000000
92970  -22.086  -6.280  -32.377 1.0000000000
94050  -19.738  -5.461  -32.402 1.0000000000
92971  -22.720  -5.883  -32.327 1.0000000000
94054  -23.173  -5.220  -32.527 1.0000000000
95090  -21.862  -4.694  -32.868 1.0000000000
95089  -20.968  -4.510  -32.871 1.0000000000
94055  -23.757  -4.845  -32.537 1.0000000000
95075  -25.317  -4.424  -31.946 0.7777777910
95073  -18.621  -4.598  -31.890 1.0000000000
94032  -18.010  -5.244  -30.814 0.6666666865
94049  -19.003  -5.234  -32.162 1.0000000000
96107  -18.809  -3.758  -32.126 0.8888888955
96122  -20.940  -3.571  -33.191 1.0000000000
95106  -22.131  -4.059  -33.166 1.0000000000
96138  -22.849  -3.221  -33.378 1.0000000000
97158  -25.256  -2.545  -32.083 0.8888888955
97143  -25.866  -2.345  -31.731 0.7777777910
97144  -26.601  -2.477  -31.553 0.6666666865
97128  -17.419  -2.936  -30.315 0.5555555820
96106  -18.310  -3.784  -31.564 0.7777777910
97142  -18.524  -3.242  -31.869 0.7777777910
97153  -18.324  -2.147  -32.093 0.7777777910
98152  -19.014  -1.134  -33.058 0.8888888955
98143  -19.157  -1.868  -32.874 0.8888888955
96120  -19.465  -3.645  -32.581 0.8888888955
97169  -20.219  -1.989  -33.353 0.8888888955
97172  -23.093  -2.343  -33.529 1.0000000000
98144  -24.749  -1.843  -32.846 0.8888888955
98145  -25.170  -1.380  -32.344 0.8888888955
98129  -25.560  -1.927  -31.899 0.7777777910
99125  -26.979  -0.853  -31.601 0.6666666865
97146  -28.476  -2.656  -31.707 0.5555555820
99127  -28.436  -0.920  -31.767 0.6666666865
99124  -17.628  -0.793  -31.386 0.5555555820
100145  -15.747  -0.587  -30.142 0.3333333433
99110  -17.079  -1.081  -30.471 0.3333333433
99138  -18.644  -0.460  -32.932 0.7777777910
98170  -22.182  -0.850  -34.058 1.0000000000
99156  -25.054  -0.301  -32.633 0.7777777910
100182  -26.354  0.406  -31.771 0.7777777910
99141  -29.068  -0.794  -32.355 0.5555555820
99168  -23.065  -0.053  -34.450 1.0000000000
101173  -27.007  1.371  -31.808 0.7777777910
101155  -14.992  1.260  -30.372 0.4444444478
101188  -20.106  1.501  -33.757 0.8888888955
102192  -25.807  2.111  -32.424 0.7777777910
102194  -27.559  2.197  -32.184 0.6666666865
101191  -29.275  1.129  -33.322 0.5555555820
103184  -16.210  3.112  -30.476 0.5555555820
101200  -23.029  1.696  -34.591 1.0000000000
101189  -24.267  1.597  -33.789 0.8888888955
102195  -28.614  2.279  -32.626 0.6666666865
103213  -24.533  3.585  -33.712 0.8888888955
102215  -29.064  2.922  -32.988 0.5555555820
103200  -18.062  3.271  -32.294 0.5555555820
102231  -20.608  2.656  -34.421 1.0000000000
102230  -20.092  3.151  -34.257 0.7777777910
103212  -19.232  3.558  -33.491 0.7777777910
103234  -29.518  3.266  -34.236 0.5555555820
104246  -19.386  4.575  -33.783 0.5555555820
105359  -20.295  5.510  -34.612 0.4444444478
104257  -20.773  4.546  -34.911 0.6666666865
103230  -20.357  3.703  -34.495 0.7777777910
103211  -18.605  3.444  -32.875 0.7777777910
104235  -18.202  4.360  -32.384 0.6666666865
103231  -20.993  3.577  -34.891 0.7777777910
105361  -24.347  5.542  -34.162 0.6666666865
104247  -24.925  4.791  -33.341 0.6666666865
106425  -25.352  6.584  -33.426 0.6666666865
105350  -26.643  5.754  -32.699 0.5555555820
105362  -29.270  6.007  -33.963 0.4444444478
105353  -29.239  4.899  -33.762 0.4444444478
106440  -28.991  6.639  -33.677 0.5555555820
105358  -19.531  5.522  -34.158 0.4444444478
105368  -21.792  5.569  -35.540 0.6666666865
105369  -22.656  5.644  -35.555 0.7777777910
108376  -26.436  8.333  -33.366 0.6666666865
108377  -27.339  8.288  -33.314 0.6666666865
107437  -21.653  7.522  -35.687 0.5555555820
107425  -24.476  7.537  -34.149 0.6666666865
109354  -26.179  9.040  -33.572 0.6666666865
104218  -17.638  4.390  -31.528 0.3333333433
102173  -14.607  2.168  -30.413 0.4444444478
106451  -29.587  6.433  -35.400 0.3333333433
109366  -29.087  8.869  -35.013 0.3333333433
87431  -17.721  -11.499  -28.599 0.4444444478
86334  -18.158  -12.387  -28.944 0.5555555820
89667  -17.682  -9.592  -28.892 0.4444444478
92945  -18.123  -6.532  -30.463 0.7777777910
99109  -16.192  -1.402  -29.986 0.1111111119
101154  -14.093  1.289  -30.364 0.4444444478
103182  -14.169  3.136  -30.606 0.3333333433
103183  -15.233  3.104  -30.513 0.3333333433
105346  -18.590  5.306  -32.849 0.3333333433
109364  -27.526  9.813  -33.762 0.6666666865
85282  -22.402  -13.261  -30.063 0.4444444478
85250  -24.057  -13.902  -28.730 0.2222222239
86336  -20.339  -12.878  -29.565 0.4444444478
86353  -20.424  -12.251  -30.004 0.4444444478
86354  -21.482  -12.438  -30.061 0.4444444478
86356  -23.394  -12.669  -30.514 0.4444444478
86357  -24.392  -12.931  -30.710 0.2222222239
87453  -21.573  -11.538  -30.420 0.4444444478
87454  -22.607  -11.617  -30.407 0.4444444478
86371  -24.969  -12.428  -31.249 0.1111111119
86358  -25.279  -12.425  -30.589 0.1111111119
87456  -24.395  -11.874  -31.023 0.3333333433
87455  -23.578  -11.796  -30.589 0.3333333433
88589  -22.695  -10.789  -30.689 0.4444444478
88590  -23.596  -10.909  -30.729 0.3333333433
88588  -21.646  -10.604  -30.787 0.5555555820
88611  -25.131  -10.959  -31.243 0.2222222239
88612  -25.901  -10.875  -31.471 0.1111111119
88613  -26.789  -10.703  -31.644 0.1111111119
89681  -24.477  -10.139  -30.775 0.3333333433
90796  -24.517  -9.324  -30.766 0.3333333433
90795  -23.705  -9.203  -30.699 0.4444444478
91928  -24.286  -7.510  -31.114 0.6666666865
90814  -26.235  -8.805  -31.460 0.4444444478
91931  -27.463  -7.586  -31.587 0.3333333433
92955  -24.631  -6.483  -31.305 0.6666666865
92957  -26.749  -6.532  -31.334 0.5555555820
94038  -26.036  -5.462  -31.440 0.5555555820
94039  -27.074  -5.470  -31.440 0.5555555820
92958  -27.665  -6.496  -31.626 0.4444444478
94040  -27.945  -5.483  -31.781 0.3333333433
95078  -28.309  -4.528  -31.967 0.4444444478
96110  -27.971  -3.562  -31.593 0.5555555820
95077  -27.472  -4.485  -31.566 0.4444444478
96111  -28.815  -3.616  -32.033 0.4444444478
109360  -23.815  9.205  -34.810 0.5555555820
109361  -24.539  9.317  -34.433 0.5555555820
110366  -25.922  10.461  -34.188 0.5555555820
110367  -26.949  10.597  -34.065 0.5555555820
111509  -27.420  11.344  -34.464 0.5555555820
85272  -22.237  -13.967  -29.876 0.4444444478
85274  -23.929  -13.622  -29.689 0.2222222239
87468  -25.657  -11.644  -31.395 0.1111111119
90813  -25.143  -8.818  -30.977 0.4444444478
89700  -26.076  -9.912  -31.526 0.3333333433
91929  -25.413  -7.639  -31.107 0.6666666865
91930  -26.493  -7.664  -31.290 0.4444444478
94056  -28.606  -5.488  -32.384 0.3333333433
98160  -29.824  -1.822  -33.670 0.4444444478
111506  -24.513  10.723  -34.782 0.5555555820
90815  -27.229  -8.709  -31.805 0.2222222239
110368  -27.971  10.614  -34.212 0.5555555820
84168  -20.895  -14.690  -29.527 0.4444444478
84169  -22.041  -14.943  -29.670 0.4444444478
84171  -23.285  -14.055  -29.433 0.2222222239
84152  -23.542  -14.514  -28.602 0.2222222239
84153  -24.338  -14.126  -28.171 0.1111111119
86335  -19.183  -12.716  -29.403 0.4444444478
85270  -20.221  -13.696  -29.324 0.4444444478
86338  -24.516  -13.147  -29.919 0.1111111119
86339  -24.934  -12.690  -29.774 0.1111111119
85251  -24.570  -13.588  -28.575 0.1111111119
86359  -25.893  -11.974  -30.668 0.1111111119
86389  -25.735  -12.025  -31.377 0.1111111119
87470  -27.237  -10.946  -31.329 0.1111111119
88614  -27.935  -10.488  -31.825 0.1111111119
89701  -27.030  -9.815  -31.914 0.1111111119
90816  -28.192  -8.505  -32.148 0.2222222239
91932  -28.217  -7.422  -31.908 0.1111111119
94057  -29.256  -5.462  -32.896 0.2222222239
95095  -29.059  -4.565  -32.463 0.3333333433
97159  -29.238  -2.692  -32.270 0.4444444478
97160  -29.809  -2.757  -33.065 0.3333333433
98173  -29.942  -1.902  -34.728 0.3333333433
99142  -29.618  -0.788  -33.193 0.4444444478
99157  -29.883  -0.864  -34.202 0.3333333433
104245  -18.777  4.486  -33.187 0.4444444478
105363  -29.421  5.266  -34.590 0.3333333433
110377  -28.704  10.766  -34.834 0.5555555820
110363  -23.630  9.716  -35.028 0.5555555820
110375  -23.429  10.307  -35.219 0.5555555820
110365  -24.961  10.227  -34.459 0.5555555820
111508  -26.468  11.280  -34.430 0.5555555820
112566  -27.531  11.870  -34.721 0.5555555820
110376  -24.021  10.631  -34.905 0.5555555820
89678  -21.985  -10.026  -30.918 0.5555555820
90794  -22.988  -9.212  -30.737 0.6666666865
89680  -23.638  -10.070  -30.692 0.3333333433
85273  -23.033  -13.905  -29.992 0.4444444478
85283  -23.192  -13.329  -30.354 0.4444444478
86337  -21.069  -12.892  -29.769 0.4444444478
85271  -21.239  -13.754  -29.664 0.4444444478
85281  -21.723  -13.256  -29.842 0.4444444478
86355  -22.486  -12.478  -30.230 0.4444444478
85284  -23.770  -13.291  -30.511 0.2222222239
86372  -25.564  -12.176  -31.294 0.1111111119
88591  -24.405  -10.995  -30.985 0.3333333433
87467  -25.016  -11.753  -31.393 0.2222222239
89699  -25.261  -10.048  -31.046 0.2222222239
90817  -28.552  -7.973  -32.180 0.1111111119
92956  -25.702  -6.528  -31.238 0.5555555820
92972  -28.388  -6.461  -32.096 0.3333333433
96126  -29.595  -3.682  -32.564 0.4444444478
87469  -26.317  -11.526  -31.225 0.1111111119
111518  -24.178  11.406  -35.011 0.5555555820
83045  -21.334  -15.522  -29.476 0.4444444478
84151  -22.739  -15.046  -29.147 0.4444444478
84170  -22.851  -14.449  -29.527 0.4444444478
85269  -19.408  -13.722  -28.970 0.4444444478
85275  -24.754  -13.133  -29.177 0.1111111119
77266  -22.176  -19.817  -25.544 0.1111111119
79593  -19.076  -18.420  -27.384 0.3333333433
77298  -20.835  -19.617  -26.995 0.2222222239
77281  -21.529  -19.603  -26.341 0.2222222239
77282  -22.376  -19.955  -26.595 0.1111111119
81903  -17.982  -16.084  -27.134 0.3333333433
81894  -18.147  -17.136  -26.943 0.3333333433
80743  -18.540  -17.795  -27.136 0.3333333433
80745  -20.018  -18.024  -28.070 0.3333333433
79608  -20.437  -18.750  -28.117 0.3333333433
77313  -20.899  -20.047  -27.779 0.2222222239
78500  -21.393  -19.736  -28.448 0.2222222239
77314  -21.504  -20.292  -27.923 0.2222222239
77300  -22.369  -20.115  -27.491 0.1111111119
77331  -21.409  -20.238  -28.295 0.2222222239
85235  -17.534  -13.984  -27.175 0.2222222239
84135  -18.038  -14.715  -27.427 0.2222222239
83013  -18.274  -15.639  -27.407 0.2222222239
81904  -18.538  -16.637  -27.337 0.3333333433
80744  -19.358  -17.630  -27.677 0.3333333433
78501  -21.955  -19.943  -28.414 0.1111111119
85248  -17.888  -13.827  -27.875 0.2222222239
84148  -18.196  -14.407  -27.791 0.3333333433
85249  -18.716  -13.798  -28.455 0.3333333433
84149  -18.678  -14.722  -28.048 0.3333333433
84166  -19.404  -14.594  -28.754 0.3333333433
83014  -18.872  -15.731  -27.850 0.3333333433
83027  -19.681  -15.646  -28.595 0.3333333433
81920  -20.887  -16.659  -29.090 0.3333333433
83028  -20.356  -16.139  -28.901 0.3333333433
80760  -21.201  -17.710  -28.515 0.3333333433
81921  -21.623  -16.719  -28.829 0.3333333433
80746  -21.506  -18.041  -27.802 0.1111111119
81906  -21.756  -17.182  -27.949 0.2222222239
86312  -17.468  -12.570  -27.743 0.2222222239
86313  -18.037  -12.991  -28.423 0.2222222239
84167  -20.046  -14.572  -29.200 0.3333333433
83043  -19.864  -15.119  -29.070 0.3333333433
83044  -20.515  -15.565  -29.248 0.3333333433
81937  -21.074  -15.999  -29.357 0.3333333433
87417  -17.659  -11.520  -27.794 0.3333333433
86333  -17.727  -12.198  -28.349 0.3333333433
83046  -21.887  -15.690  -29.381 0.3333333433
83029  -22.414  -15.598  -29.158 0.3333333433
95096  -29.706  -4.617  -33.028 0.2222222239
96127  -30.050  -3.752  -33.410 0.2222222239
100208  -29.733  0.065  -34.815 0.3333333433
79594  -19.715  -18.580  -27.710 0.3333333433
78485  -20.147  -19.430  -27.526 0.3333333433
77299  -21.582  -19.942  -27.279 0.2222222239
77315  -21.932  -20.227  -28.197 0.1111111119
84136  -18.486  -15.189  -27.676 0.3333333433
81919  -20.161  -16.706  -28.622 0.3333333433
80759  -20.588  -17.718  -28.438 0.3333333433
79609  -21.023  -18.868  -28.637 0.3333333433
79595  -21.354  -18.623  -28.227 0.3333333433
86314  -18.705  -13.109  -28.838 0.3333333433
77265  -21.217  -19.854  -25.405 0.1111111119
77248  -21.809  -20.389  -24.707 0.1111111119
80734  -18.017  -17.554  -26.588 0.3333333433
79592  -18.701  -18.540  -27.080 0.3333333433
78468  -18.828  -19.037  -26.927 0.3333333433
78469  -19.432  -19.392  -26.806 0.3333333433
78470  -20.134  -19.567  -26.634 0.3333333433
77249  -22.772  -20.289  -24.807 0.1111111119
77267  -23.070  -20.064  -25.779 0.1111111119
77283  -23.229  -20.329  -26.754 0.1111111119
77301  -23.372  -20.313  -27.325 0.1111111119
85247  -17.377  -13.283  -27.289 0.2222222239
79596  -22.015  -18.821  -27.854 0.1111111119
80747  -22.252  -17.919  -27.444 0.1111111119
81907  -22.616  -16.908  -27.500 0.1111111119
81922  -22.363  -16.327  -28.443 0.1111111119
83030  -23.036  -15.525  -28.443 0.1111111119
88552  -17.747  -10.721  -27.179 0.1111111119
97175  -30.111  -2.903  -34.177 0.2222222239
101211  -29.519  1.082  -35.410 0.2222222239
100218  -30.217  -0.133  -36.050 0.2222222239
89657  -17.528  -9.685  -27.975 0.2222222239
98184  -29.978  -1.934  -35.611 0.2222222239
78483  -18.951  -18.795  -27.214 0.3333333433
78484  -19.312  -19.018  -27.320 0.3333333433
83012  -17.720  -15.509  -26.960 0.2222222239
80758  -19.900  -17.363  -28.260 0.3333333433
78499  -20.835  -19.761  -28.304 0.2222222239
81905  -19.451  -16.613  -28.055 0.3333333433
78487  -22.495  -19.820  -27.877 0.1111111119
78486  -21.683  -19.379  -28.283 0.1111111119
81938  -21.496  -16.137  -29.258 0.3333333433
81939  -22.021  -16.158  -29.135 0.3333333433
77247  -20.817  -20.577  -24.724 0.1111111119
77280  -20.698  -19.479  -26.112 0.2222222239
79580  -18.262  -18.480  -26.530 0.3333333433
79579  -17.849  -17.981  -26.293 0.2222222239
78457  -18.683  -19.400  -26.081 0.3333333433
78458  -19.660  -19.623  -26.055 0.3333333433
78459  -20.180  -19.611  -26.060 0.3333333433
83003  -17.205  -15.511  -26.439 0.2222222239
81893  -17.594  -16.517  -26.560 0.2222222239
96150  -30.460  -3.424  -34.776 0.1111111119
96142  -30.738  -3.958  -34.721 0.1111111119
95137  -31.839  -4.058  -36.801 0.1111111119
96151  -30.835  -3.617  -35.352 0.1111111119
97198  -30.628  -2.825  -36.188 0.1111111119
97204  -31.770  -2.810  -36.662 0.1111111119
99171  -29.966  -1.012  -35.233 0.1111111119
98192  -31.333  -2.007  -36.650 0.1111111119
99184  -30.099  -1.294  -35.905 0.1111111119
99195  -30.834  -1.248  -36.584 0.1111111119
100219  -30.535  -0.742  -36.499 0.1111111119
104272  -29.370  4.254  -35.668 0.1111111119
104261  -29.492  4.063  -34.739 0.2222222239
105371  -29.446  5.339  -36.050 0.1111111119
103250  -29.457  3.220  -35.310 0.1111111119
104283  -29.074  4.355  -36.769 0.1111111119
109371  -23.310  9.265  -35.260 0.4444444478
110374  -22.324  10.567  -35.404 0.4444444478
106456  -29.528  6.468  -36.629 0.1111111119
111507  -25.346  11.312  -34.696 0.4444444478
110378  -29.326  10.627  -35.478 0.3333333433
109373  -29.435  9.450  -35.533 0.2222222239
108406  -29.512  8.376  -36.303 0.1111111119
107440  -29.546  7.438  -35.888 0.1111111119
107446  -29.578  7.505  -36.741 0.1111111119
111519  -24.938  11.924  -34.990 0.4444444478
112573  -25.610  12.486  -35.005 0.4444444478
112564  -26.222  11.988  -34.638 0.4444444478
112574  -26.700  12.653  -35.044 0.4444444478
112565  -27.030  11.970  -34.626 0.4444444478
112575  -27.741  12.409  -35.077 0.4444444478
112576  -28.655  12.404  -35.710 0.4444444478
112577  -29.018  11.874  -35.903 0.2222222239
111527  -29.325  11.355  -36.056 0.2222222239
110381  -29.508  10.424  -36.335 0.2222222239
110385  -29.216  10.295  -37.319 0.2222222239
109379  -29.449  9.339  -36.819 0.2222222239
115473  -27.942  15.246  -41.415 0.1111111119
113583  -28.744  13.441  -40.257 0.1111111119
109394  -28.926  9.322  -38.867 0.1111111119
111516  -22.401  11.564  -35.161 0.4444444478
112570  -22.872  11.971  -35.202 0.4444444478
111517  -23.126  11.370  -35.189 0.4444444478
112571  -23.483  12.444  -35.213 0.3333333433
112572  -24.611  12.510  -35.136 0.4444444478
113557  -26.256  13.480  -35.423 0.4444444478
114548  -27.501  14.059  -36.071 0.4444444478
113558  -27.325  13.460  -35.579 0.4444444478
113559  -28.139  13.165  -35.629 0.4444444478
114552  -27.139  14.912  -36.528 0.3333333433
114554  -28.461  13.897  -36.927 0.3333333433
113568  -28.664  13.154  -37.221 0.1111111119
112586  -28.562  12.545  -37.929 0.1111111119
112592  -28.672  12.277  -38.835 0.1111111119
111539  -28.911  11.153  -37.723 0.2222222239
112593  -28.678  11.843  -38.064 0.1111111119
113556  -25.219  13.433  -35.277 0.3333333433
114547  -26.843  14.431  -36.043 0.3333333433
115449  -27.270  15.122  -36.818 0.2222222239
114557  -28.022  14.884  -37.329 0.2222222239
114558  -28.393  14.338  -37.613 0.2222222239
114561  -28.497  14.342  -38.769 0.1111111119
116266  -26.949  16.106  -37.632 0.1111111119
115454  -27.462  15.436  -37.527 0.1111111119
115459  -27.771  15.679  -38.707 0.1111111119
113577  -28.756  13.432  -39.392 0.1111111119
115465  -28.283  15.340  -39.299 0.1111111119
114564  -28.765  14.380  -39.805 0.1111111119
113555  -24.208  13.399  -35.076 0.3333333433
114544  -23.690  14.259  -34.719 0.3333333433
114545  -24.796  14.386  -35.212 0.3333333433
114546  -25.792  14.348  -35.644 0.3333333433
115443  -26.176  14.948  -36.007 0.3333333433
115448  -26.523  15.480  -36.661 0.2222222239
115453  -26.820  15.911  -37.291 0.2222222239
117184  -27.118  17.128  -39.459 0.1111111119
116279  -28.195  15.866  -40.143 0.1111111119
117193  -26.443  17.157  -41.859 0.1111111119
115432  -22.691  14.990  -33.992 0.1111111119
115440  -23.430  14.985  -34.369 0.1111111119
115441  -24.311  15.510  -34.954 0.2222222239
116251  -24.763  15.975  -35.779 0.2222222239
115442  -25.427  15.384  -35.882 0.3333333433
116259  -25.205  16.473  -36.543 0.2222222239
116264  -25.518  16.875  -37.219 0.1111111119
117173  -25.037  17.376  -37.225 0.1111111119
117174  -25.563  17.144  -37.678 0.1111111119
117178  -25.985  17.301  -38.333 0.1111111119
116270  -27.131  16.435  -38.366 0.1111111119
117179  -26.670  17.166  -38.699 0.1111111119
117183  -26.249  17.738  -39.374 0.1111111119
117188  -27.327  16.888  -40.574 0.1111111119
116284  -27.357  16.259  -41.894 0.1111111119
114575  -27.495  14.222  -42.139 0.1111111119
115420  -22.922  16.488  -33.796 0.1111111119
115433  -23.429  16.026  -34.162 0.1111111119
116240  -23.811  16.916  -34.558 0.1111111119
117155  -23.759  17.760  -35.124 0.1111111119
117165  -24.242  17.678  -36.117 0.1111111119
116258  -24.592  16.995  -36.215 0.2222222239
117166  -24.696  17.272  -36.613 0.1111111119
118081  -24.138  18.595  -37.483 0.1111111119
117176  -24.546  18.002  -37.627 0.1111111119
118087  -24.260  18.542  -38.378 0.1111111119
117182  -25.511  17.894  -38.878 0.1111111119
116239  -23.173  16.964  -34.045 0.1111111119
117138  -23.342  17.770  -33.716 0.1111111119
117154  -23.463  18.132  -34.474 0.1111111119
118063  -23.788  18.590  -35.857 0.1111111119
118960  -23.946  19.251  -37.227 0.1111111119
118049  -23.641  18.783  -34.083 0.1111111119
95130  -31.380  -3.993  -35.603 0.1111111119
97187  -30.705  -3.210  -35.779 0.1111111119
96170  -31.329  -3.326  -36.435 0.1111111119
96172  -32.031  -3.568  -36.712 0.1111111119
100230  -29.676  0.418  -37.196 0.1111111119
101221  -29.467  1.150  -36.577 0.1111111119
111510  -28.116  11.269  -34.593 0.4444444478
107451  -29.360  7.084  -37.369 0.1111111119
113573  -28.560  13.357  -38.293 0.1111111119
111547  -28.707  11.226  -39.597 0.1111111119
115469  -28.363  15.289  -40.413 0.1111111119
116250  -24.410  16.724  -35.451 0.2222222239
117139  -23.441  17.519  -34.401 0.1111111119
118073  -24.048  18.544  -36.680 0.1111111119
118947  -23.846  19.568  -35.663 0.1111111119
96153  -32.884  -3.440  -34.881 0.1111111119
96165  -32.344  -3.447  -35.846 0.1111111119
109369  -21.707  9.518  -35.556 0.4444444478
113563  -27.933  13.775  -35.990 0.4444444478
116225  -22.625  16.890  -33.323 0.1111111119
117128  -22.939  17.683  -32.848 0.1111111119
118062  -23.570  18.761  -34.992 0.1111111119
95120  -32.611  -4.190  -35.006 0.1111111119
95109  -30.057  -4.641  -33.813 0.1111111119
95110  -30.561  -4.617  -34.419 0.1111111119
94091  -32.037  -4.485  -35.833 0.1111111119
97188  -33.219  -2.470  -34.160 0.1111111119
98187  -32.769  -1.536  -35.445 0.1111111119
98193  -31.969  -1.876  -36.667 0.1111111119
99186  -32.579  -0.669  -35.912 0.1111111119
99196  -31.445  -1.072  -36.729 0.1111111119
100231  -30.651  -0.306  -37.038 0.1111111119
101227  -29.448  1.375  -37.464 0.1111111119
102269  -29.230  2.317  -38.232 0.1111111119
103275  -28.582  3.447  -37.632 0.1111111119
109370  -22.668  9.447  -35.600 0.4444444478
104297  -28.630  4.498  -37.587 0.1111111119
105376  -29.099  5.348  -37.117 0.1111111119
108413  -29.431  8.144  -37.472 0.1111111119
106461  -28.965  6.223  -37.656 0.1111111119
111515  -21.752  11.181  -35.159 0.4444444478
108428  -28.349  8.265  -39.306 0.1111111119
109393  -28.532  9.455  -39.262 0.1111111119
112562  -22.474  12.494  -35.015 0.2222222239
113554  -23.375  13.409  -35.079 0.2222222239
111557  -28.297  11.258  -40.630 0.1111111119
114537  -22.062  14.233  -34.202 0.1111111119
115418  -21.914  15.258  -33.399 0.1111111119
116224  -21.812  16.218  -33.234 0.1111111119
116290  -26.869  16.119  -42.377 0.1111111119
116212  -22.026  16.713  -32.585 0.1111111119
117120  -22.587  17.408  -31.998 0.1111111119
118091  -24.403  18.833  -39.423 0.1111111119
118097  -25.489  18.477  -40.950 0.1111111119
118102  -25.553  17.900  -42.057 0.1111111119
118043  -23.577  18.576  -33.075 0.1111111119
118948  -23.891  19.342  -36.500 0.1111111119
119895  -23.753  19.999  -37.505 0.1111111119
118936  -23.818  19.713  -34.689 0.1111111119
102236  -29.439  2.208  -34.770 0.1111111119
111521  -28.407  11.712  -35.004 0.4444444478
97197  -30.159  -2.433  -35.900 0.1111111119
98185  -30.158  -2.009  -36.182 0.1111111119
97199  -32.572  -2.451  -35.769 0.1111111119
102250  -29.455  2.210  -35.962 0.1111111119
103262  -29.222  3.288  -36.439 0.1111111119
102259  -29.163  2.271  -37.079 0.1111111119
107457  -28.857  7.110  -38.240 0.1111111119
113565  -28.740  12.797  -36.626 0.2222222239
112582  -28.922  12.141  -36.451 0.2222222239
112587  -28.817  12.104  -37.299 0.1111111119
110394  -28.919  10.230  -38.259 0.2222222239
109386  -29.259  9.288  -37.928 0.1111111119
115474  -28.285  14.760  -40.945 0.1111111119
116278  -27.889  16.046  -40.779 0.1111111119
112598  -28.755  12.333  -39.956 0.1111111119
114569  -28.553  14.235  -40.592 0.1111111119
113590  -28.216  13.319  -40.995 0.1111111119
112603  -28.362  12.420  -40.727 0.1111111119
109403  -28.541  9.022  -39.268 0.1111111119
108429  -28.791  8.735  -39.072 0.1111111119
110393  -28.594  10.149  -39.182 0.2222222239
111538  -28.717  11.154  -38.603 0.2222222239
115455  -28.067  14.983  -37.662 0.2222222239
116274  -27.857  16.158  -39.568 0.1111111119
112563  -22.999  12.969  -35.235 0.3333333433
114539  -23.132  13.846  -34.891 0.1111111119
115447  -25.757  15.841  -36.486 0.2222222239
116265  -26.218  16.467  -37.469 0.1111111119
116269  -26.506  16.841  -38.214 0.1111111119
117187  -26.643  17.587  -40.475 0.1111111119
118098  -26.071  17.849  -41.238 0.1111111119
115431  -22.086  14.696  -33.796 0.1111111119
115439  -23.022  14.676  -34.367 0.1111111119
114543  -23.216  14.541  -34.521 0.1111111119
115434  -24.039  16.307  -34.732 0.1111111119
116260  -25.925  16.067  -36.793 0.1111111119
117177  -25.097  17.773  -38.133 0.1111111119
118093  -26.018  18.083  -40.338 0.1111111119
118092  -25.365  18.428  -39.723 0.1111111119
115419  -22.492  16.021  -33.698 0.1111111119
117172  -24.428  17.893  -36.950 0.1111111119
118088  -24.892  18.267  -38.889 0.1111111119
94090  -31.878  -4.694  -35.567 0.1111111119
96166  -32.667  -2.941  -35.397 0.1111111119
108420  -29.037  8.324  -38.635 0.1111111119
110402  -28.341  10.292  -40.063 0.1111111119
118970  -23.641  19.434  -38.127 0.1111111119
119871  -23.768  20.625  -35.408 0.1111111119
97200  -32.888  -2.388  -35.049 0.1111111119
116213  -22.500  17.206  -32.700 0.1111111119
109411  -27.830  9.839  -40.172 0.1111111119
112609  -27.842  12.373  -41.328 0.1111111119
114538  -22.787  14.215  -34.619 0.1111111119
113548  -21.532  13.449  -33.970 0.1111111119
113589  -27.735  13.226  -41.801 0.1111111119
118978  -23.715  19.395  -39.088 0.1111111119
119880  -23.969  19.780  -36.992 0.1111111119
119879  -23.689  20.438  -36.610 0.1111111119
119905  -23.347  20.155  -38.088 0.1111111119
94025  -17.623  -5.574  -30.140 0.2222222239
96083  -17.167  -3.842  -29.881 0.2222222239
95066  -17.545  -4.622  -30.411 0.3333333433
109368  -20.848  9.467  -35.189 0.2222222239
111504  -21.197  11.341  -34.699 0.1111111119
111505  -21.869  11.770  -34.847 0.1111111119
105320  -17.974  4.931  -31.808 0.1111111119
92944  -17.624  -6.427  -29.648 0.2222222239
105334  -18.312  5.215  -32.114 0.1111111119
107409  -19.805  7.231  -33.607 0.1111111119
109359  -20.418  9.449  -34.552 0.1111111119
111503  -20.621  11.216  -34.212 0.1111111119
112560  -21.035  11.616  -34.175 0.1111111119
107410  -20.158  7.966  -33.969 0.1111111119
90770  -17.581  -8.708  -28.112 0.2222222239
100144  -15.020  -0.273  -29.690 0.2222222239
99108  -15.587  -1.284  -29.551 0.1111111119
100142  -13.376  0.786  -30.014 0.3333333433
110373  -21.187  10.488  -35.271 0.3333333433
110362  -20.706  10.756  -34.711 0.1111111119
110361  -20.395  10.407  -34.176 0.1111111119
110372  -20.606  10.146  -34.857 0.1111111119
108374  -20.289  8.320  -33.733 0.1111111119
109353  -20.290  9.461  -33.914 0.1111111119
108382  -20.229  8.559  -34.220 0.1111111119
89702  -27.953  -9.561  -32.230 0.1111111119
77263  -19.286  -20.049  -25.348 0.1111111119
77264  -20.243  -19.985  -25.485 0.1111111119
78441  -17.346  -19.882  -25.163 0.1111111119
79565  -17.530  -18.405  -25.920 0.1111111119
80733  -17.547  -17.478  -26.166 0.1111111119
81880  -17.164  -16.982  -26.075 0.1111111119
90749  -17.492  -9.015  -27.210 0.1111111119
95052  -17.229  -4.691  -29.493 0.1111111119
104214  -13.778  4.307  -30.628 0.2222222239
104215  -14.878  4.050  -30.506 0.2222222239
105298  -13.138  5.774  -30.540 0.2222222239
105300  -15.192  5.646  -30.266 0.2222222239
78456  -17.686  -19.429  -25.562 0.1111111119
77262  -18.387  -20.049  -25.232 0.1111111119
78440  -16.830  -19.434  -25.030 0.1111111119
78455  -17.190  -18.926  -25.505 0.1111111119
80720  -17.007  -17.516  -25.731 0.1111111119
81892  -16.952  -15.973  -26.254 0.1111111119
84134  -17.404  -14.615  -26.584 0.1111111119
85234  -17.328  -13.527  -26.547 0.1111111119
91872  -17.681  -8.060  -27.595 0.1111111119
92938  -17.373  -6.304  -28.849 0.1111111119
105297  -11.404  5.521  -30.012 0.2222222239
106378  -15.909  6.239  -30.034 0.2222222239
105302  -17.063  5.629  -30.606 0.1111111119
77245  -18.897  -20.767  -24.779 0.1111111119
105301  -16.209  5.659  -30.312 0.2222222239
104194  -17.224  4.960  -30.917 0.1111111119
91888  -17.646  -7.671  -28.323 0.1111111119
103180  -12.356  3.893  -30.290 0.2222222239
84133  -17.274  -14.169  -26.234 0.1111111119
86304  -17.416  -12.522  -26.888 0.1111111119
89637  -17.568  -9.848  -27.245 0.1111111119
84124  -17.032  -15.048  -26.239 0.1111111119
79566  -17.980  -18.986  -26.105 0.1111111119
94012  -17.361  -5.549  -29.131 0.1111111119
77261  -17.721  -20.119  -25.121 0.1111111119
90750  -17.921  -8.492  -26.939 0.1111111119
107372  -12.135  7.185  -30.018 0.1111111119
81879  -16.732  -16.441  -25.761 0.1111111119
90735  -17.630  -9.532  -26.950 0.1111111119
90736  -17.939  -9.431  -26.680 0.1111111119
106379  -16.876  6.289  -30.277 0.1111111119
105303  -17.678  5.463  -30.962 0.1111111119
106422  -18.752  5.744  -32.514 0.1111111119
103141  -12.688  3.090  -29.916 0.1111111119
106423  -19.094  6.226  -33.112 0.1111111119
107422  -19.758  6.894  -34.023 0.1111111119
77330  -21.070  -20.207  -28.157 0.2222222239
77332  -21.674  -20.161  -28.391 0.2222222239
78513  -20.999  -20.087  -28.365 0.2222222239
78514  -21.285  -20.038  -28.434 0.2222222239
78515  -21.598  -19.972  -28.494 0.2222222239
84150  -22.414  -15.202  -29.350 0.3333333433
86373  -25.928  -11.995  -31.254 0.1111111119
86390  -26.087  -11.887  -31.354 0.1111111119
87484  -25.854  -11.799  -31.370 0.1111111119
92952  -22.328  -6.690  -31.968 1.0000000000
94078  -31.614  -5.158  -34.939 0.1111111119
95108  -23.171  -3.679  -33.246 1.0000000000
95117  -31.143  -4.418  -34.986 0.1111111119
95118  -31.609  -4.472  -35.474 0.1111111119
95119  -32.276  -4.328  -35.559 0.1111111119
95131  -31.797  -4.129  -36.132 0.1111111119
95132  -32.039  -4.097  -36.479 0.1111111119
95138  -31.989  -4.003  -37.033 0.1111111119
96136  -21.647  -3.396  -33.323 1.0000000000
96141  -30.410  -3.868  -34.181 0.2222222239
96152  -32.543  -3.883  -35.361 0.1111111119
96163  -31.208  -3.541  -36.040 0.1111111119
96164  -31.607  -3.788  -36.529 0.1111111119
96171  -31.755  -3.612  -36.722 0.1111111119
97174  -24.479  -2.329  -33.023 0.8888888955
97186  -30.262  -2.817  -35.364 0.1111111119
97203  -31.251  -2.810  -36.546 0.1111111119
97205  -32.177  -2.667  -36.385 0.1111111119
98132  -28.089  -1.748  -31.528 0.5555555820
98171  -22.834  -0.758  -34.202 1.0000000000
98186  -32.444  -1.689  -36.239 0.1111111119
98191  -30.680  -2.065  -36.495 0.1111111119
99126  -27.752  -0.985  -31.574 0.6666666865
99140  -26.270  -0.558  -31.717 0.7777777910
99167  -22.321  -0.124  -34.330 1.0000000000
99170  -24.288  0.062  -33.911 0.8888888955
99185  -30.393  -1.269  -36.285 0.1111111119
99197  -32.144  -0.872  -36.599 0.1111111119
100161  -13.783  0.768  -30.199 0.3333333433
100162  -14.482  0.559  -30.167 0.4444444478
100170  -27.615  -0.292  -31.634 0.6666666865
100180  -18.377  0.428  -32.609 0.7777777910
101123  -13.020  1.136  -29.952 0.3333333433
101153  -13.413  1.315  -30.254 0.4444444478
101156  -15.967  1.252  -30.410 0.4444444478
101171  -25.285  1.377  -32.540 0.7777777910
101187  -19.380  1.515  -33.405 0.8888888955
101197  -20.636  1.609  -34.182 1.0000000000
101198  -21.269  1.761  -34.462 1.0000000000
102158  -13.120  2.116  -30.172 0.3333333433
102172  -13.705  2.170  -30.345 0.4444444478
102175  -16.516  2.224  -30.691 0.5555555820
102214  -25.147  2.265  -32.699 0.8888888955
102247  -21.907  3.430  -35.222 0.8888888955
103159  -11.724  4.265  -30.035 0.2222222239
103160  -12.041  3.954  -30.053 0.2222222239
103179  -11.904  4.298  -30.189 0.2222222239
103181  -13.103  3.210  -30.559 0.3333333433
103218  -29.251  3.473  -33.379 0.5555555820
103247  -21.535  3.730  -35.182 0.7777777910
103249  -22.761  3.940  -35.429 0.7777777910
104176  -11.503  5.001  -29.838 0.2222222239
104189  -11.578  4.747  -30.147 0.2222222239
104190  -11.605  4.459  -30.035 0.2222222239
104191  -14.667  4.895  -30.392 0.2222222239
104195  -17.611  5.073  -31.267 0.1111111119
104212  -12.039  4.653  -30.398 0.2222222239
104213  -12.746  4.379  -30.594 0.2222222239
104216  -15.912  4.020  -30.327 0.2222222239
104219  -18.035  4.736  -31.965 0.1111111119
104269  -21.460  4.606  -35.273 0.6666666865
105285  -11.552  5.671  -29.453 0.2222222239
105299  -13.997  5.565  -30.424 0.2222222239
105316  -11.759  5.443  -30.400 0.2222222239
105317  -12.501  5.377  -30.577 0.2222222239
105318  -13.197  5.079  -30.611 0.2222222239
106374  -11.495  6.195  -29.743 0.2222222239
106375  -12.781  6.058  -30.525 0.2222222239
106376  -13.304  6.616  -30.287 0.1111111119
106377  -14.768  6.312  -30.118 0.2222222239
106392  -11.638  6.145  -30.220 0.2222222239
106393  -12.274  6.273  -30.456 0.1111111119
106394  -12.560  6.747  -30.312 0.1111111119
106468  -28.697  6.367  -38.214 0.1111111119
107349  -11.932  6.462  -29.108 0.1111111119
107350  -12.358  6.500  -28.995 0.1111111119
107358  -11.801  6.668  -29.609 0.1111111119
107359  -12.279  6.896  -29.575 0.1111111119
107360  -12.856  6.829  -29.415 0.1111111119
107371  -11.761  6.678  -30.061 0.1111111119
107373  -12.806  7.290  -29.944 0.1111111119
107386  -11.901  6.524  -30.287 0.1111111119
107387  -12.167  6.809  -30.246 0.1111111119
107388  -12.572  7.031  -30.159 0.1111111119
107412  -25.763  7.538  -33.365 0.6666666865
108386  -28.689  8.306  -33.966 0.6666666865
109372  -29.080  10.081  -35.023 0.3333333433
109402  -27.953  9.281  -39.677 0.1111111119
110364  -24.096  10.031  -34.781 0.5555555820
110411  -27.840  10.284  -40.584 0.1111111119
111520  -27.867  11.736  -34.741 0.4444444478
111522  -28.967  11.477  -35.462 0.2222222239
111532  -29.104  11.246  -36.862 0.2222222239
111568  -28.039  11.816  -41.051 0.1111111119
112581  -28.736  12.694  -36.269 0.2222222239
113550  -22.778  13.422  -34.992 0.2222222239
113564  -28.489  13.351  -36.341 0.3333333433
113569  -28.802  12.569  -36.890 0.2222222239
113578  -28.903  13.850  -39.852 0.1111111119
113584  -28.924  13.869  -40.088 0.1111111119
114528  -21.716  14.295  -33.622 0.1111111119
114553  -27.835  14.496  -36.663 0.2222222239
114565  -28.955  14.085  -39.967 0.1111111119
114570  -28.847  14.076  -40.193 0.1111111119
114576  -28.071  14.178  -41.323 0.1111111119
115460  -28.150  15.080  -38.243 0.2222222239
115464  -27.953  15.716  -39.195 0.1111111119
115468  -28.078  15.542  -40.860 0.1111111119
116275  -28.253  15.709  -39.835 0.1111111119
116283  -26.723  16.473  -42.229 0.1111111119
117194  -27.309  16.633  -41.289 0.1111111119
