#!ascii label  , from subject ernie vox2ras=TkReg
623
20023  -46.403  -68.667  -23.701 0.0000000000
27099  -43.345  -62.817  -31.093 0.0000000000
24561  -41.834  -64.441  -21.856 0.0000000000
24665  -46.644  -64.737  -28.259 0.0000000000
24618  -39.224  -63.995  -26.292 0.0000000000
18848  -42.192  -69.485  -21.048 0.0000000000
23420  -36.197  -65.445  -18.987 0.0000000000
25536  -32.187  -63.416  -12.498 0.0000000000
25681  -38.389  -63.446  -20.278 0.0000000000
23469  -40.774  -65.527  -23.719 0.0000000000
24557  -36.821  -64.936  -22.523 0.0000000000
21196  -39.091  -67.504  -20.960 0.0000000000
19948  -36.687  -68.350  -18.093 0.0000000000
30483  -32.968  -59.996  -9.696 0.0000000000
29288  -31.483  -60.977  -13.831 0.0000000000
20042  -43.405  -68.726  -25.558 0.0000000000
27069  -46.257  -62.648  -30.053 0.0000000000
22466  -42.525  -65.674  -29.679 0.0000000000
23622  -43.684  -65.128  -32.142 0.0000000000
23457  -45.244  -66.220  -22.587 0.0000000000
21240  -46.806  -66.647  -26.223 0.0000000000
24642  -43.022  -64.201  -27.715 0.0000000000
28295  -42.834  -61.228  -27.812 0.0000000000
22343  -42.762  -66.025  -20.693 0.0000000000
24514  -39.681  -64.606  -18.933 0.0000000000
25634  -37.278  -62.878  -17.570 0.0000000000
22263  -34.871  -66.592  -14.384 0.0000000000
23388  -33.102  -65.890  -16.817 0.0000000000
25611  -34.034  -62.894  -17.051 0.0000000000
29359  -35.481  -60.422  -16.761 0.0000000000
22403  -42.902  -66.639  -27.041 0.0000000000
27025  -37.352  -62.737  -26.957 0.0000000000
24680  -40.698  -63.952  -30.161 0.0000000000
22509  -39.465  -66.606  -32.366 0.0000000000
26908  -37.262  -62.678  -18.905 0.0000000000
24527  -37.733  -64.086  -21.003 0.0000000000
18894  -44.861  -69.272  -24.944 0.0000000000
27082  -44.821  -61.800  -30.976 0.0000000000
24724  -45.035  -63.754  -31.717 0.0000000000
25872  -44.136  -63.500  -32.498 0.0000000000
24755  -43.989  -64.856  -34.001 0.0000000000
24722  -43.135  -63.897  -32.775 0.0000000000
24563  -43.554  -65.099  -22.153 0.0000000000
23471  -42.789  -65.359  -23.453 0.0000000000
23506  -39.964  -65.475  -25.824 0.0000000000
23531  -41.722  -65.346  -26.403 0.0000000000
24621  -41.421  -64.635  -27.062 0.0000000000
25781  -42.523  -63.285  -28.170 0.0000000000
25779  -40.841  -63.181  -27.326 0.0000000000
21208  -43.707  -67.598  -21.655 0.0000000000
21207  -42.608  -67.696  -21.686 0.0000000000
22338  -37.753  -66.688  -20.120 0.0000000000
22331  -39.011  -65.970  -19.928 0.0000000000
23422  -37.897  -65.292  -19.132 0.0000000000
24505  -39.222  -64.097  -18.541 0.0000000000
24503  -37.032  -64.144  -18.005 0.0000000000
23344  -33.102  -65.429  -13.955 0.0000000000
22286  -33.496  -66.583  -15.507 0.0000000000
24442  -32.218  -65.024  -14.474 0.0000000000
30584  -32.097  -60.109  -14.650 0.0000000000
26836  -32.060  -62.627  -15.923 0.0000000000
28104  -33.089  -61.241  -15.850 0.0000000000
28130  -34.632  -61.421  -16.523 0.0000000000
22430  -46.679  -66.116  -27.268 0.0000000000
22405  -45.167  -67.061  -27.166 0.0000000000
22428  -44.969  -66.280  -27.637 0.0000000000
22447  -40.854  -66.583  -29.215 0.0000000000
25764  -36.415  -63.296  -26.508 0.0000000000
24661  -39.532  -63.803  -28.949 0.0000000000
22479  -38.970  -66.288  -30.413 0.0000000000
25700  -40.548  -63.606  -20.660 0.0000000000
23453  -41.315  -65.050  -22.733 0.0000000000
24559  -39.862  -64.685  -22.130 0.0000000000
23450  -38.166  -65.353  -22.768 0.0000000000
23483  -37.344  -65.023  -24.490 0.0000000000
20004  -40.900  -68.557  -21.322 0.0000000000
19977  -37.404  -67.927  -19.555 0.0000000000
21178  -35.990  -67.517  -18.828 0.0000000000
28031  -32.171  -61.861  -11.044 0.0000000000
26798  -31.558  -62.710  -13.150 0.0000000000
29269  -31.400  -60.839  -12.632 0.0000000000
31782  -31.972  -59.023  -12.724 0.0000000000
31762  -33.927  -57.779  -12.861 0.0000000000
24664  -46.486  -64.126  -28.960 0.0000000000
23575  -44.589  -65.085  -28.955 0.0000000000
24681  -44.652  -64.278  -30.598 0.0000000000
23603  -43.112  -65.413  -30.900 0.0000000000
22496  -41.984  -66.988  -31.514 0.0000000000
21357  -42.213  -67.193  -32.758 0.0000000000
21396  -42.095  -66.747  -34.425 0.0000000000
22559  -41.536  -66.425  -35.538 0.0000000000
22362  -46.373  -67.359  -23.121 0.0000000000
21227  -46.417  -67.542  -24.719 0.0000000000
23512  -46.220  -65.595  -26.021 0.0000000000
24601  -45.686  -65.111  -26.419 0.0000000000
23488  -42.388  -65.633  -24.456 0.0000000000
23533  -43.559  -65.277  -25.948 0.0000000000
24644  -45.572  -64.002  -28.057 0.0000000000
25798  -45.192  -63.131  -28.763 0.0000000000
27066  -43.954  -62.023  -29.196 0.0000000000
28338  -43.297  -61.549  -29.747 0.0000000000
21210  -45.494  -67.556  -21.609 0.0000000000
22345  -44.162  -66.141  -21.143 0.0000000000
24531  -42.777  -64.575  -20.479 0.0000000000
22352  -41.036  -66.728  -21.355 0.0000000000
23435  -41.346  -65.421  -19.909 0.0000000000
25662  -41.594  -63.855  -19.756 0.0000000000
25660  -39.610  -63.176  -19.418 0.0000000000
26892  -38.309  -62.926  -18.404 0.0000000000
28149  -36.947  -61.872  -17.872 0.0000000000
21131  -35.819  -67.562  -15.559 0.0000000000
21167  -35.237  -67.581  -17.443 0.0000000000
22320  -34.825  -66.225  -18.347 0.0000000000
25593  -31.543  -63.866  -15.418 0.0000000000
24490  -33.232  -64.506  -17.293 0.0000000000
24501  -35.289  -64.741  -18.251 0.0000000000
25632  -35.645  -63.255  -17.448 0.0000000000
26859  -35.833  -61.585  -16.931 0.0000000000
20053  -45.064  -68.027  -25.955 0.0000000000
21236  -42.703  -67.873  -25.779 0.0000000000
22426  -42.359  -66.242  -27.876 0.0000000000
21257  -40.701  -67.112  -26.755 0.0000000000
28281  -41.238  -61.047  -26.620 0.0000000000
29557  -42.512  -60.601  -28.244 0.0000000000
27064  -41.860  -62.025  -29.579 0.0000000000
27062  -40.220  -62.675  -28.943 0.0000000000
25829  -42.091  -63.381  -30.753 0.0000000000
23620  -41.603  -65.065  -32.361 0.0000000000
23630  -41.025  -65.615  -33.150 0.0000000000
26907  -36.250  -62.489  -19.086 0.0000000000
25657  -36.776  -63.012  -19.684 0.0000000000
18879  -45.010  -69.641  -24.367 0.0000000000
20029  -45.736  -68.747  -24.539 0.0000000000
27081  -44.308  -61.909  -30.796 0.0000000000
25852  -44.336  -63.035  -31.761 0.0000000000
27100  -43.893  -62.593  -31.195 0.0000000000
25871  -43.583  -63.818  -32.858 0.0000000000
25851  -43.281  -63.428  -31.850 0.0000000000
24562  -42.746  -64.662  -21.851 0.0000000000
23455  -43.034  -65.079  -22.640 0.0000000000
23454  -42.268  -65.012  -22.649 0.0000000000
24599  -39.259  -64.725  -26.101 0.0000000000
23530  -40.790  -65.112  -26.470 0.0000000000
24619  -39.819  -64.287  -26.520 0.0000000000
24640  -41.194  -63.877  -27.528 0.0000000000
25767  -40.252  -63.267  -26.874 0.0000000000
18849  -43.028  -69.491  -21.334 0.0000000000
20006  -43.283  -68.612  -21.662 0.0000000000
20005  -42.070  -68.741  -21.480 0.0000000000
22329  -37.195  -66.222  -19.590 0.0000000000
22330  -38.227  -65.997  -19.751 0.0000000000
23421  -36.988  -65.430  -18.986 0.0000000000
23411  -37.526  -64.670  -18.502 0.0000000000
23410  -36.646  -64.834  -18.526 0.0000000000
26785  -32.109  -63.027  -11.953 0.0000000000
25520  -32.572  -63.529  -11.496 0.0000000000
24408  -32.768  -64.148  -12.567 0.0000000000
24425  -33.675  -65.135  -13.263 0.0000000000
24424  -32.771  -64.708  -13.400 0.0000000000
23362  -32.864  -65.689  -14.642 0.0000000000
25576  -32.190  -64.390  -13.867 0.0000000000
30554  -32.950  -59.274  -13.943 0.0000000000
29310  -32.555  -60.364  -15.104 0.0000000000
30610  -33.979  -60.119  -15.364 0.0000000000
30587  -34.337  -59.233  -14.507 0.0000000000
23557  -46.572  -65.583  -27.750 0.0000000000
23556  -45.829  -65.648  -28.044 0.0000000000
23573  -38.638  -65.213  -28.815 0.0000000000
22463  -39.204  -65.880  -30.041 0.0000000000
22478  -38.181  -66.578  -30.205 0.0000000000
25682  -39.589  -63.348  -20.311 0.0000000000
24544  -40.316  -64.056  -21.404 0.0000000000
24528  -38.826  -63.955  -20.897 0.0000000000
24541  -36.989  -64.711  -21.905 0.0000000000
23449  -37.048  -65.215  -22.971 0.0000000000
23466  -37.639  -65.401  -23.824 0.0000000000
23465  -36.888  -65.040  -23.877 0.0000000000
19964  -36.438  -68.005  -18.953 0.0000000000
19947  -35.890  -67.905  -18.172 0.0000000000
28016  -32.340  -61.607  -10.443 0.0000000000
29237  -32.247  -60.655  -10.504 0.0000000000
29249  -31.705  -60.568  -11.379 0.0000000000
30498  -32.040  -60.071  -10.642 0.0000000000
31783  -32.424  -58.645  -13.209 0.0000000000
20041  -42.092  -68.702  -25.399 0.0000000000
25816  -46.267  -63.136  -29.760 0.0000000000
24683  -46.095  -63.810  -29.487 0.0000000000
24702  -45.913  -63.495  -30.036 0.0000000000
24723  -44.382  -64.337  -32.458 0.0000000000
24700  -44.603  -64.378  -31.532 0.0000000000
22497  -42.743  -66.363  -32.105 0.0000000000
21341  -41.981  -67.497  -32.112 0.0000000000
24767  -42.962  -64.909  -34.298 0.0000000000
22539  -43.218  -65.684  -34.199 0.0000000000
23654  -42.207  -65.599  -34.516 0.0000000000
22537  -41.982  -66.336  -34.824 0.0000000000
22361  -45.865  -66.830  -22.902 0.0000000000
22369  -46.048  -66.984  -23.865 0.0000000000
23511  -45.096  -65.258  -25.730 0.0000000000
23470  -41.799  -65.417  -23.592 0.0000000000
23487  -41.212  -65.704  -24.750 0.0000000000
23532  -42.744  -65.344  -26.204 0.0000000000
24623  -43.645  -64.834  -26.844 0.0000000000
24624  -45.118  -64.677  -26.757 0.0000000000
24643  -44.269  -64.002  -27.934 0.0000000000
24663  -44.945  -63.638  -28.280 0.0000000000
27046  -43.016  -62.375  -28.360 0.0000000000
27047  -43.547  -62.131  -28.778 0.0000000000
28311  -43.346  -61.268  -28.428 0.0000000000
28327  -43.653  -61.469  -29.272 0.0000000000
29558  -43.175  -60.806  -28.406 0.0000000000
22354  -43.174  -66.771  -21.285 0.0000000000
22355  -44.064  -66.742  -21.286 0.0000000000
22344  -43.591  -66.113  -20.897 0.0000000000
23437  -43.186  -65.365  -20.730 0.0000000000
21204  -39.588  -68.016  -21.159 0.0000000000
21205  -40.183  -67.610  -21.386 0.0000000000
21197  -39.703  -67.005  -21.183 0.0000000000
23424  -40.029  -65.048  -19.236 0.0000000000
23434  -40.408  -65.600  -19.824 0.0000000000
23425  -40.885  -64.936  -19.327 0.0000000000
23426  -41.632  -64.800  -19.544 0.0000000000
24516  -41.179  -64.270  -19.478 0.0000000000
25661  -40.535  -63.656  -19.450 0.0000000000
25644  -40.044  -63.714  -18.939 0.0000000000
24495  -37.661  -63.255  -17.724 0.0000000000
25642  -38.475  -63.332  -18.301 0.0000000000
26881  -38.097  -62.900  -17.987 0.0000000000
26891  -37.481  -62.356  -18.269 0.0000000000
26880  -37.419  -62.426  -17.822 0.0000000000
22288  -35.173  -67.143  -15.077 0.0000000000
22303  -32.908  -66.150  -15.838 0.0000000000
21151  -34.590  -67.396  -16.620 0.0000000000
21165  -33.671  -66.681  -16.954 0.0000000000
21166  -34.309  -66.946  -17.438 0.0000000000
22314  -33.569  -66.171  -17.230 0.0000000000
28063  -31.386  -61.922  -13.252 0.0000000000
26818  -31.495  -62.738  -13.931 0.0000000000
26835  -31.438  -62.862  -15.081 0.0000000000
26855  -32.815  -62.609  -16.507 0.0000000000
25609  -32.379  -63.489  -16.458 0.0000000000
25610  -33.400  -63.407  -16.997 0.0000000000
24491  -34.389  -64.556  -17.885 0.0000000000
25631  -34.556  -63.385  -17.427 0.0000000000
24492  -35.427  -64.011  -17.803 0.0000000000
26877  -35.135  -62.871  -17.271 0.0000000000
28131  -35.356  -61.166  -16.713 0.0000000000
26858  -35.480  -61.877  -16.801 0.0000000000
28132  -35.919  -61.244  -17.065 0.0000000000
29360  -35.909  -60.914  -17.173 0.0000000000
21239  -46.648  -67.169  -25.847 0.0000000000
21238  -46.136  -67.617  -25.771 0.0000000000
20054  -45.752  -67.716  -26.022 0.0000000000
22404  -44.121  -66.718  -26.968 0.0000000000
21260  -44.481  -67.563  -26.437 0.0000000000
21259  -43.342  -67.324  -26.413 0.0000000000
21235  -41.461  -67.800  -25.750 0.0000000000
21258  -42.143  -67.244  -26.469 0.0000000000
23574  -43.579  -65.307  -29.310 0.0000000000
23554  -43.918  -65.481  -28.551 0.0000000000
22449  -42.936  -65.691  -28.631 0.0000000000
21299  -39.730  -67.317  -28.434 0.0000000000
22425  -41.124  -66.588  -28.009 0.0000000000
27016  -40.388  -62.164  -26.437 0.0000000000
28280  -40.524  -60.984  -26.035 0.0000000000
29556  -41.522  -60.629  -28.232 0.0000000000
29577  -41.766  -60.784  -28.723 0.0000000000
28309  -41.381  -61.067  -28.745 0.0000000000
25811  -40.055  -63.169  -29.133 0.0000000000
25812  -40.977  -63.238  -29.887 0.0000000000
25828  -41.169  -63.753  -30.353 0.0000000000
24699  -41.868  -64.386  -31.565 0.0000000000
24698  -41.003  -64.461  -30.614 0.0000000000
22495  -40.005  -66.236  -31.934 0.0000000000
23619  -40.761  -65.748  -31.958 0.0000000000
22510  -40.264  -66.281  -32.813 0.0000000000
25658  -37.855  -63.039  -19.603 0.0000000000
25680  -37.277  -63.475  -20.358 0.0000000000
24526  -36.638  -64.067  -21.039 0.0000000000
24540  -35.919  -64.348  -21.736 0.0000000000
30500  -32.995  -58.959  -9.889 0.0000000000
32903  -33.585  -58.143  -9.620 0.0000000000
20043  -44.540  -68.772  -25.470 0.0000000000
27083  -45.829  -62.278  -30.531 0.0000000000
25854  -45.854  -62.847  -30.934 0.0000000000
25853  -45.117  -63.078  -31.570 0.0000000000
24741  -44.588  -63.698  -32.319 0.0000000000
23632  -43.853  -65.005  -33.273 0.0000000000
24740  -44.019  -64.187  -33.270 0.0000000000
24739  -43.133  -64.247  -33.434 0.0000000000
24721  -42.451  -64.242  -32.663 0.0000000000
24564  -44.199  -65.358  -22.062 0.0000000000
24570  -44.153  -65.303  -22.616 0.0000000000
23472  -43.745  -65.293  -23.249 0.0000000000
23489  -43.403  -65.579  -24.329 0.0000000000
23486  -40.231  -65.932  -24.783 0.0000000000
22386  -40.839  -65.741  -25.252 0.0000000000
22385  -40.539  -65.724  -25.442 0.0000000000
24622  -42.420  -64.836  -27.032 0.0000000000
25782  -43.341  -63.607  -28.246 0.0000000000
24641  -41.988  -64.075  -27.666 0.0000000000
25780  -41.609  -63.085  -27.696 0.0000000000
27031  -42.233  -62.166  -27.656 0.0000000000
22353  -42.124  -66.755  -21.363 0.0000000000
22339  -38.544  -66.631  -20.418 0.0000000000
22340  -39.619  -66.334  -20.583 0.0000000000
23423  -39.035  -65.144  -19.202 0.0000000000
23412  -38.386  -64.590  -18.596 0.0000000000
24504  -37.955  -63.761  -18.123 0.0000000000
24494  -37.222  -63.457  -17.631 0.0000000000
24426  -34.382  -65.381  -13.251 0.0000000000
23364  -34.200  -66.189  -14.120 0.0000000000
22287  -34.408  -66.960  -15.222 0.0000000000
23363  -33.496  -66.059  -14.500 0.0000000000
23377  -33.057  -66.073  -15.068 0.0000000000
23376  -32.669  -65.679  -15.344 0.0000000000
30553  -31.788  -59.726  -13.751 0.0000000000
28102  -31.807  -61.825  -15.355 0.0000000000
29331  -32.131  -61.304  -15.475 0.0000000000
28103  -32.614  -61.751  -15.984 0.0000000000
28128  -33.132  -62.076  -16.464 0.0000000000
26857  -34.623  -62.412  -16.834 0.0000000000
29357  -34.057  -61.004  -16.260 0.0000000000
29358  -34.533  -60.505  -16.262 0.0000000000
30638  -34.893  -59.950  -16.265 0.0000000000
21287  -46.696  -66.382  -27.016 0.0000000000
21285  -46.022  -67.018  -26.945 0.0000000000
22429  -45.998  -66.458  -27.387 0.0000000000
22448  -41.832  -66.100  -28.884 0.0000000000
24637  -36.671  -64.128  -27.022 0.0000000000
24638  -37.803  -64.157  -27.765 0.0000000000
25778  -38.296  -63.176  -27.657 0.0000000000
24660  -38.775  -64.273  -28.503 0.0000000000
24678  -39.123  -64.832  -29.020 0.0000000000
24679  -39.838  -64.447  -29.672 0.0000000000
24697  -40.293  -65.004  -30.389 0.0000000000
22494  -39.357  -66.373  -31.323 0.0000000000
24545  -41.251  -63.916  -21.190 0.0000000000
24560  -40.830  -64.517  -22.019 0.0000000000
23452  -40.313  -65.218  -22.817 0.0000000000
24542  -38.234  -64.739  -21.701 0.0000000000
23451  -39.286  -65.375  -22.862 0.0000000000
23468  -39.725  -65.686  -23.788 0.0000000000
23485  -39.157  -65.827  -24.869 0.0000000000
23484  -38.070  -65.328  -24.953 0.0000000000
23504  -38.382  -64.877  -25.527 0.0000000000
19993  -38.686  -68.265  -20.306 0.0000000000
19978  -38.145  -68.321  -19.508 0.0000000000
19992  -38.023  -68.066  -19.950 0.0000000000
21186  -37.163  -67.210  -19.834 0.0000000000
21185  -36.290  -67.100  -19.319 0.0000000000
21184  -35.764  -66.510  -19.107 0.0000000000
26775  -32.137  -62.525  -11.476 0.0000000000
25553  -31.754  -63.291  -13.337 0.0000000000
28046  -31.484  -61.815  -12.366 0.0000000000
30516  -32.078  -59.146  -11.424 0.0000000000
30534  -31.751  -59.600  -12.164 0.0000000000
31784  -33.365  -58.449  -13.424 0.0000000000
23576  -45.623  -65.105  -28.743 0.0000000000
23590  -46.056  -64.493  -29.161 0.0000000000
23589  -45.222  -64.663  -29.266 0.0000000000
23588  -44.287  -64.691  -29.847 0.0000000000
23587  -43.255  -65.309  -30.268 0.0000000000
22512  -43.384  -65.720  -33.530 0.0000000000
21377  -42.368  -66.797  -33.646 0.0000000000
21376  -41.686  -67.469  -34.076 0.0000000000
21395  -41.717  -67.117  -35.192 0.0000000000
21219  -46.760  -67.984  -23.472 0.0000000000
20031  -46.497  -67.968  -24.237 0.0000000000
21223  -46.474  -67.675  -24.087 0.0000000000
22378  -46.593  -67.097  -24.851 0.0000000000
22387  -46.742  -66.960  -25.469 0.0000000000
23492  -46.158  -66.448  -24.843 0.0000000000
23514  -47.013  -66.281  -25.827 0.0000000000
23536  -46.799  -65.614  -26.765 0.0000000000
24626  -46.892  -65.220  -27.300 0.0000000000
24646  -46.880  -64.955  -27.764 0.0000000000
23508  -42.023  -65.650  -25.487 0.0000000000
23509  -43.035  -65.557  -25.281 0.0000000000
24645  -46.440  -64.295  -28.328 0.0000000000
25784  -45.921  -63.673  -28.561 0.0000000000
25799  -46.192  -63.453  -29.117 0.0000000000
27048  -45.813  -62.806  -29.406 0.0000000000
25797  -43.848  -63.190  -28.761 0.0000000000
25815  -44.587  -62.484  -29.198 0.0000000000
27067  -44.910  -62.263  -29.478 0.0000000000
28328  -44.936  -61.722  -29.984 0.0000000000
28339  -44.088  -61.462  -30.179 0.0000000000
21212  -46.645  -67.890  -22.482 0.0000000000
22358  -46.165  -67.340  -22.438 0.0000000000
22357  -45.553  -66.899  -22.067 0.0000000000
21209  -44.672  -67.506  -21.495 0.0000000000
22356  -44.776  -66.615  -21.554 0.0000000000
23444  -44.311  -65.729  -21.505 0.0000000000
24548  -43.749  -65.296  -21.612 0.0000000000
24547  -43.207  -64.800  -21.213 0.0000000000
24546  -42.303  -63.948  -20.786 0.0000000000
21206  -41.425  -67.711  -21.650 0.0000000000
22341  -40.730  -66.095  -20.614 0.0000000000
22342  -41.759  -66.012  -20.627 0.0000000000
23436  -42.345  -65.082  -20.028 0.0000000000
24530  -42.373  -64.143  -20.041 0.0000000000
25702  -41.819  -63.700  -20.235 0.0000000000
25701  -41.383  -63.632  -20.397 0.0000000000
25683  -40.600  -63.327  -19.984 0.0000000000
25643  -39.408  -63.413  -18.826 0.0000000000
26893  -39.001  -62.959  -18.908 0.0000000000
25659  -38.867  -63.038  -19.572 0.0000000000
26909  -38.335  -62.820  -18.913 0.0000000000
21130  -34.876  -67.453  -15.802 0.0000000000
21152  -35.462  -67.734  -16.524 0.0000000000
19963  -35.926  -67.662  -18.590 0.0000000000
21177  -35.310  -67.140  -18.497 0.0000000000
22321  -35.365  -66.170  -18.795 0.0000000000
25575  -31.714  -63.849  -14.317 0.0000000000
24441  -31.668  -64.533  -15.127 0.0000000000
23387  -32.705  -65.547  -16.337 0.0000000000
25594  -31.744  -63.364  -15.849 0.0000000000
24470  -32.402  -64.528  -16.487 0.0000000000
23401  -33.038  -65.394  -17.092 0.0000000000
23402  -33.781  -65.410  -17.637 0.0000000000
24500  -34.798  -65.070  -18.270 0.0000000000
23409  -35.846  -65.058  -18.574 0.0000000000
24502  -36.141  -64.429  -18.088 0.0000000000
24493  -36.385  -63.725  -17.664 0.0000000000
25633  -36.502  -62.991  -17.388 0.0000000000
26878  -35.669  -62.565  -17.146 0.0000000000
26879  -36.357  -62.085  -17.303 0.0000000000
28148  -36.343  -61.403  -17.564 0.0000000000
20044  -45.583  -68.367  -25.228 0.0000000000
20052  -44.268  -68.167  -25.799 0.0000000000
21261  -45.543  -67.432  -26.631 0.0000000000
23555  -44.805  -65.563  -28.255 0.0000000000
22427  -43.713  -66.017  -27.785 0.0000000000
22402  -41.817  -66.713  -27.184 0.0000000000
25678  -35.276  -63.401  -20.594 0.0000000000
24569  -36.368  -64.355  -23.856 0.0000000000
24579  -37.520  -64.454  -25.060 0.0000000000
25750  -38.436  -63.538  -25.751 0.0000000000
25765  -38.994  -63.350  -26.115 0.0000000000
27029  -40.704  -62.646  -26.889 0.0000000000
27030  -41.343  -62.117  -26.891 0.0000000000
28294  -41.860  -61.229  -27.226 0.0000000000
29519  -41.497  -60.682  -26.926 0.0000000000
29537  -41.877  -60.681  -27.517 0.0000000000
29538  -42.911  -60.751  -27.958 0.0000000000
29579  -42.926  -60.711  -28.823 0.0000000000
28326  -42.684  -61.135  -29.342 0.0000000000
27080  -43.083  -62.213  -30.449 0.0000000000
27042  -39.319  -62.757  -28.322 0.0000000000
27043  -39.968  -62.274  -28.604 0.0000000000
27044  -41.025  -61.771  -28.856 0.0000000000
27063  -40.661  -62.527  -29.167 0.0000000000
25813  -41.773  -62.811  -30.092 0.0000000000
25830  -42.991  -62.988  -30.995 0.0000000000
25850  -42.458  -63.875  -31.713 0.0000000000
23631  -41.721  -64.891  -33.461 0.0000000000
23653  -41.407  -65.777  -34.799 0.0000000000
18881  -46.186  -69.004  -23.754 0.0000000000
18895  -45.422  -69.072  -24.639 0.0000000000
19976  -36.807  -67.613  -19.423 0.0000000000
20002  -39.362  -68.237  -20.819 0.0000000000
20024  -46.586  -68.359  -23.628 0.0000000000
20030  -46.164  -68.365  -24.315 0.0000000000
20045  -46.187  -67.738  -25.186 0.0000000000
20187  -41.302  -67.922  -34.988 0.0000000000
21129  -34.155  -67.206  -15.925 0.0000000000
21150  -33.810  -66.990  -16.516 0.0000000000
21176  -34.669  -66.653  -18.015 0.0000000000
21195  -37.989  -67.537  -20.317 0.0000000000
21213  -46.818  -68.152  -22.903 0.0000000000
21218  -46.651  -67.770  -23.318 0.0000000000
21224  -46.570  -67.873  -24.031 0.0000000000
21228  -46.453  -67.752  -24.342 0.0000000000
21237  -43.674  -67.877  -25.892 0.0000000000
21262  -46.253  -67.215  -26.444 0.0000000000
21263  -46.590  -66.845  -26.909 0.0000000000
21264  -46.781  -66.468  -26.458 0.0000000000
21286  -46.338  -66.785  -27.193 0.0000000000
21300  -40.346  -66.896  -28.586 0.0000000000
22262  -34.062  -66.519  -14.715 0.0000000000
22285  -32.988  -66.155  -15.437 0.0000000000
22304  -33.255  -66.346  -16.484 0.0000000000
22315  -34.236  -66.194  -17.832 0.0000000000
22327  -35.806  -65.943  -19.130 0.0000000000
22328  -36.345  -66.086  -19.303 0.0000000000
22351  -40.213  -66.707  -21.160 0.0000000000
22370  -46.363  -67.396  -23.994 0.0000000000
22375  -40.322  -65.812  -25.306 0.0000000000
22376  -40.628  -65.812  -25.104 0.0000000000
22388  -46.852  -66.671  -25.942 0.0000000000
22406  -45.726  -67.031  -27.058 0.0000000000
22407  -46.821  -66.294  -26.634 0.0000000000
22408  -47.056  -66.209  -26.141 0.0000000000
22431  -46.857  -66.101  -27.011 0.0000000000
22432  -46.911  -66.062  -26.693 0.0000000000
22511  -42.896  -66.377  -33.110 0.0000000000
22523  -43.022  -66.197  -33.751 0.0000000000
22524  -43.331  -65.818  -33.945 0.0000000000
22538  -42.744  -66.098  -34.277 0.0000000000
23345  -33.930  -65.674  -13.742 0.0000000000
23400  -32.691  -65.101  -16.756 0.0000000000
23407  -34.492  -65.507  -18.135 0.0000000000
23408  -35.156  -65.484  -18.512 0.0000000000
23419  -35.643  -65.602  -18.852 0.0000000000
23433  -39.644  -65.649  -19.701 0.0000000000
23438  -43.777  -65.744  -21.060 0.0000000000
23441  -37.078  -65.004  -22.436 0.0000000000
23442  -37.491  -65.055  -22.345 0.0000000000
23443  -43.614  -65.400  -21.215 0.0000000000
23445  -45.019  -66.118  -21.877 0.0000000000
23456  -44.728  -65.659  -22.213 0.0000000000
23467  -38.637  -65.615  -23.849 0.0000000000
23493  -46.576  -66.748  -25.054 0.0000000000
23505  -38.865  -65.208  -25.588 0.0000000000
23507  -40.992  -65.702  -25.731 0.0000000000
23513  -46.768  -66.402  -25.772 0.0000000000
23529  -40.255  -64.819  -26.479 0.0000000000
23535  -46.561  -65.393  -26.702 0.0000000000
23537  -46.913  -66.051  -26.422 0.0000000000
23558  -46.851  -65.500  -27.356 0.0000000000
23559  -46.916  -65.867  -26.886 0.0000000000
23577  -46.501  -64.993  -28.481 0.0000000000
23578  -46.873  -65.144  -27.986 0.0000000000
23601  -40.581  -65.387  -30.953 0.0000000000
23621  -43.132  -65.549  -31.427 0.0000000000
23639  -41.188  -65.526  -34.171 0.0000000000
23640  -41.909  -65.055  -34.228 0.0000000000
23641  -43.749  -65.322  -33.926 0.0000000000
23655  -43.079  -65.436  -34.318 0.0000000000
23656  -43.506  -65.398  -34.166 0.0000000000
23670  -41.578  -65.990  -35.153 0.0000000000
23671  -41.750  -66.099  -34.993 0.0000000000
24395  -32.665  -63.872  -12.029 0.0000000000
24454  -31.842  -64.414  -15.851 0.0000000000
24455  -32.145  -65.029  -15.625 0.0000000000
24469  -31.999  -64.323  -16.167 0.0000000000
24471  -32.792  -63.968  -16.893 0.0000000000
24489  -32.765  -64.894  -16.984 0.0000000000
24506  -39.793  -63.828  -18.771 0.0000000000
24515  -40.238  -64.240  -18.982 0.0000000000
24517  -41.936  -64.290  -19.730 0.0000000000
24525  -35.771  -63.971  -20.975 0.0000000000
24529  -39.459  -63.793  -20.878 0.0000000000
24543  -39.392  -64.267  -21.427 0.0000000000
24558  -39.002  -64.961  -22.129 0.0000000000
24571  -44.442  -65.480  -22.493 0.0000000000
24578  -36.937  -64.397  -24.537 0.0000000000
24597  -38.089  -64.401  -25.504 0.0000000000
24598  -38.698  -64.330  -25.896 0.0000000000
24600  -45.310  -65.048  -26.331 0.0000000000
24620  -40.553  -64.235  -27.051 0.0000000000
24625  -46.430  -64.925  -27.123 0.0000000000
24639  -38.456  -63.735  -27.981 0.0000000000
24682  -45.357  -64.076  -29.817 0.0000000000
24753  -42.694  -64.728  -34.165 0.0000000000
24754  -43.469  -64.591  -34.052 0.0000000000
24768  -43.537  -65.036  -34.234 0.0000000000
24769  -43.774  -65.145  -34.150 0.0000000000
25535  -31.748  -63.008  -12.839 0.0000000000
25554  -32.230  -63.952  -13.337 0.0000000000
25608  -31.832  -64.013  -16.133 0.0000000000
25630  -33.855  -63.936  -17.498 0.0000000000
25635  -37.922  -63.041  -17.790 0.0000000000
25663  -42.042  -63.953  -19.873 0.0000000000
25684  -41.399  -63.595  -19.949 0.0000000000
25685  -41.983  -63.792  -20.056 0.0000000000
25699  -39.890  -63.741  -20.938 0.0000000000
25766  -39.624  -63.200  -26.485 0.0000000000
25783  -45.623  -63.607  -28.482 0.0000000000
25794  -38.896  -63.254  -28.139 0.0000000000
25795  -39.409  -63.256  -28.610 0.0000000000
25796  -43.129  -63.158  -28.496 0.0000000000
25814  -44.204  -62.615  -29.080 0.0000000000
25817  -46.319  -62.786  -29.934 0.0000000000
25831  -45.543  -63.272  -31.121 0.0000000000
25832  -46.075  -63.108  -30.491 0.0000000000
25833  -46.296  -62.799  -30.156 0.0000000000
25855  -46.110  -62.772  -30.453 0.0000000000
25873  -44.570  -63.353  -32.063 0.0000000000
26774  -31.694  -62.138  -11.953 0.0000000000
26784  -31.701  -62.588  -12.412 0.0000000000
26856  -33.610  -62.502  -16.687 0.0000000000
26910  -39.020  -62.916  -19.158 0.0000000000
27017  -40.913  -61.507  -26.483 0.0000000000
27045  -41.536  -61.446  -29.071 0.0000000000
27049  -46.197  -62.934  -29.587 0.0000000000
27065  -42.760  -61.711  -29.726 0.0000000000
27068  -45.996  -62.435  -29.960 0.0000000000
27079  -42.199  -62.595  -30.205 0.0000000000
27084  -46.129  -62.601  -30.268 0.0000000000
27101  -44.845  -62.241  -31.259 0.0000000000
27102  -45.575  -62.362  -31.054 0.0000000000
27103  -45.938  -62.573  -30.625 0.0000000000
28030  -31.730  -61.576  -11.663 0.0000000000
28083  -31.465  -61.822  -14.423 0.0000000000
28129  -33.637  -61.594  -16.345 0.0000000000
28296  -43.158  -60.919  -27.968 0.0000000000
28310  -43.240  -61.656  -28.293 0.0000000000
28325  -41.885  -61.055  -29.125 0.0000000000
28329  -45.479  -61.978  -30.389 0.0000000000
28340  -44.927  -61.715  -30.607 0.0000000000
28341  -45.418  -61.951  -30.813 0.0000000000
28355  -45.102  -61.818  -31.015 0.0000000000
28356  -45.285  -62.010  -31.091 0.0000000000
29236  -31.866  -60.278  -10.857 0.0000000000
29250  -32.003  -61.261  -10.986 0.0000000000
29309  -31.733  -60.761  -14.924 0.0000000000
29332  -32.568  -60.987  -15.512 0.0000000000
29333  -33.530  -60.601  -15.617 0.0000000000
29539  -43.232  -60.845  -28.138 0.0000000000
29555  -40.832  -60.621  -28.029 0.0000000000
29578  -42.237  -60.699  -28.757 0.0000000000
30499  -32.494  -59.571  -10.338 0.0000000000
30515  -31.807  -59.818  -11.066 0.0000000000
30535  -31.993  -59.021  -11.981 0.0000000000
30585  -32.659  -59.851  -14.578 0.0000000000
31710  -33.513  -58.623  -9.530 0.0000000000
31726  -32.824  -58.636  -10.307 0.0000000000
31727  -33.141  -58.535  -9.966 0.0000000000
31759  -31.990  -59.008  -12.249 0.0000000000
31760  -32.325  -58.478  -12.057 0.0000000000
31761  -32.989  -57.896  -12.681 0.0000000000
