#!ascii label  , from subject ernie vox2ras=TkReg
382
87469  -26.317  -11.526  -31.225 0.0000000000
92955  -24.631  -6.483  -31.305 0.0000000000
107413  -26.790  7.529  -33.050 0.0000000000
102195  -28.614  2.279  -32.626 0.0000000000
97160  -29.809  -2.757  -33.065 0.0000000000
90829  -31.134  -8.445  -33.291 0.0000000000
109362  -25.457  9.442  -33.926 0.0000000000
100185  -29.198  0.185  -32.827 0.0000000000
97144  -26.601  -2.477  -31.553 0.0000000000
89700  -26.076  -9.912  -31.526 0.0000000000
90817  -28.552  -7.973  -32.180 0.0000000000
88615  -29.083  -10.178  -31.772 0.0000000000
84151  -22.739  -15.046  -29.147 0.0000000000
87456  -24.395  -11.874  -31.023 0.0000000000
115447  -25.757  15.841  -36.486 0.0000000000
114552  -27.139  14.912  -36.528 0.0000000000
112576  -28.655  12.404  -35.710 0.0000000000
109373  -29.435  9.450  -35.533 0.0000000000
106451  -29.587  6.433  -35.400 0.0000000000
104249  -27.117  4.776  -32.509 0.0000000000
104272  -29.370  4.254  -35.668 0.0000000000
101221  -29.467  1.150  -36.577 0.0000000000
99195  -30.834  -1.248  -36.584 0.0000000000
96165  -32.344  -3.447  -35.846 0.0000000000
95077  -27.472  -4.485  -31.566 0.0000000000
92997  -30.701  -6.029  -34.182 0.0000000000
98146  -25.738  -0.945  -31.863 0.0000000000
97157  -24.849  -2.262  -32.594 0.0000000000
88612  -25.901  -10.875  -31.471 0.0000000000
89701  -27.030  -9.815  -31.914 0.0000000000
87470  -27.237  -10.946  -31.329 0.0000000000
78487  -22.495  -19.820  -27.877 0.0000000000
80747  -22.252  -17.919  -27.444 0.0000000000
81907  -22.616  -16.908  -27.500 0.0000000000
89680  -23.638  -10.070  -30.692 0.0000000000
88589  -22.695  -10.789  -30.689 0.0000000000
113563  -27.933  13.775  -35.990 0.0000000000
108375  -25.604  8.481  -33.613 0.0000000000
109364  -27.526  9.813  -33.762 0.0000000000
109357  -28.374  8.772  -33.790 0.0000000000
108398  -29.418  8.335  -35.372 0.0000000000
107415  -28.561  7.494  -33.490 0.0000000000
103216  -27.629  3.818  -32.382 0.0000000000
105353  -29.239  4.899  -33.762 0.0000000000
103234  -29.518  3.266  -34.236 0.0000000000
102250  -29.455  2.210  -35.962 0.0000000000
102216  -29.385  2.293  -33.495 0.0000000000
98160  -29.824  -1.822  -33.670 0.0000000000
99171  -29.966  -1.012  -35.233 0.0000000000
97197  -30.159  -2.433  -35.900 0.0000000000
97204  -31.770  -2.810  -36.662 0.0000000000
96151  -30.835  -3.617  -35.352 0.0000000000
94037  -25.036  -5.531  -31.609 0.0000000000
95075  -25.317  -4.424  -31.946 0.0000000000
94038  -26.036  -5.462  -31.440 0.0000000000
90828  -29.938  -8.552  -32.831 0.0000000000
92974  -29.760  -6.826  -32.982 0.0000000000
91957  -30.978  -7.303  -33.558 0.0000000000
92987  -32.233  -6.535  -34.431 0.0000000000
91960  -32.932  -7.307  -33.564 0.0000000000
84152  -23.542  -14.514  -28.602 0.0000000000
85273  -23.033  -13.905  -29.992 0.0000000000
85250  -24.057  -13.902  -28.730 0.0000000000
86338  -24.516  -13.147  -29.919 0.0000000000
101173  -27.007  1.371  -31.808 0.0000000000
101175  -28.773  1.137  -32.648 0.0000000000
100183  -27.412  0.489  -31.701 0.0000000000
99127  -28.436  -0.920  -31.767 0.0000000000
97146  -28.476  -2.656  -31.707 0.0000000000
91929  -25.413  -7.639  -31.107 0.0000000000
91930  -26.493  -7.664  -31.290 0.0000000000
90815  -27.229  -8.709  -31.805 0.0000000000
89716  -28.606  -9.165  -32.422 0.0000000000
89718  -30.471  -9.568  -32.604 0.0000000000
81923  -22.987  -16.155  -27.803 0.0000000000
91928  -24.286  -7.510  -31.114 0.0000000000
90796  -24.517  -9.324  -30.766 0.0000000000
88611  -25.131  -10.959  -31.243 0.0000000000
87467  -25.016  -11.753  -31.393 0.0000000000
117173  -25.037  17.376  -37.225 0.0000000000
114545  -24.796  14.386  -35.212 0.0000000000
115448  -26.523  15.480  -36.661 0.0000000000
115455  -28.067  14.983  -37.662 0.0000000000
113568  -28.664  13.154  -37.221 0.0000000000
112587  -28.817  12.104  -37.299 0.0000000000
111509  -27.420  11.344  -34.464 0.0000000000
110378  -29.326  10.627  -35.478 0.0000000000
110385  -29.216  10.295  -37.319 0.0000000000
109379  -29.449  9.339  -36.819 0.0000000000
107446  -29.578  7.505  -36.741 0.0000000000
106456  -29.528  6.468  -36.629 0.0000000000
106427  -27.253  6.668  -32.767 0.0000000000
105362  -29.270  6.007  -33.963 0.0000000000
105371  -29.446  5.339  -36.050 0.0000000000
104297  -28.630  4.498  -37.587 0.0000000000
103275  -28.582  3.447  -37.632 0.0000000000
100238  -30.295  0.681  -37.623 0.0000000000
100208  -29.733  0.065  -34.815 0.0000000000
100218  -30.217  -0.133  -36.050 0.0000000000
96125  -25.186  -3.464  -32.126 0.0000000000
96109  -26.990  -3.471  -31.493 0.0000000000
96111  -28.815  -3.616  -32.033 0.0000000000
92972  -28.388  -6.461  -32.096 0.0000000000
94057  -29.256  -5.462  -32.896 0.0000000000
95109  -30.057  -4.641  -33.813 0.0000000000
94090  -31.878  -4.694  -35.567 0.0000000000
95111  -32.935  -4.502  -34.214 0.0000000000
87455  -23.578  -11.796  -30.589 0.0000000000
86371  -24.969  -12.428  -31.249 0.0000000000
86359  -25.893  -11.974  -30.668 0.0000000000
88613  -26.789  -10.703  -31.644 0.0000000000
88592  -27.845  -10.797  -31.027 0.0000000000
87458  -27.234  -10.913  -30.296 0.0000000000
79596  -22.015  -18.821  -27.854 0.0000000000
79597  -22.926  -18.877  -27.451 0.0000000000
108376  -26.436  8.333  -33.366 0.0000000000
109355  -26.981  9.061  -33.489 0.0000000000
108377  -27.339  8.288  -33.314 0.0000000000
108378  -28.135  8.251  -33.471 0.0000000000
107414  -27.764  7.522  -33.038 0.0000000000
103203  -27.088  2.977  -32.291 0.0000000000
103204  -27.961  2.989  -32.296 0.0000000000
103217  -28.638  3.545  -32.698 0.0000000000
102215  -29.064  2.922  -32.988 0.0000000000
98173  -29.942  -1.902  -34.728 0.0000000000
97175  -30.111  -2.903  -34.177 0.0000000000
97187  -30.705  -3.210  -35.779 0.0000000000
96150  -30.460  -3.424  -34.776 0.0000000000
92956  -25.702  -6.528  -31.238 0.0000000000
91948  -30.266  -7.540  -33.145 0.0000000000
90843  -31.434  -7.720  -33.654 0.0000000000
90844  -31.887  -7.982  -33.798 0.0000000000
90846  -33.216  -7.997  -33.240 0.0000000000
90830  -32.240  -8.880  -33.508 0.0000000000
100181  -25.471  0.510  -32.271 0.0000000000
100182  -26.354  0.406  -31.771 0.0000000000
98130  -26.137  -1.507  -31.704 0.0000000000
99125  -26.979  -0.853  -31.601 0.0000000000
98131  -27.189  -1.683  -31.525 0.0000000000
98147  -28.824  -1.747  -32.019 0.0000000000
97145  -27.569  -2.595  -31.485 0.0000000000
90814  -26.235  -8.805  -31.460 0.0000000000
88614  -27.935  -10.488  -31.825 0.0000000000
89702  -27.953  -9.561  -32.230 0.0000000000
88625  -28.748  -9.914  -32.304 0.0000000000
89717  -29.359  -9.363  -32.567 0.0000000000
88626  -29.601  -9.937  -32.278 0.0000000000
88627  -30.121  -10.000  -32.231 0.0000000000
77331  -21.409  -20.238  -28.295 0.0000000000
77314  -21.504  -20.292  -27.923 0.0000000000
83015  -23.418  -15.688  -27.707 0.0000000000
90812  -23.919  -8.386  -30.926 0.0000000000
88590  -23.596  -10.909  -30.729 0.0000000000
89681  -24.477  -10.139  -30.775 0.0000000000
88591  -24.405  -10.995  -30.985 0.0000000000
116259  -25.205  16.473  -36.543 0.0000000000
116264  -25.518  16.875  -37.219 0.0000000000
117174  -25.563  17.144  -37.678 0.0000000000
116260  -25.925  16.067  -36.793 0.0000000000
114547  -26.843  14.431  -36.043 0.0000000000
115443  -26.176  14.948  -36.007 0.0000000000
115453  -26.820  15.911  -37.291 0.0000000000
115449  -27.270  15.122  -36.818 0.0000000000
115454  -27.462  15.436  -37.527 0.0000000000
114557  -28.022  14.884  -37.329 0.0000000000
113559  -28.139  13.165  -35.629 0.0000000000
114554  -28.461  13.897  -36.927 0.0000000000
113565  -28.740  12.797  -36.626 0.0000000000
112586  -28.562  12.545  -37.929 0.0000000000
112582  -28.922  12.141  -36.451 0.0000000000
110367  -26.949  10.597  -34.065 0.0000000000
109365  -28.676  9.438  -34.360 0.0000000000
110377  -28.704  10.766  -34.834 0.0000000000
110381  -29.508  10.424  -36.335 0.0000000000
107428  -29.544  7.467  -34.926 0.0000000000
107440  -29.546  7.438  -35.888 0.0000000000
107451  -29.360  7.084  -37.369 0.0000000000
104248  -25.917  4.787  -32.499 0.0000000000
105350  -26.643  5.754  -32.699 0.0000000000
106428  -28.285  6.629  -32.998 0.0000000000
105351  -27.743  5.694  -32.766 0.0000000000
104261  -29.492  4.063  -34.739 0.0000000000
105363  -29.421  5.266  -34.590 0.0000000000
104283  -29.074  4.355  -36.769 0.0000000000
103262  -29.222  3.288  -36.439 0.0000000000
102259  -29.163  2.271  -37.079 0.0000000000
101227  -29.448  1.375  -37.464 0.0000000000
101228  -29.898  1.367  -38.026 0.0000000000
100230  -29.676  0.418  -37.196 0.0000000000
101191  -29.275  1.129  -33.322 0.0000000000
100199  -29.618  0.169  -33.737 0.0000000000
99184  -30.099  -1.294  -35.905 0.0000000000
100219  -30.535  -0.742  -36.499 0.0000000000
100231  -30.651  -0.306  -37.038 0.0000000000
99196  -31.445  -1.072  -36.729 0.0000000000
96172  -32.031  -3.568  -36.712 0.0000000000
96153  -32.884  -3.440  -34.881 0.0000000000
96124  -24.633  -3.180  -32.594 0.0000000000
95076  -26.454  -4.428  -31.559 0.0000000000
96110  -27.971  -3.562  -31.593 0.0000000000
95078  -28.309  -4.528  -31.967 0.0000000000
91931  -27.463  -7.586  -31.587 0.0000000000
92958  -27.665  -6.496  -31.626 0.0000000000
91932  -28.217  -7.422  -31.908 0.0000000000
92985  -30.272  -6.433  -33.561 0.0000000000
92984  -29.577  -6.150  -33.154 0.0000000000
94067  -29.768  -5.474  -33.484 0.0000000000
95096  -29.706  -4.617  -33.028 0.0000000000
94068  -30.276  -5.453  -34.094 0.0000000000
95110  -30.561  -4.617  -34.419 0.0000000000
94077  -30.907  -5.325  -34.557 0.0000000000
92988  -32.703  -6.415  -34.032 0.0000000000
94070  -32.611  -5.417  -34.406 0.0000000000
94058  -33.289  -5.610  -33.543 0.0000000000
85275  -24.754  -13.133  -29.177 0.0000000000
86357  -24.392  -12.931  -30.710 0.0000000000
86339  -24.934  -12.690  -29.774 0.0000000000
86358  -25.279  -12.425  -30.589 0.0000000000
99139  -25.577  -0.357  -31.987 0.0000000000
98145  -25.170  -1.380  -32.344 0.0000000000
98129  -25.560  -1.927  -31.899 0.0000000000
87459  -27.995  -10.386  -30.085 0.0000000000
77315  -21.932  -20.227  -28.197 0.0000000000
81906  -21.756  -17.182  -27.949 0.0000000000
80748  -23.199  -17.759  -26.973 0.0000000000
90794  -22.988  -9.212  -30.737 0.0000000000
89679  -22.671  -9.856  -30.788 0.0000000000
115442  -25.427  15.384  -35.882 0.0000000000
114548  -27.501  14.059  -36.071 0.0000000000
113558  -27.325  13.460  -35.579 0.0000000000
112575  -27.741  12.409  -35.077 0.0000000000
109363  -26.481  9.768  -33.766 0.0000000000
109356  -27.878  8.985  -33.584 0.0000000000
109366  -29.087  8.869  -35.013 0.0000000000
108387  -29.094  8.323  -34.641 0.0000000000
107427  -29.155  7.495  -34.128 0.0000000000
104250  -28.226  4.669  -32.734 0.0000000000
104251  -29.018  4.423  -33.254 0.0000000000
104252  -29.399  4.252  -33.947 0.0000000000
103250  -29.457  3.220  -35.310 0.0000000000
102236  -29.439  2.208  -34.770 0.0000000000
101211  -29.519  1.082  -35.410 0.0000000000
99142  -29.618  -0.788  -33.193 0.0000000000
99157  -29.883  -0.864  -34.202 0.0000000000
98184  -29.978  -1.934  -35.611 0.0000000000
98185  -30.158  -2.009  -36.182 0.0000000000
98192  -31.333  -2.007  -36.650 0.0000000000
97198  -30.628  -2.825  -36.188 0.0000000000
96170  -31.329  -3.326  -36.435 0.0000000000
95137  -31.839  -4.058  -36.801 0.0000000000
95074  -24.704  -4.978  -32.090 0.0000000000
94039  -27.074  -5.470  -31.440 0.0000000000
90827  -28.920  -8.449  -32.491 0.0000000000
91946  -28.793  -7.398  -32.302 0.0000000000
91947  -29.486  -7.551  -32.685 0.0000000000
92986  -30.990  -6.596  -33.930 0.0000000000
92998  -31.337  -6.143  -34.446 0.0000000000
91958  -31.578  -7.074  -34.094 0.0000000000
91959  -32.292  -7.237  -34.117 0.0000000000
92975  -33.293  -6.621  -33.390 0.0000000000
92976  -33.812  -6.308  -32.645 0.0000000000
91949  -33.530  -7.316  -32.961 0.0000000000
84170  -22.851  -14.449  -29.527 0.0000000000
84171  -23.285  -14.055  -29.433 0.0000000000
85274  -23.929  -13.622  -29.689 0.0000000000
85284  -23.770  -13.291  -30.511 0.0000000000
102193  -26.618  2.157  -32.189 0.0000000000
102194  -27.559  2.197  -32.184 0.0000000000
102196  -29.093  1.730  -32.972 0.0000000000
101174  -28.014  1.302  -32.052 0.0000000000
100184  -28.427  0.121  -31.955 0.0000000000
100169  -26.925  -0.148  -31.629 0.0000000000
100171  -28.092  -0.496  -31.663 0.0000000000
99141  -29.068  -0.794  -32.355 0.0000000000
98148  -29.430  -1.754  -32.733 0.0000000000
97159  -29.238  -2.692  -32.270 0.0000000000
90816  -28.192  -8.505  -32.148 0.0000000000
90826  -28.570  -8.754  -32.379 0.0000000000
89719  -31.744  -9.439  -32.883 0.0000000000
88594  -29.763  -9.805  -30.818 0.0000000000
77299  -21.582  -19.942  -27.279 0.0000000000
83029  -22.414  -15.598  -29.158 0.0000000000
81922  -22.363  -16.327  -28.443 0.0000000000
83030  -23.036  -15.525  -28.443 0.0000000000
83031  -23.500  -15.213  -28.018 0.0000000000
90813  -25.143  -8.818  -30.977 0.0000000000
90795  -23.705  -9.203  -30.699 0.0000000000
89699  -25.261  -10.048  -31.046 0.0000000000
87468  -25.657  -11.644  -31.395 0.0000000000
86389  -25.735  -12.025  -31.377 0.0000000000
117166  -24.696  17.272  -36.613 0.0000000000
116266  -26.949  16.106  -37.632 0.0000000000
114558  -28.393  14.338  -37.613 0.0000000000
114561  -28.497  14.342  -38.769 0.0000000000
113573  -28.560  13.357  -38.293 0.0000000000
112592  -28.672  12.277  -38.835 0.0000000000
112593  -28.678  11.843  -38.064 0.0000000000
112566  -27.531  11.870  -34.721 0.0000000000
111521  -28.407  11.712  -35.004 0.0000000000
110368  -27.971  10.614  -34.212 0.0000000000
111510  -28.116  11.269  -34.593 0.0000000000
112577  -29.018  11.874  -35.903 0.0000000000
111527  -29.325  11.355  -36.056 0.0000000000
111539  -28.911  11.153  -37.723 0.0000000000
110394  -28.919  10.230  -38.259 0.0000000000
108420  -29.037  8.324  -38.635 0.0000000000
108406  -29.512  8.376  -36.303 0.0000000000
108413  -29.431  8.144  -37.472 0.0000000000
106426  -26.239  6.646  -33.050 0.0000000000
106440  -28.991  6.639  -33.677 0.0000000000
106441  -29.436  6.569  -34.408 0.0000000000
105352  -28.810  5.540  -33.433 0.0000000000
105376  -29.099  5.348  -37.117 0.0000000000
102269  -29.230  2.317  -38.232 0.0000000000
102270  -30.329  2.045  -38.469 0.0000000000
101229  -30.854  1.302  -38.092 0.0000000000
101202  -29.590  1.176  -34.233 0.0000000000
98193  -31.969  -1.876  -36.667 0.0000000000
97158  -25.256  -2.545  -32.083 0.0000000000
97143  -25.866  -2.345  -31.731 0.0000000000
96108  -25.914  -3.303  -31.691 0.0000000000
96126  -29.595  -3.682  -32.564 0.0000000000
92957  -26.749  -6.532  -31.334 0.0000000000
94040  -27.945  -5.483  -31.781 0.0000000000
92973  -29.097  -6.479  -32.655 0.0000000000
94056  -28.606  -5.488  -32.384 0.0000000000
95095  -29.059  -4.565  -32.463 0.0000000000
96127  -30.050  -3.752  -33.410 0.0000000000
96142  -30.738  -3.958  -34.721 0.0000000000
95130  -31.380  -3.993  -35.603 0.0000000000
94091  -32.037  -4.485  -35.833 0.0000000000
94078  -31.614  -5.158  -34.939 0.0000000000
94079  -32.135  -5.140  -35.113 0.0000000000
95120  -32.611  -4.190  -35.006 0.0000000000
86372  -25.564  -12.176  -31.294 0.0000000000
77332  -21.674  -20.161  -28.391 0.0000000000
78514  -21.285  -20.038  -28.434 0.0000000000
78515  -21.598  -19.972  -28.494 0.0000000000
84150  -22.414  -15.202  -29.350 0.0000000000
86373  -25.928  -11.995  -31.254 0.0000000000
86390  -26.087  -11.887  -31.354 0.0000000000
87484  -25.854  -11.799  -31.370 0.0000000000
87485  -26.180  -11.673  -31.310 0.0000000000
90845  -32.600  -8.071  -33.576 0.0000000000
91973  -31.704  -6.539  -34.439 0.0000000000
91974  -31.947  -6.754  -34.449 0.0000000000
92999  -31.911  -6.088  -34.710 0.0000000000
94069  -32.305  -5.961  -34.583 0.0000000000
94080  -32.465  -4.722  -34.871 0.0000000000
95117  -31.143  -4.418  -34.986 0.0000000000
95118  -31.609  -4.472  -35.474 0.0000000000
95119  -32.276  -4.328  -35.559 0.0000000000
95131  -31.797  -4.129  -36.132 0.0000000000
95132  -32.039  -4.097  -36.479 0.0000000000
95138  -31.989  -4.003  -37.033 0.0000000000
96141  -30.410  -3.868  -34.181 0.0000000000
96152  -32.543  -3.883  -35.361 0.0000000000
96163  -31.208  -3.541  -36.040 0.0000000000
96164  -31.607  -3.788  -36.529 0.0000000000
96171  -31.755  -3.612  -36.722 0.0000000000
97174  -24.479  -2.329  -33.023 0.0000000000
97186  -30.262  -2.817  -35.364 0.0000000000
97203  -31.251  -2.810  -36.546 0.0000000000
98132  -28.089  -1.748  -31.528 0.0000000000
98186  -32.444  -1.689  -36.239 0.0000000000
98191  -30.680  -2.065  -36.495 0.0000000000
99126  -27.752  -0.985  -31.574 0.0000000000
99140  -26.270  -0.558  -31.717 0.0000000000
99185  -30.393  -1.269  -36.285 0.0000000000
100170  -27.615  -0.292  -31.634 0.0000000000
100237  -29.736  0.917  -37.624 0.0000000000
103218  -29.251  3.473  -33.379 0.0000000000
108386  -28.689  8.306  -33.966 0.0000000000
109372  -29.080  10.081  -35.023 0.0000000000
111520  -27.867  11.736  -34.741 0.0000000000
111522  -28.967  11.477  -35.462 0.0000000000
111532  -29.104  11.246  -36.862 0.0000000000
112581  -28.736  12.694  -36.269 0.0000000000
113564  -28.489  13.351  -36.341 0.0000000000
113569  -28.802  12.569  -36.890 0.0000000000
114553  -27.835  14.496  -36.663 0.0000000000
115460  -28.150  15.080  -38.243 0.0000000000
