#!ascii label  , from subject ernie vox2ras=TkReg
947
77299  -21.582  -19.942  -27.279 0.4285714328
78501  -21.955  -19.943  -28.414 0.2857142985
77331  -21.409  -20.238  -28.295 0.4285714328
78487  -22.495  -19.820  -27.877 0.4285714328
79597  -22.926  -18.877  -27.451 0.4285714328
80746  -21.506  -18.041  -27.802 0.2857142985
80747  -22.252  -17.919  -27.444 0.4285714328
80748  -23.199  -17.759  -26.973 0.4285714328
81922  -22.363  -16.327  -28.443 0.4285714328
81923  -22.987  -16.155  -27.803 0.4285714328
83030  -23.036  -15.525  -28.443 0.4285714328
84152  -23.542  -14.514  -28.602 0.4285714328
85273  -23.033  -13.905  -29.992 0.5714285970
84171  -23.285  -14.055  -29.433 0.5714285970
85251  -24.570  -13.588  -28.575 0.2857142985
85274  -23.929  -13.622  -29.689 0.7142857313
86339  -24.934  -12.690  -29.774 0.7142857313
86338  -24.516  -13.147  -29.919 0.7142857313
85275  -24.754  -13.133  -29.177 0.5714285970
86359  -25.893  -11.974  -30.668 0.5714285970
86371  -24.969  -12.428  -31.249 0.5714285970
86372  -25.564  -12.176  -31.294 0.5714285970
86389  -25.735  -12.025  -31.377 0.5714285970
87469  -26.317  -11.526  -31.225 0.5714285970
87458  -27.234  -10.913  -30.296 0.4285714328
88613  -26.789  -10.703  -31.644 0.5714285970
88614  -27.935  -10.488  -31.825 0.5714285970
88612  -25.901  -10.875  -31.471 0.7142857313
88615  -29.083  -10.178  -31.772 0.5714285970
89681  -24.477  -10.139  -30.775 0.5714285970
89701  -27.030  -9.815  -31.914 0.8571428657
88625  -28.748  -9.914  -32.304 0.7142857313
88626  -29.601  -9.937  -32.278 0.5714285970
89700  -26.076  -9.912  -31.526 0.7142857313
90813  -25.143  -8.818  -30.977 0.5714285970
90827  -28.920  -8.449  -32.491 0.7142857313
89718  -30.471  -9.568  -32.604 0.5714285970
89716  -28.606  -9.165  -32.422 0.7142857313
90828  -29.938  -8.552  -32.831 0.5714285970
90816  -28.192  -8.505  -32.148 0.7142857313
90829  -31.134  -8.445  -33.291 0.5714285970
90815  -27.229  -8.709  -31.805 0.5714285970
92974  -29.760  -6.826  -32.982 0.7142857313
91948  -30.266  -7.540  -33.145 0.7142857313
91932  -28.217  -7.422  -31.908 0.7142857313
91946  -28.793  -7.398  -32.302 0.7142857313
92997  -30.701  -6.029  -34.182 0.7142857313
92986  -30.990  -6.596  -33.930 0.5714285970
92973  -29.097  -6.479  -32.655 0.7142857313
91930  -26.493  -7.664  -31.290 0.5714285970
94077  -30.907  -5.325  -34.557 0.5714285970
94090  -31.878  -4.694  -35.567 0.5714285970
94056  -28.606  -5.488  -32.384 0.8571428657
92972  -28.388  -6.461  -32.096 0.8571428657
95110  -30.561  -4.617  -34.419 0.7142857313
95109  -30.057  -4.641  -33.813 0.7142857313
94057  -29.256  -5.462  -32.896 0.8571428657
95096  -29.706  -4.617  -33.028 0.7142857313
97175  -30.111  -2.903  -34.177 0.8571428657
96151  -30.835  -3.617  -35.352 0.5714285970
96127  -30.050  -3.752  -33.410 0.8571428657
96126  -29.595  -3.682  -32.564 0.8571428657
95095  -29.059  -4.565  -32.463 0.8571428657
99157  -29.883  -0.864  -34.202 0.8571428657
99171  -29.966  -1.012  -35.233 0.8571428657
100208  -29.733  0.065  -34.815 0.8571428657
97160  -29.809  -2.757  -33.065 0.8571428657
100185  -29.198  0.185  -32.827 1.0000000000
100199  -29.618  0.169  -33.737 1.0000000000
98160  -29.824  -1.822  -33.670 0.8571428657
101191  -29.275  1.129  -33.322 1.0000000000
102216  -29.385  2.293  -33.495 1.0000000000
103216  -27.629  3.818  -32.382 0.7142857313
102196  -29.093  1.730  -32.972 1.0000000000
102215  -29.064  2.922  -32.988 1.0000000000
106440  -28.991  6.639  -33.677 1.0000000000
106427  -27.253  6.668  -32.767 0.8571428657
109357  -28.374  8.772  -33.790 0.8571428657
108378  -28.135  8.251  -33.471 1.0000000000
112577  -29.018  11.874  -35.903 0.8571428657
110377  -28.704  10.766  -34.834 0.8571428657
109365  -28.676  9.438  -34.360 1.0000000000
114554  -28.461  13.897  -36.927 0.8571428657
113565  -28.740  12.797  -36.626 0.8571428657
113558  -27.325  13.460  -35.579 0.5714285970
115449  -27.270  15.122  -36.818 0.7142857313
115454  -27.462  15.436  -37.527 0.5714285970
115443  -26.176  14.948  -36.007 0.5714285970
114547  -26.843  14.431  -36.043 0.5714285970
115442  -25.427  15.384  -35.882 0.4285714328
116264  -25.518  16.875  -37.219 0.4285714328
117174  -25.563  17.144  -37.678 0.4285714328
116250  -24.410  16.724  -35.451 0.2857142985
116240  -23.811  16.916  -34.558 0.2857142985
78486  -21.683  -19.379  -28.283 0.2857142985
89717  -29.359  -9.363  -32.567 0.5714285970
95130  -31.380  -3.993  -35.603 0.5714285970
94067  -29.768  -5.474  -33.484 0.7142857313
94068  -30.276  -5.453  -34.094 0.7142857313
96150  -30.460  -3.424  -34.776 0.8571428657
97197  -30.159  -2.433  -35.900 0.8571428657
98184  -29.978  -1.934  -35.611 0.8571428657
104251  -29.018  4.423  -33.254 0.8571428657
117128  -22.939  17.683  -32.848 0.1428571492
79609  -21.023  -18.868  -28.637 0.2857142985
80760  -21.201  -17.710  -28.515 0.2857142985
81906  -21.756  -17.182  -27.949 0.2857142985
81907  -22.616  -16.908  -27.500 0.4285714328
83015  -23.418  -15.688  -27.707 0.4285714328
81939  -22.021  -16.158  -29.135 0.2857142985
84151  -22.739  -15.046  -29.147 0.4285714328
83031  -23.500  -15.213  -28.018 0.4285714328
85283  -23.192  -13.329  -30.354 0.2857142985
85284  -23.770  -13.291  -30.511 0.7142857313
86357  -24.392  -12.931  -30.710 0.7142857313
86358  -25.279  -12.425  -30.589 0.4285714328
87456  -24.395  -11.874  -31.023 0.5714285970
87459  -27.995  -10.386  -30.085 0.4285714328
87467  -25.016  -11.753  -31.393 0.7142857313
88611  -25.131  -10.959  -31.243 0.7142857313
87470  -27.237  -10.946  -31.329 0.7142857313
88592  -27.845  -10.797  -31.027 0.4285714328
89702  -27.953  -9.561  -32.230 0.7142857313
90796  -24.517  -9.324  -30.766 0.5714285970
89699  -25.261  -10.048  -31.046 0.5714285970
90843  -31.434  -7.720  -33.654 0.5714285970
90814  -26.235  -8.805  -31.460 0.5714285970
90817  -28.552  -7.973  -32.180 0.7142857313
90826  -28.570  -8.754  -32.379 0.7142857313
91957  -30.978  -7.303  -33.558 0.5714285970
92984  -29.577  -6.150  -33.154 0.7142857313
97187  -30.705  -3.210  -35.779 0.5714285970
97159  -29.238  -2.692  -32.270 1.0000000000
101202  -29.590  1.176  -34.233 1.0000000000
100184  -28.427  0.121  -31.955 1.0000000000
103204  -27.961  2.989  -32.296 0.8571428657
104249  -27.117  4.776  -32.509 0.7142857313
104250  -28.226  4.669  -32.734 1.0000000000
105353  -29.239  4.899  -33.762 1.0000000000
106428  -28.285  6.629  -32.998 0.7142857313
105352  -28.810  5.540  -33.433 1.0000000000
105350  -26.643  5.754  -32.699 0.7142857313
107415  -28.561  7.494  -33.490 0.8571428657
111510  -28.116  11.269  -34.593 0.8571428657
108387  -29.094  8.323  -34.641 1.0000000000
113563  -27.933  13.775  -35.990 0.7142857313
115447  -25.757  15.841  -36.486 0.7142857313
114548  -27.501  14.059  -36.071 0.5714285970
114552  -27.139  14.912  -36.528 0.7142857313
115453  -26.820  15.911  -37.291 0.7142857313
114545  -24.796  14.386  -35.212 0.4285714328
116258  -24.592  16.995  -36.215 0.2857142985
117173  -25.037  17.376  -37.225 0.4285714328
116266  -26.949  16.106  -37.632 0.4285714328
117155  -23.759  17.760  -35.124 0.2857142985
117166  -24.696  17.272  -36.613 0.4285714328
87455  -23.578  -11.796  -30.589 0.4285714328
116259  -25.205  16.473  -36.543 0.4285714328
117165  -24.242  17.678  -36.117 0.2857142985
77314  -21.504  -20.292  -27.923 0.4285714328
77315  -21.932  -20.227  -28.197 0.4285714328
78500  -21.393  -19.736  -28.448 0.2857142985
78499  -20.835  -19.761  -28.304 0.2857142985
79596  -22.015  -18.821  -27.854 0.4285714328
79595  -21.354  -18.623  -28.227 0.2857142985
83029  -22.414  -15.598  -29.158 0.2857142985
84170  -22.851  -14.449  -29.527 0.4285714328
85250  -24.057  -13.902  -28.730 0.4285714328
87468  -25.657  -11.644  -31.395 0.5714285970
88591  -24.405  -10.995  -30.985 0.7142857313
91947  -29.486  -7.551  -32.685 0.7142857313
91931  -27.463  -7.586  -31.587 0.8571428657
92985  -30.272  -6.433  -33.561 0.7142857313
92958  -27.665  -6.496  -31.626 0.8571428657
96142  -30.738  -3.958  -34.721 0.8571428657
98173  -29.942  -1.902  -34.728 0.8571428657
96111  -28.815  -3.616  -32.033 0.8571428657
99142  -29.618  -0.788  -33.193 1.0000000000
102195  -28.614  2.279  -32.626 1.0000000000
112576  -28.655  12.404  -35.710 0.8571428657
113559  -28.139  13.165  -35.629 0.8571428657
114557  -28.022  14.884  -37.329 0.7142857313
115448  -26.523  15.480  -36.661 0.5714285970
116260  -25.925  16.067  -36.793 0.4285714328
116251  -24.763  15.975  -35.779 0.2857142985
117139  -23.441  17.519  -34.401 0.2857142985
117138  -23.342  17.770  -33.716 0.1428571492
81921  -21.623  -16.719  -28.829 0.2857142985
86356  -23.394  -12.669  -30.514 0.2857142985
105351  -27.743  5.694  -32.766 1.0000000000
118978  -23.715  19.395  -39.088 0.2857142985
119905  -23.347  20.155  -38.088 0.1428571492
118087  -24.260  18.542  -38.378 0.2857142985
119894  -23.165  20.779  -37.672 0.1428571492
118073  -24.048  18.544  -36.680 0.1428571492
117176  -24.546  18.002  -37.627 0.2857142985
118960  -23.946  19.251  -37.227 0.1428571492
118092  -25.365  18.428  -39.723 0.2857142985
118088  -24.892  18.267  -38.889 0.2857142985
114575  -27.495  14.222  -42.139 0.2857142985
117188  -27.327  16.888  -40.574 0.2857142985
119879  -23.689  20.438  -36.610 0.1428571492
117177  -25.097  17.773  -38.133 0.2857142985
115465  -28.283  15.340  -39.299 0.2857142985
112598  -28.755  12.333  -39.956 0.1428571492
116279  -28.195  15.866  -40.143 0.2857142985
117184  -27.118  17.128  -39.459 0.2857142985
117179  -26.670  17.166  -38.699 0.2857142985
117182  -25.511  17.894  -38.878 0.2857142985
109410  -27.487  9.444  -40.521 0.1428571492
111557  -28.297  11.258  -40.630 0.1428571492
114569  -28.553  14.235  -40.592 0.4285714328
115459  -27.771  15.679  -38.707 0.2857142985
109386  -29.259  9.288  -37.928 0.2857142985
112592  -28.672  12.277  -38.835 0.4285714328
114561  -28.497  14.342  -38.769 0.2857142985
116265  -26.218  16.467  -37.469 0.2857142985
107456  -28.427  6.953  -38.859 0.1428571492
110393  -28.594  10.149  -39.182 0.2857142985
111539  -28.911  11.153  -37.723 0.5714285970
113568  -28.664  13.154  -37.221 0.7142857313
106461  -28.965  6.223  -37.656 0.1428571492
108413  -29.431  8.144  -37.472 0.1428571492
112586  -28.562  12.545  -37.929 0.7142857313
115455  -28.067  14.983  -37.662 0.4285714328
109379  -29.449  9.339  -36.819 0.4285714328
104296  -28.455  4.557  -38.190 0.2857142985
106456  -29.528  6.468  -36.629 0.7142857313
111527  -29.325  11.355  -36.056 0.7142857313
107427  -29.155  7.495  -34.128 0.8571428657
107446  -29.578  7.505  -36.741 0.8571428657
110381  -29.508  10.424  -36.335 0.5714285970
103282  -28.723  3.395  -38.712 0.2857142985
103281  -28.347  3.940  -38.285 0.2857142985
111509  -27.420  11.344  -34.464 0.5714285970
109373  -29.435  9.450  -35.533 0.8571428657
102276  -29.251  2.852  -38.870 0.1428571492
105371  -29.446  5.339  -36.050 0.7142857313
102269  -29.230  2.317  -38.232 0.1428571492
99139  -25.577  -0.357  -31.987 0.5714285970
101174  -28.014  1.302  -32.052 0.8571428657
102194  -27.559  2.197  -32.184 0.8571428657
101173  -27.007  1.371  -31.808 0.4285714328
103203  -27.088  2.977  -32.291 0.5714285970
105362  -29.270  6.007  -33.963 0.8571428657
103250  -29.457  3.220  -35.310 0.8571428657
106441  -29.436  6.569  -34.408 0.8571428657
101227  -29.448  1.375  -37.464 0.2857142985
104272  -29.370  4.254  -35.668 0.8571428657
106451  -29.587  6.433  -35.400 0.8571428657
109366  -29.087  8.869  -35.013 0.8571428657
101229  -30.854  1.302  -38.092 0.4285714328
103262  -29.222  3.288  -36.439 0.7142857313
98159  -24.874  -0.842  -32.967 0.2857142985
100183  -27.412  0.489  -31.701 0.5714285970
100182  -26.354  0.406  -31.771 0.5714285970
101175  -28.773  1.137  -32.648 0.8571428657
103234  -29.518  3.266  -34.236 0.8571428657
104252  -29.399  4.252  -33.947 0.8571428657
104261  -29.492  4.063  -34.739 0.8571428657
105363  -29.421  5.266  -34.590 0.8571428657
102250  -29.455  2.210  -35.962 0.8571428657
100238  -30.295  0.681  -37.623 0.4285714328
94037  -25.036  -5.531  -31.609 0.7142857313
95075  -25.317  -4.424  -31.946 0.4285714328
94038  -26.036  -5.462  -31.440 0.7142857313
95077  -27.472  -4.485  -31.566 0.8571428657
96108  -25.914  -3.303  -31.691 0.5714285970
98129  -25.560  -1.927  -31.899 0.5714285970
97157  -24.849  -2.262  -32.594 0.4285714328
97145  -27.569  -2.595  -31.485 0.8571428657
97144  -26.601  -2.477  -31.553 0.5714285970
98146  -25.738  -0.945  -31.863 0.5714285970
98148  -29.430  -1.754  -32.733 0.8571428657
99127  -28.436  -0.920  -31.767 0.7142857313
99125  -26.979  -0.853  -31.601 0.5714285970
100218  -30.217  -0.133  -36.050 0.7142857313
101211  -29.519  1.082  -35.410 0.7142857313
102236  -29.439  2.208  -34.770 0.8571428657
99197  -32.144  -0.872  -36.599 0.2857142985
100231  -30.651  -0.306  -37.038 0.4285714328
100230  -29.676  0.418  -37.196 0.5714285970
91929  -25.413  -7.639  -31.107 0.4285714328
92955  -24.631  -6.483  -31.305 0.4285714328
95078  -28.309  -4.528  -31.967 0.7142857313
97146  -28.476  -2.656  -31.707 0.8571428657
98185  -30.158  -2.009  -36.182 0.7142857313
99196  -31.445  -1.072  -36.729 0.2857142985
99195  -30.834  -1.248  -36.584 0.5714285970
99184  -30.099  -1.294  -35.905 0.5714285970
91928  -24.286  -7.510  -31.114 0.5714285970
92956  -25.702  -6.528  -31.238 0.5714285970
94040  -27.945  -5.483  -31.781 0.7142857313
95137  -31.839  -4.058  -36.801 0.4285714328
97204  -31.770  -2.810  -36.662 0.4285714328
98193  -31.969  -1.876  -36.667 0.4285714328
98192  -31.333  -2.007  -36.650 0.4285714328
88590  -23.596  -10.909  -30.729 0.5714285970
94070  -32.611  -5.417  -34.406 0.4285714328
92998  -31.337  -6.143  -34.446 0.4285714328
95111  -32.935  -4.502  -34.214 0.4285714328
94091  -32.037  -4.485  -35.833 0.4285714328
84137  -24.189  -14.586  -27.920 0.1428571492
90844  -31.887  -7.982  -33.798 0.4285714328
91959  -32.292  -7.237  -34.117 0.4285714328
92988  -32.703  -6.415  -34.032 0.4285714328
85252  -25.516  -13.183  -28.094 0.1428571492
87435  -27.131  -11.253  -29.244 0.2857142985
89670  -31.747  -9.774  -30.529 0.2857142985
89707  -33.876  -9.055  -31.636 0.2857142985
89705  -32.382  -9.520  -32.033 0.2857142985
88594  -29.763  -9.805  -30.818 0.4285714328
89722  -33.790  -8.759  -32.144 0.2857142985
89720  -32.766  -9.373  -32.847 0.2857142985
89703  -30.567  -10.004  -31.942 0.2857142985
90832  -33.721  -8.235  -32.535 0.2857142985
90846  -33.216  -7.997  -33.240 0.4285714328
84154  -24.930  -13.845  -27.855 0.1428571492
84153  -24.338  -14.126  -28.171 0.1428571492
86315  -26.181  -12.654  -28.182 0.2857142985
87434  -26.541  -11.506  -29.199 0.2857142985
87437  -29.454  -10.873  -28.863 0.2857142985
88574  -30.733  -9.856  -29.690 0.2857142985
88573  -29.578  -10.118  -29.632 0.2857142985
88572  -28.747  -10.441  -29.593 0.2857142985
89669  -31.218  -9.674  -30.304 0.2857142985
85236  -25.810  -13.714  -27.642 0.1428571492
86317  -28.038  -12.188  -28.194 0.2857142985
85253  -26.619  -13.233  -27.710 0.2857142985
86342  -27.579  -11.485  -28.671 0.2857142985
86341  -26.964  -11.713  -28.651 0.2857142985
85276  -25.196  -12.684  -28.974 0.2857142985
87436  -28.205  -11.042  -28.906 0.2857142985
83016  -24.113  -15.284  -27.500 0.1428571492
81908  -23.573  -16.464  -27.086 0.2857142985
83017  -25.245  -15.318  -27.116 0.1428571492
77282  -22.376  -19.955  -26.595 0.2857142985
77281  -21.529  -19.603  -26.341 0.2857142985
77283  -23.229  -20.329  -26.754 0.1428571492
77265  -21.217  -19.854  -25.405 0.2857142985
86316  -26.887  -12.469  -28.135 0.2857142985
87419  -29.357  -11.709  -28.404 0.2857142985
88575  -31.889  -10.197  -29.835 0.2857142985
89684  -32.144  -9.737  -31.138 0.2857142985
88627  -30.121  -10.000  -32.231 0.4285714328
89719  -31.744  -9.439  -32.883 0.4285714328
90831  -33.118  -8.779  -33.239 0.2857142985
91950  -34.094  -7.263  -32.239 0.2857142985
92975  -33.293  -6.621  -33.390 0.4285714328
98131  -27.189  -1.683  -31.525 0.5714285970
94078  -31.614  -5.158  -34.939 0.4285714328
96170  -31.329  -3.326  -36.435 0.4285714328
97199  -32.572  -2.451  -35.769 0.2857142985
99186  -32.579  -0.669  -35.912 0.2857142985
109356  -27.878  8.985  -33.584 0.7142857313
101221  -29.467  1.150  -36.577 0.7142857313
112575  -27.741  12.409  -35.077 0.5714285970
110378  -29.326  10.627  -35.478 0.7142857313
100239  -31.221  0.535  -37.568 0.2857142985
104297  -28.630  4.498  -37.587 0.5714285970
116270  -27.131  16.435  -38.366 0.2857142985
108420  -29.037  8.324  -38.635 0.4285714328
110394  -28.919  10.230  -38.259 0.4285714328
113583  -28.744  13.441  -40.257 0.2857142985
111547  -28.707  11.226  -39.597 0.1428571492
118093  -26.018  18.083  -40.338 0.2857142985
77313  -20.899  -20.047  -27.779 0.2857142985
78488  -23.611  -19.806  -27.408 0.1428571492
84138  -24.760  -14.535  -27.602 0.1428571492
85237  -26.240  -13.836  -27.563 0.1428571492
85238  -27.115  -14.149  -27.522 0.1428571492
87457  -26.392  -11.379  -29.944 0.2857142985
87439  -31.625  -10.806  -29.077 0.2857142985
88596  -32.301  -10.129  -30.428 0.2857142985
88593  -28.656  -10.260  -30.730 0.2857142985
94035  -23.244  -5.925  -32.069 0.2857142985
90833  -34.268  -7.885  -31.909 0.2857142985
92976  -33.812  -6.308  -32.645 0.2857142985
94039  -27.074  -5.470  -31.440 0.5714285970
96124  -24.633  -3.180  -32.594 0.4285714328
96125  -25.186  -3.464  -32.126 0.5714285970
99156  -25.054  -0.301  -32.633 0.2857142985
98145  -25.170  -1.380  -32.344 0.5714285970
94058  -33.289  -5.610  -33.543 0.2857142985
91958  -31.578  -7.074  -34.094 0.4285714328
100181  -25.471  0.510  -32.271 0.2857142985
96153  -32.884  -3.440  -34.881 0.4285714328
96165  -32.344  -3.447  -35.846 0.4285714328
97200  -32.888  -2.388  -35.049 0.1428571492
98187  -32.769  -1.536  -35.445 0.1428571492
100219  -30.535  -0.742  -36.499 0.5714285970
100232  -31.640  -0.137  -36.986 0.2857142985
102259  -29.163  2.271  -37.079 0.7142857313
107428  -29.544  7.467  -34.926 0.8571428657
102271  -31.331  2.331  -37.991 0.2857142985
102278  -30.680  2.708  -38.690 0.1428571492
103275  -28.582  3.447  -37.632 0.4285714328
102270  -30.329  2.045  -38.469 0.4285714328
103283  -29.486  3.331  -39.167 0.1428571492
104309  -29.039  4.044  -39.273 0.1428571492
105383  -28.691  5.293  -37.878 0.1428571492
106467  -28.484  6.234  -38.813 0.1428571492
118948  -23.891  19.342  -36.500 0.1428571492
106460  -28.665  5.878  -38.214 0.1428571492
113577  -28.756  13.432  -39.392 0.2857142985
109394  -28.926  9.322  -38.867 0.2857142985
109403  -28.541  9.022  -39.268 0.1428571492
109401  -27.497  8.786  -40.195 0.1428571492
109411  -27.830  9.839  -40.172 0.1428571492
115474  -28.285  14.760  -40.945 0.2857142985
113589  -27.735  13.226  -41.801 0.1428571492
112609  -27.842  12.373  -41.328 0.1428571492
77302  -24.413  -20.656  -27.400 0.1428571492
89685  -33.060  -9.905  -31.284 0.2857142985
100220  -32.722  0.389  -35.463 0.2857142985
110419  -27.189  10.352  -41.801 0.1428571492
77298  -20.835  -19.617  -26.995 0.2857142985
77300  -22.369  -20.115  -27.491 0.2857142985
77301  -23.372  -20.313  -27.325 0.1428571492
79598  -23.925  -18.800  -26.974 0.1428571492
86340  -25.797  -11.995  -29.067 0.2857142985
92957  -26.749  -6.532  -31.334 0.5714285970
94079  -32.135  -5.140  -35.113 0.4285714328
99141  -29.068  -0.794  -32.355 0.8571428657
103217  -28.638  3.545  -32.698 0.8571428657
111521  -28.407  11.712  -35.004 0.5714285970
112582  -28.922  12.141  -36.451 0.7142857313
114558  -28.393  14.338  -37.613 0.5714285970
117178  -25.985  17.301  -38.333 0.2857142985
97198  -30.628  -2.825  -36.188 0.4285714328
100171  -28.092  -0.496  -31.663 0.5714285970
108398  -29.418  8.335  -35.372 0.8571428657
116269  -26.506  16.841  -38.214 0.2857142985
117172  -24.428  17.893  -36.950 0.2857142985
96110  -27.971  -3.562  -31.593 0.8571428657
118969  -23.261  20.026  -38.449 0.1428571492
118970  -23.641  19.434  -38.127 0.2857142985
119895  -23.753  19.999  -37.505 0.1428571492
118081  -24.138  18.595  -37.483 0.2857142985
118091  -24.403  18.833  -39.423 0.2857142985
115473  -27.942  15.246  -41.415 0.2857142985
117187  -26.643  17.587  -40.475 0.2857142985
119880  -23.969  19.780  -36.992 0.1428571492
116274  -27.857  16.158  -39.568 0.2857142985
115469  -28.363  15.289  -40.413 0.2857142985
114564  -28.765  14.380  -39.805 0.2857142985
117183  -26.249  17.738  -39.374 0.2857142985
112603  -28.362  12.420  -40.727 0.1428571492
110410  -27.401  10.216  -41.086 0.1428571492
110402  -28.341  10.292  -40.063 0.1428571492
111556  -27.768  10.727  -40.958 0.1428571492
113590  -28.216  13.319  -40.995 0.1428571492
108429  -28.791  8.735  -39.072 0.1428571492
112587  -28.817  12.104  -37.299 0.5714285970
112593  -28.678  11.843  -38.064 0.4285714328
113573  -28.560  13.357  -38.293 0.5714285970
107466  -27.834  7.025  -39.388 0.1428571492
107457  -28.857  7.110  -38.240 0.1428571492
111538  -28.717  11.154  -38.603 0.2857142985
109393  -28.532  9.455  -39.262 0.2857142985
110385  -29.216  10.295  -37.319 0.5714285970
107451  -29.360  7.084  -37.369 0.4285714328
105376  -29.099  5.348  -37.117 0.5714285970
107440  -29.546  7.438  -35.888 0.7142857313
108406  -29.512  8.376  -36.303 0.7142857313
100169  -26.925  -0.148  -31.629 0.5714285970
102193  -26.618  2.157  -32.189 0.4285714328
101228  -29.898  1.367  -38.026 0.5714285970
104283  -29.074  4.355  -36.769 0.8571428657
95074  -24.704  -4.978  -32.090 0.4285714328
95076  -26.454  -4.428  -31.559 0.7142857313
96109  -26.990  -3.471  -31.493 0.7142857313
97143  -25.866  -2.345  -31.731 0.5714285970
98130  -26.137  -1.507  -31.704 0.5714285970
97158  -25.256  -2.545  -32.083 0.4285714328
96140  -24.159  -2.956  -33.133 0.2857142985
98147  -28.824  -1.747  -32.019 0.8571428657
96172  -32.031  -3.568  -36.712 0.4285714328
89704  -31.395  -9.719  -32.040 0.2857142985
90830  -32.240  -8.880  -33.508 0.4285714328
92987  -32.233  -6.535  -34.431 0.4285714328
95120  -32.611  -4.190  -35.006 0.4285714328
91960  -32.932  -7.307  -33.564 0.4285714328
89683  -31.123  -9.657  -31.137 0.2857142985
89706  -33.235  -9.439  -31.930 0.2857142985
89682  -30.359  -9.799  -31.307 0.2857142985
91949  -33.530  -7.316  -32.961 0.4285714328
84139  -25.675  -14.279  -27.519 0.1428571492
87438  -30.532  -10.755  -28.907 0.2857142985
87418  -28.707  -11.815  -28.336 0.2857142985
77267  -23.070  -20.064  -25.779 0.1428571492
77266  -22.176  -19.817  -25.544 0.1428571492
96166  -32.667  -2.941  -35.397 0.2857142985
78489  -24.621  -19.745  -27.343 0.1428571492
118063  -23.788  18.590  -35.857 0.1428571492
109363  -26.481  9.768  -33.766 0.5714285970
108376  -26.436  8.333  -33.366 0.4285714328
108375  -25.604  8.481  -33.613 0.4285714328
109355  -26.981  9.061  -33.489 0.5714285970
107413  -26.790  7.529  -33.050 0.4285714328
109364  -27.526  9.813  -33.762 0.4285714328
104248  -25.917  4.787  -32.499 0.4285714328
106426  -26.239  6.646  -33.050 0.4285714328
107414  -27.764  7.522  -33.038 0.5714285970
108377  -27.339  8.288  -33.314 0.5714285970
89688  -35.255  -8.788  -30.231 0.1428571492
90818  -34.108  -8.466  -31.808 0.1428571492
91933  -34.612  -7.288  -31.505 0.1428571492
85272  -22.237  -13.967  -29.876 0.2857142985
89663  -35.235  -9.513  -28.601 0.1428571492
88600  -35.185  -9.508  -30.149 0.1428571492
90780  -35.360  -8.481  -28.917 0.1428571492
90779  -34.839  -8.585  -28.083 0.1428571492
88576  -32.773  -10.724  -30.086 0.1428571492
87461  -34.464  -10.714  -30.121 0.1428571492
88597  -32.922  -10.330  -30.660 0.1428571492
88578  -35.002  -10.732  -29.790 0.1428571492
88560  -35.081  -10.860  -27.234 0.1428571492
88579  -35.345  -10.167  -29.469 0.1428571492
89591  -35.485  -9.733  -24.509 0.1428571492
89629  -34.516  -10.164  -25.957 0.1428571492
90722  -34.940  -9.058  -25.361 0.1428571492
84169  -22.041  -14.943  -29.670 0.2857142985
87420  -30.356  -11.674  -28.487 0.1428571492
87421  -31.403  -11.677  -28.623 0.1428571492
87440  -32.567  -11.147  -29.460 0.1428571492
86345  -35.153  -11.763  -29.333 0.1428571492
87423  -33.188  -11.835  -29.203 0.1428571492
88565  -35.542  -10.813  -28.355 0.1428571492
87442  -34.696  -11.298  -29.716 0.1428571492
87392  -34.411  -11.409  -25.345 0.1428571492
88508  -35.443  -10.668  -24.326 0.1428571492
88526  -34.463  -10.681  -25.230 0.1428571492
83046  -21.887  -15.690  -29.381 0.2857142985
83045  -21.334  -15.522  -29.476 0.2857142985
81937  -21.074  -15.999  -29.357 0.2857142985
86318  -29.191  -12.536  -28.169 0.1428571492
86319  -30.156  -12.602  -28.287 0.1428571492
86320  -31.161  -12.624  -28.434 0.1428571492
86321  -32.220  -12.651  -28.593 0.1428571492
86323  -34.546  -12.752  -28.906 0.1428571492
87422  -32.411  -11.766  -28.882 0.1428571492
86305  -35.737  -12.679  -27.575 0.1428571492
87404  -34.583  -11.602  -26.084 0.1428571492
86298  -35.311  -12.449  -26.951 0.1428571492
89592  -36.395  -9.713  -24.218 0.1428571492
88509  -36.139  -10.549  -24.060 0.1428571492
85255  -28.901  -13.456  -28.020 0.1428571492
85258  -31.909  -13.594  -28.378 0.1428571492
85257  -30.879  -13.561  -28.314 0.1428571492
85260  -34.211  -13.673  -28.546 0.1428571492
85261  -35.373  -13.479  -28.377 0.1428571492
86322  -33.377  -12.639  -28.801 0.1428571492
85240  -35.938  -13.077  -28.182 0.1428571492
86268  -35.061  -12.439  -24.470 0.1428571492
85226  -35.051  -12.982  -26.399 0.1428571492
87372  -35.903  -11.335  -24.025 0.1428571492
87358  -35.540  -11.903  -24.231 0.1428571492
84156  -28.738  -14.538  -27.787 0.1428571492
84158  -30.573  -14.470  -28.256 0.1428571492
85256  -29.900  -13.523  -28.211 0.1428571492
84162  -34.874  -14.770  -28.192 0.1428571492
84161  -33.728  -14.656  -28.304 0.1428571492
84142  -35.493  -14.490  -27.628 0.1428571492
84126  -35.285  -14.212  -26.685 0.1428571492
85202  -34.526  -12.666  -24.931 0.1428571492
85239  -35.685  -13.417  -27.674 0.1428571492
83035  -31.166  -15.340  -28.432 0.1428571492
83034  -30.241  -15.399  -28.410 0.1428571492
84157  -29.641  -14.482  -28.117 0.1428571492
83036  -32.127  -15.447  -28.322 0.1428571492
83037  -33.164  -15.571  -28.147 0.1428571492
84117  -34.879  -13.560  -25.979 0.1428571492
83021  -35.291  -15.500  -27.642 0.1428571492
84159  -31.548  -14.498  -28.279 0.1428571492
85259  -33.023  -13.632  -28.449 0.1428571492
87373  -36.690  -11.462  -23.815 0.1428571492
89593  -37.255  -9.706  -24.237 0.1428571492
88507  -34.899  -10.692  -24.692 0.1428571492
89651  -35.031  -10.108  -27.825 0.1428571492
88546  -34.469  -10.923  -25.945 0.1428571492
89686  -33.838  -9.695  -31.077 0.1428571492
90798  -35.318  -8.066  -30.211 0.1428571492
81938  -21.496  -16.137  -29.258 0.2857142985
84105  -34.510  -13.456  -25.150 0.1428571492
85181  -35.371  -12.941  -23.902 0.1428571492
88510  -37.001  -10.556  -24.003 0.1428571492
90698  -36.610  -8.992  -24.394 0.1428571492
89606  -34.765  -9.840  -25.099 0.1428571492
90697  -35.910  -8.944  -24.509 0.1428571492
91861  -34.359  -7.884  -26.563 0.1428571492
90723  -35.316  -8.852  -24.929 0.1428571492
91915  -35.062  -7.422  -30.602 0.1428571492
92959  -34.440  -6.434  -31.755 0.1428571492
110367  -26.949  10.597  -34.065 0.4285714328
112566  -27.531  11.870  -34.721 0.4285714328
113595  -26.023  13.111  -42.892 0.1428571492
110368  -27.971  10.614  -34.212 0.4285714328
115479  -27.075  15.367  -42.477 0.1428571492
89708  -34.324  -8.616  -31.202 0.1428571492
85254  -27.784  -13.492  -27.666 0.1428571492
94059  -33.782  -5.311  -32.689 0.1428571492
95097  -33.527  -4.516  -33.125 0.1428571492
88598  -33.799  -10.422  -30.614 0.1428571492
89687  -34.524  -9.161  -30.722 0.1428571492
90797  -34.846  -8.361  -30.719 0.1428571492
89671  -35.422  -9.141  -29.526 0.1428571492
88599  -34.662  -10.093  -30.332 0.1428571492
89662  -34.765  -9.382  -27.760 0.1428571492
91903  -35.353  -7.874  -29.272 0.1428571492
91902  -34.875  -7.568  -28.534 0.1428571492
90763  -34.464  -8.773  -27.156 0.1428571492
87441  -33.661  -11.423  -29.736 0.1428571492
87460  -34.036  -10.989  -30.155 0.1428571492
89650  -34.515  -9.891  -26.973 0.1428571492
88547  -34.748  -11.134  -26.532 0.1428571492
87443  -35.496  -11.314  -29.215 0.1428571492
90741  -34.402  -9.097  -26.035 0.1428571492
86344  -34.621  -12.003  -29.368 0.1428571492
86324  -35.414  -12.362  -28.832 0.1428571492
87411  -35.631  -11.816  -27.612 0.1428571492
87412  -35.926  -12.340  -27.936 0.1428571492
86297  -34.815  -12.293  -26.257 0.1428571492
85262  -35.678  -12.889  -28.386 0.1428571492
85227  -35.395  -13.216  -26.996 0.1428571492
85220  -34.688  -12.847  -25.681 0.1428571492
84160  -32.593  -14.570  -28.268 0.1428571492
84118  -34.665  -14.333  -25.478 0.1428571492
77264  -20.243  -19.985  -25.485 0.1428571492
77280  -20.698  -19.479  -26.112 0.1428571492
78458  -19.660  -19.623  -26.055 0.1428571492
78459  -20.180  -19.611  -26.060 0.1428571492
78470  -20.134  -19.567  -26.634 0.1428571492
78485  -20.147  -19.430  -27.526 0.1428571492
79608  -20.437  -18.750  -28.117 0.1428571492
80745  -20.018  -18.024  -28.070 0.1428571492
80759  -20.588  -17.718  -28.438 0.1428571492
80744  -19.358  -17.630  -27.677 0.1428571492
81919  -20.161  -16.706  -28.622 0.1428571492
81920  -20.887  -16.659  -29.090 0.1428571492
83043  -19.864  -15.119  -29.070 0.1428571492
84167  -20.046  -14.572  -29.200 0.1428571492
84168  -20.895  -14.690  -29.527 0.1428571492
85271  -21.239  -13.754  -29.664 0.2857142985
85282  -22.402  -13.261  -30.063 0.1428571492
90794  -22.988  -9.212  -30.737 0.4285714328
90812  -23.919  -8.386  -30.926 0.4285714328
103202  -26.163  2.855  -32.425 0.2857142985
103214  -25.312  3.431  -32.698 0.2857142985
103215  -26.527  3.789  -32.374 0.2857142985
107425  -24.476  7.537  -34.149 0.2857142985
108385  -24.874  8.524  -34.079 0.2857142985
109354  -26.179  9.040  -33.572 0.2857142985
109362  -25.457  9.442  -33.926 0.4285714328
86336  -20.339  -12.878  -29.565 0.1428571492
85281  -21.723  -13.256  -29.842 0.2857142985
79594  -19.715  -18.580  -27.710 0.1428571492
80758  -19.900  -17.363  -28.260 0.1428571492
83027  -19.681  -15.646  -28.595 0.1428571492
85270  -20.221  -13.696  -29.324 0.1428571492
86354  -21.482  -12.438  -30.061 0.2857142985
86355  -22.486  -12.478  -30.230 0.2857142985
89698  -22.334  -8.893  -31.005 0.2857142985
101172  -26.062  1.343  -32.102 0.2857142985
103201  -25.603  2.663  -32.569 0.2857142985
103213  -24.533  3.585  -33.712 0.2857142985
105349  -25.653  5.748  -33.091 0.2857142985
106424  -24.562  6.552  -33.762 0.2857142985
106439  -23.984  6.594  -34.392 0.2857142985
107426  -25.087  7.886  -33.707 0.2857142985
87454  -22.607  -11.617  -30.407 0.2857142985
102192  -25.807  2.111  -32.424 0.2857142985
101189  -24.267  1.597  -33.789 0.2857142985
104260  -24.403  4.471  -34.228 0.2857142985
105361  -24.347  5.542  -34.162 0.2857142985
104247  -24.925  4.791  -33.341 0.2857142985
105348  -24.975  5.833  -33.600 0.2857142985
105360  -23.794  5.834  -34.765 0.2857142985
106425  -25.352  6.584  -33.426 0.2857142985
103233  -24.025  3.674  -34.549 0.2857142985
89680  -23.638  -10.070  -30.692 0.4285714328
90795  -23.705  -9.203  -30.699 0.4285714328
107411  -24.966  7.235  -33.587 0.2857142985
83044  -20.515  -15.565  -29.248 0.1428571492
78484  -19.312  -19.018  -27.320 0.1428571492
83028  -20.356  -16.139  -28.901 0.1428571492
86337  -21.069  -12.892  -29.769 0.2857142985
89679  -22.671  -9.856  -30.788 0.4285714328
88589  -22.695  -10.789  -30.689 0.4285714328
104259  -23.945  4.817  -34.970 0.2857142985
91927  -23.268  -7.371  -31.393 0.2857142985
92954  -23.633  -6.492  -31.522 0.2857142985
118107  -23.662  18.873  -43.319 0.1428571492
118114  -23.790  17.805  -44.130 0.1428571492
118109  -25.121  17.789  -42.648 0.1428571492
117201  -26.018  16.887  -42.505 0.1428571492
116290  -26.869  16.119  -42.377 0.1428571492
118995  -23.470  19.452  -43.321 0.1428571492
117192  -25.828  17.442  -42.259 0.1428571492
118096  -24.607  18.956  -40.522 0.1428571492
119917  -22.475  20.586  -40.314 0.1428571492
115478  -26.200  15.035  -42.928 0.1428571492
117205  -24.580  16.947  -43.687 0.1428571492
116284  -27.357  16.259  -41.894 0.1428571492
117200  -25.430  17.187  -42.866 0.1428571492
116289  -26.089  16.223  -42.760 0.1428571492
116278  -27.889  16.046  -40.779 0.1428571492
118097  -25.489  18.477  -40.950 0.1428571492
118986  -23.911  19.458  -41.280 0.1428571492
118985  -23.075  19.958  -40.815 0.1428571492
118981  -23.028  19.921  -39.762 0.1428571492
118977  -23.107  19.956  -38.879 0.1428571492
118982  -23.715  19.384  -40.133 0.1428571492
117193  -26.443  17.157  -41.859 0.1428571492
118098  -26.071  17.849  -41.238 0.1428571492
118108  -24.461  18.248  -43.057 0.1428571492
118996  -23.663  19.144  -42.898 0.1428571492
117199  -24.783  17.477  -43.240 0.1428571492
118102  -25.553  17.900  -42.057 0.1428571492
118101  -24.741  18.833  -41.736 0.1428571492
119928  -23.391  20.496  -43.012 0.1428571492
116296  -25.259  16.244  -43.389 0.1428571492
102235  -24.136  2.622  -34.116 0.1428571492
102213  -24.619  2.499  -33.316 0.1428571492
105368  -21.792  5.569  -35.540 0.1428571492
106450  -22.976  6.583  -35.581 0.1428571492
101190  -24.628  1.490  -33.031 0.1428571492
105370  -23.367  5.699  -35.257 0.1428571492
107438  -22.536  7.521  -35.704 0.1428571492
108397  -22.919  8.449  -35.551 0.2857142985
95094  -24.868  -3.859  -32.308 0.2857142985
96123  -24.071  -3.631  -32.985 0.1428571492
99154  -24.177  -0.596  -33.765 0.1428571492
99155  -24.648  -0.274  -33.362 0.1428571492
100207  -24.066  0.747  -34.135 0.1428571492
101230  -31.727  1.303  -37.718 0.1428571492
102234  -23.471  2.752  -34.725 0.1428571492
106438  -23.570  6.614  -35.114 0.1428571492
108384  -24.204  8.414  -34.630 0.1428571492
108383  -23.511  8.398  -35.059 0.1428571492
109371  -23.310  9.265  -35.260 0.2857142985
111506  -24.513  10.723  -34.782 0.2857142985
113555  -24.208  13.399  -35.076 0.2857142985
112563  -22.999  12.969  -35.235 0.2857142985
115420  -22.922  16.488  -33.796 0.1428571492
110366  -25.922  10.461  -34.188 0.2857142985
110363  -23.630  9.716  -35.028 0.2857142985
111507  -25.346  11.312  -34.696 0.2857142985
112574  -26.700  12.653  -35.044 0.2857142985
111519  -24.938  11.924  -34.990 0.2857142985
112571  -23.483  12.444  -35.213 0.2857142985
113557  -26.256  13.480  -35.423 0.2857142985
112572  -24.611  12.510  -35.136 0.2857142985
114546  -25.792  14.348  -35.644 0.2857142985
115441  -24.311  15.510  -34.954 0.1428571492
114539  -23.132  13.846  -34.891 0.2857142985
117154  -23.463  18.132  -34.474 0.1428571492
112562  -22.474  12.494  -35.015 0.1428571492
111516  -22.401  11.564  -35.161 0.1428571492
108396  -22.133  8.506  -35.708 0.2857142985
113554  -23.375  13.409  -35.079 0.2857142985
114544  -23.690  14.259  -34.719 0.2857142985
115433  -23.429  16.026  -34.162 0.1428571492
115440  -23.430  14.985  -34.369 0.1428571492
107436  -20.781  7.512  -35.281 0.2857142985
114537  -22.062  14.233  -34.202 0.1428571492
116224  -21.812  16.218  -33.234 0.1428571492
115432  -22.691  14.990  -33.992 0.1428571492
107409  -19.805  7.231  -33.607 0.1428571492
102272  -32.071  1.966  -37.477 0.1428571492
98158  -24.501  -1.366  -33.279 0.1428571492
100206  -23.411  0.761  -34.413 0.1428571492
102261  -32.342  2.290  -36.680 0.1428571492
102233  -22.636  2.592  -34.851 0.1428571492
102248  -22.355  3.310  -35.215 0.1428571492
103232  -23.466  3.841  -35.160 0.1428571492
104270  -22.327  4.734  -35.468 0.1428571492
107437  -21.653  7.522  -35.687 0.1428571492
107424  -23.843  7.510  -34.837 0.1428571492
110375  -23.429  10.307  -35.219 0.1428571492
110376  -24.021  10.631  -34.905 0.1428571492
111518  -24.178  11.406  -35.011 0.2857142985
111517  -23.126  11.370  -35.189 0.1428571492
113549  -22.126  13.392  -34.594 0.2857142985
115439  -23.022  14.676  -34.367 0.1428571492
115434  -24.039  16.307  -34.732 0.1428571492
115419  -22.492  16.021  -33.698 0.1428571492
100233  -32.314  0.274  -36.539 0.1428571492
100240  -31.951  0.607  -37.313 0.1428571492
101212  -32.596  1.336  -36.122 0.1428571492
116239  -23.173  16.964  -34.045 0.1428571492
111508  -26.468  11.280  -34.430 0.2857142985
98144  -24.749  -1.843  -32.846 0.1428571492
97173  -23.912  -2.262  -33.408 0.1428571492
112565  -27.030  11.970  -34.626 0.2857142985
100198  -24.844  0.567  -32.864 0.1428571492
99187  -32.977  -0.581  -35.052 0.1428571492
109361  -24.539  9.317  -34.433 0.1428571492
101201  -23.750  1.683  -34.299 0.1428571492
102249  -22.982  3.254  -35.174 0.1428571492
104271  -23.151  4.765  -35.402 0.1428571492
101200  -23.029  1.696  -34.591 0.1428571492
105369  -22.656  5.644  -35.555 0.1428571492
106449  -22.151  6.549  -35.744 0.1428571492
100197  -24.466  0.672  -33.577 0.1428571492
107439  -23.247  7.510  -35.379 0.1428571492
99169  -23.757  -0.148  -34.216 0.1428571492
109360  -23.815  9.205  -34.810 0.2857142985
110365  -24.961  10.227  -34.459 0.2857142985
113556  -25.219  13.433  -35.277 0.2857142985
116225  -22.625  16.890  -33.323 0.1428571492
112564  -26.222  11.988  -34.638 0.2857142985
112573  -25.610  12.486  -35.005 0.2857142985
112570  -22.872  11.971  -35.202 0.1428571492
114538  -22.787  14.215  -34.619 0.2857142985
118062  -23.570  18.761  -34.992 0.1428571492
114543  -23.216  14.541  -34.521 0.2857142985
86352  -19.672  -12.252  -29.841 0.1428571492
87453  -21.573  -11.538  -30.420 0.1428571492
87451  -19.445  -11.513  -30.286 0.1428571492
88608  -19.969  -10.087  -31.235 0.1428571492
88587  -20.658  -10.680  -30.770 0.1428571492
89695  -19.921  -9.358  -31.463 0.1428571492
89696  -20.705  -9.164  -31.442 0.1428571492
89697  -21.654  -9.163  -31.195 0.1428571492
90808  -19.835  -8.375  -31.686 0.1428571492
90809  -20.885  -8.294  -31.669 0.1428571492
91926  -22.498  -7.171  -31.700 0.1428571492
94036  -24.056  -5.499  -32.053 0.1428571492
108395  -21.238  8.518  -35.445 0.1428571492
88586  -19.552  -10.522  -30.720 0.1428571492
113550  -22.778  13.422  -34.992 0.1428571492
90811  -22.805  -8.256  -31.303 0.1428571492
87452  -20.520  -11.501  -30.414 0.1428571492
86353  -20.424  -12.251  -30.004 0.1428571492
89676  -18.646  -9.601  -30.467 0.1428571492
88609  -20.687  -9.968  -31.225 0.1428571492
88610  -21.326  -9.786  -31.151 0.1428571492
88588  -21.646  -10.604  -30.787 0.1428571492
89678  -21.985  -10.026  -30.918 0.1428571492
90810  -21.823  -8.280  -31.565 0.1428571492
90793  -19.302  -8.781  -31.287 0.1428571492
87433  -18.952  -11.920  -29.910 0.1428571492
77330  -21.070  -20.207  -28.157 0.2857142985
77332  -21.674  -20.161  -28.391 0.4285714328
78513  -20.999  -20.087  -28.365 0.2857142985
78514  -21.285  -20.038  -28.434 0.4285714328
78515  -21.598  -19.972  -28.494 0.4285714328
84125  -35.181  -13.499  -26.520 0.1428571492
84150  -22.414  -15.202  -29.350 0.4285714328
86250  -35.508  -12.210  -24.144 0.1428571492
86267  -34.647  -11.903  -24.831 0.1428571492
86290  -34.526  -12.123  -25.497 0.1428571492
86306  -36.074  -12.790  -27.989 0.1428571492
86325  -35.842  -12.597  -28.287 0.1428571492
86343  -33.898  -12.163  -29.241 0.1428571492
86373  -25.928  -11.995  -31.254 0.5714285970
86390  -26.087  -11.887  -31.354 0.5714285970
87359  -35.743  -11.902  -24.063 0.1428571492
87360  -36.198  -11.926  -23.814 0.1428571492
87370  -34.628  -11.239  -24.799 0.1428571492
87371  -35.266  -11.584  -24.392 0.1428571492
87405  -35.048  -11.691  -26.790 0.1428571492
87424  -35.837  -11.956  -28.374 0.1428571492
87425  -35.942  -12.438  -28.146 0.1428571492
87484  -25.854  -11.799  -31.370 0.5714285970
87485  -26.180  -11.673  -31.310 0.5714285970
88559  -34.628  -10.599  -26.536 0.1428571492
88577  -33.441  -10.804  -30.259 0.1428571492
88595  -30.604  -9.658  -30.634 0.2857142985
88616  -29.905  -10.057  -31.822 0.2857142985
89590  -35.135  -10.219  -24.627 0.1428571492
89607  -35.128  -9.354  -24.963 0.1428571492
89721  -33.504  -9.077  -32.506 0.2857142985
90786  -35.439  -8.365  -29.663 0.1428571492
90819  -34.567  -8.034  -31.306 0.1428571492
90845  -32.600  -8.071  -33.576 0.4285714328
91805  -36.158  -8.533  -24.487 0.1428571492
91910  -35.389  -7.825  -29.762 0.1428571492
91916  -35.329  -7.611  -30.059 0.1428571492
91973  -31.704  -6.539  -34.439 0.4285714328
91974  -31.947  -6.754  -34.449 0.4285714328
92999  -31.911  -6.088  -34.710 0.4285714328
94069  -32.305  -5.961  -34.583 0.4285714328
94080  -32.465  -4.722  -34.871 0.4285714328
95117  -31.143  -4.418  -34.986 0.7142857313
95118  -31.609  -4.472  -35.474 0.5714285970
95119  -32.276  -4.328  -35.559 0.4285714328
95131  -31.797  -4.129  -36.132 0.4285714328
95132  -32.039  -4.097  -36.479 0.4285714328
95138  -31.989  -4.003  -37.033 0.4285714328
96141  -30.410  -3.868  -34.181 0.8571428657
96152  -32.543  -3.883  -35.361 0.4285714328
96163  -31.208  -3.541  -36.040 0.5714285970
96164  -31.607  -3.788  -36.529 0.4285714328
96171  -31.755  -3.612  -36.722 0.4285714328
97174  -24.479  -2.329  -33.023 0.4285714328
97186  -30.262  -2.817  -35.364 0.5714285970
97203  -31.251  -2.810  -36.546 0.4285714328
97205  -32.177  -2.667  -36.385 0.2857142985
98132  -28.089  -1.748  -31.528 0.8571428657
98186  -32.444  -1.689  -36.239 0.4285714328
98191  -30.680  -2.065  -36.495 0.7142857313
99126  -27.752  -0.985  -31.574 0.7142857313
99140  -26.270  -0.558  -31.717 0.5714285970
99170  -24.288  0.062  -33.911 0.1428571492
99185  -30.393  -1.269  -36.285 0.5714285970
100170  -27.615  -0.292  -31.634 0.5714285970
100237  -29.736  0.917  -37.624 0.5714285970
101171  -25.285  1.377  -32.540 0.2857142985
101222  -32.269  1.282  -37.055 0.1428571492
102214  -25.147  2.265  -32.699 0.2857142985
102247  -21.907  3.430  -35.222 0.1428571492
103218  -29.251  3.473  -33.379 0.8571428657
103274  -28.260  4.076  -37.927 0.2857142985
106468  -28.697  6.367  -38.214 0.1428571492
107412  -25.763  7.538  -33.365 0.2857142985
108386  -28.689  8.306  -33.966 1.0000000000
108419  -28.559  7.505  -38.948 0.1428571492
109372  -29.080  10.081  -35.023 0.8571428657
109402  -27.953  9.281  -39.677 0.1428571492
110364  -24.096  10.031  -34.781 0.2857142985
110411  -27.840  10.284  -40.584 0.1428571492
111520  -27.867  11.736  -34.741 0.5714285970
111522  -28.967  11.477  -35.462 0.8571428657
111532  -29.104  11.246  -36.862 0.5714285970
111567  -27.493  11.259  -41.371 0.1428571492
111568  -28.039  11.816  -41.051 0.1428571492
112581  -28.736  12.694  -36.269 0.8571428657
113564  -28.489  13.351  -36.341 0.8571428657
113569  -28.802  12.569  -36.890 0.7142857313
113578  -28.903  13.850  -39.852 0.2857142985
113584  -28.924  13.869  -40.088 0.4285714328
114553  -27.835  14.496  -36.663 0.7142857313
114565  -28.955  14.085  -39.967 0.4285714328
114570  -28.847  14.076  -40.193 0.4285714328
114576  -28.071  14.178  -41.323 0.2857142985
115460  -28.150  15.080  -38.243 0.4285714328
115464  -27.953  15.716  -39.195 0.2857142985
115468  -28.078  15.542  -40.860 0.2857142985
116275  -28.253  15.709  -39.835 0.2857142985
116283  -26.723  16.473  -42.229 0.1428571492
116288  -25.599  16.569  -43.015 0.1428571492
116297  -25.630  15.917  -43.182 0.1428571492
117194  -27.309  16.633  -41.289 0.1428571492
117206  -25.093  16.813  -43.385 0.1428571492
118103  -26.029  17.641  -41.705 0.1428571492
