#!ascii label  , from subject ernie vox2ras=TkReg
834
53501  28.055  -37.879  49.063 0.0000000000
76947  42.469  -17.372  32.903 0.0000000000
79188  51.508  -15.567  33.127 0.0000000000
63957  43.916  -28.180  41.645 0.0000000000
49843  32.003  -41.091  42.386 0.0000000000
47332  30.729  -41.387  46.695 0.0000000000
79179  46.667  -16.239  34.466 0.0000000000
76878  46.736  -17.373  39.302 0.0000000000
60498  41.475  -32.175  43.545 0.0000000000
48582  36.691  -40.885  42.772 0.0000000000
82751  55.597  -11.881  23.214 0.0000000000
82691  51.079  -12.444  28.962 0.0000000000
68718  41.301  -25.704  38.888 0.0000000000
70959  44.935  -22.587  39.632 0.0000000000
52236  29.933  -38.594  45.497 0.0000000000
50960  29.532  -39.524  47.241 0.0000000000
79192  44.257  -15.893  33.034 0.0000000000
80312  46.708  -15.712  36.163 0.0000000000
78030  44.328  -16.830  36.034 0.0000000000
54850  42.195  -36.341  41.350 0.0000000000
47374  33.999  -43.247  44.144 0.0000000000
48584  34.714  -42.008  42.416 0.0000000000
46226  36.028  -43.434  43.006 0.0000000000
85037  55.147  -10.827  24.349 0.0000000000
81638  54.161  -13.160  25.036 0.0000000000
82712  53.962  -11.958  26.195 0.0000000000
80380  49.234  -15.211  31.175 0.0000000000
80407  48.247  -14.122  28.290 0.0000000000
80387  51.131  -13.917  31.006 0.0000000000
79221  51.493  -15.018  29.998 0.0000000000
78088  51.347  -16.475  32.053 0.0000000000
61693  43.097  -30.152  42.355 0.0000000000
63959  40.958  -28.576  41.374 0.0000000000
66323  42.351  -26.690  42.456 0.0000000000
69802  43.524  -24.279  40.073 0.0000000000
67527  44.815  -24.967  42.649 0.0000000000
69788  47.148  -23.489  41.292 0.0000000000
66336  45.685  -26.279  40.262 0.0000000000
49784  31.943  -40.810  44.859 0.0000000000
76982  47.764  -17.529  31.422 0.0000000000
79176  49.820  -15.774  33.817 0.0000000000
80309  48.868  -15.432  36.038 0.0000000000
76895  48.410  -17.435  37.045 0.0000000000
54765  38.640  -36.401  44.008 0.0000000000
56995  41.379  -34.762  44.045 0.0000000000
58137  43.581  -33.277  42.391 0.0000000000
59351  44.394  -31.977  41.028 0.0000000000
61739  45.099  -30.151  39.194 0.0000000000
53621  36.703  -37.770  41.991 0.0000000000
51043  38.256  -39.464  43.266 0.0000000000
81694  53.817  -13.476  20.785 0.0000000000
83839  51.638  -11.461  26.647 0.0000000000
80405  52.246  -13.876  28.075 0.0000000000
78143  50.371  -16.082  28.377 0.0000000000
74542  43.726  -19.512  35.894 0.0000000000
74515  45.738  -19.357  39.573 0.0000000000
72171  47.922  -21.230  39.928 0.0000000000
50944  27.827  -38.445  49.046 0.0000000000
52178  28.471  -38.183  48.532 0.0000000000
50961  28.542  -39.349  47.573 0.0000000000
79194  42.945  -16.122  32.651 0.0000000000
79182  43.780  -15.771  33.769 0.0000000000
78045  43.108  -16.802  33.934 0.0000000000
46228  34.344  -43.723  44.010 0.0000000000
83857  53.393  -10.943  23.967 0.0000000000
83846  54.799  -11.209  25.532 0.0000000000
85030  53.644  -10.812  25.454 0.0000000000
79200  50.671  -15.009  32.515 0.0000000000
80379  49.750  -14.877  31.373 0.0000000000
80371  51.220  -15.020  32.412 0.0000000000
78101  51.720  -15.865  31.794 0.0000000000
62794  43.562  -29.507  41.825 0.0000000000
63948  42.694  -28.142  42.505 0.0000000000
65096  43.539  -27.455  42.434 0.0000000000
67521  43.512  -25.478  43.315 0.0000000000
66312  44.371  -26.230  42.846 0.0000000000
66327  45.404  -26.182  41.726 0.0000000000
66328  44.814  -26.692  40.950 0.0000000000
51029  30.977  -39.687  44.566 0.0000000000
48518  31.134  -41.468  45.996 0.0000000000
46194  32.518  -42.455  45.289 0.0000000000
76963  46.472  -17.631  33.073 0.0000000000
75769  46.601  -18.483  31.525 0.0000000000
76945  47.469  -17.340  33.457 0.0000000000
76944  48.399  -17.001  32.939 0.0000000000
79177  48.693  -15.913  34.222 0.0000000000
79164  48.938  -15.520  34.846 0.0000000000
80353  47.842  -15.414  35.278 0.0000000000
79103  46.655  -16.414  38.091 0.0000000000
80261  47.450  -16.269  36.904 0.0000000000
76876  47.616  -17.674  38.801 0.0000000000
74533  47.844  -18.940  37.636 0.0000000000
74514  47.698  -19.607  39.089 0.0000000000
53587  40.044  -37.699  43.534 0.0000000000
55917  40.068  -35.542  44.297 0.0000000000
53585  41.360  -37.446  43.086 0.0000000000
55981  43.241  -35.218  41.860 0.0000000000
58136  44.062  -32.651  41.647 0.0000000000
48583  35.994  -41.592  42.355 0.0000000000
49842  36.023  -40.350  41.881 0.0000000000
51057  36.942  -39.617  42.662 0.0000000000
52281  37.285  -38.419  43.055 0.0000000000
49802  37.643  -40.496  42.953 0.0000000000
85060  56.417  -10.424  22.573 0.0000000000
82782  55.641  -12.366  21.621 0.0000000000
80459  52.845  -13.939  25.600 0.0000000000
81579  49.680  -13.160  28.931 0.0000000000
81609  48.445  -13.327  26.950 0.0000000000
82714  49.636  -12.523  26.965 0.0000000000
83850  49.891  -11.913  25.943 0.0000000000
83832  50.808  -11.932  27.929 0.0000000000
83822  52.108  -11.936  28.147 0.0000000000
82678  52.011  -12.847  29.075 0.0000000000
78118  49.911  -16.633  29.675 0.0000000000
79233  51.057  -15.613  28.702 0.0000000000
59325  40.355  -32.818  43.148 0.0000000000
60516  40.565  -32.109  42.645 0.0000000000
66338  40.965  -26.844  40.483 0.0000000000
65115  40.420  -27.715  39.746 0.0000000000
69806  44.576  -23.377  39.993 0.0000000000
69815  43.846  -24.115  38.420 0.0000000000
70984  44.564  -22.095  37.787 0.0000000000
72237  43.865  -21.379  35.823 0.0000000000
72211  44.683  -21.323  38.342 0.0000000000
74526  44.771  -19.474  38.243 0.0000000000
72193  45.527  -20.936  39.723 0.0000000000
68705  47.487  -24.440  39.952 0.0000000000
70925  47.747  -22.837  40.381 0.0000000000
69805  48.320  -23.573  39.270 0.0000000000
70970  48.340  -22.899  38.243 0.0000000000
52217  30.150  -39.368  46.659 0.0000000000
49726  29.982  -40.754  46.895 0.0000000000
48520  29.562  -41.211  46.032 0.0000000000
49728  29.007  -40.286  47.065 0.0000000000
79180  45.672  -16.068  34.026 0.0000000000
80354  47.021  -15.618  35.392 0.0000000000
80356  45.300  -15.760  35.416 0.0000000000
79134  45.143  -15.945  36.314 0.0000000000
77983  45.790  -16.694  38.166 0.0000000000
48567  33.016  -42.019  43.456 0.0000000000
48585  33.556  -42.000  42.698 0.0000000000
47417  34.340  -42.419  43.203 0.0000000000
47416  35.249  -42.395  43.019 0.0000000000
48566  36.184  -42.128  42.885 0.0000000000
47391  37.449  -42.287  42.607 0.0000000000
46246  36.682  -43.287  42.306 0.0000000000
83868  55.488  -11.251  23.388 0.0000000000
82743  55.158  -12.320  23.863 0.0000000000
82732  55.038  -11.581  24.939 0.0000000000
81620  54.466  -12.249  25.604 0.0000000000
81608  53.205  -13.354  26.469 0.0000000000
79224  47.748  -15.756  29.744 0.0000000000
80395  48.660  -14.468  29.595 0.0000000000
80394  49.515  -13.826  29.940 0.0000000000
81560  51.106  -13.169  29.676 0.0000000000
81559  51.712  -13.501  29.453 0.0000000000
80386  51.368  -14.311  30.285 0.0000000000
78102  51.143  -16.148  31.057 0.0000000000
60497  42.313  -31.484  43.011 0.0000000000
61695  41.486  -30.377  42.622 0.0000000000
62785  41.675  -29.370  42.431 0.0000000000
65099  41.441  -27.758  42.204 0.0000000000
67538  41.781  -26.149  41.258 0.0000000000
68716  42.614  -25.024  39.577 0.0000000000
68697  42.739  -25.007  41.479 0.0000000000
68696  43.528  -24.414  41.163 0.0000000000
69790  45.052  -23.492  41.619 0.0000000000
72153  45.318  -22.082  40.983 0.0000000000
69778  45.506  -24.204  41.856 0.0000000000
67534  46.544  -24.962  40.833 0.0000000000
66344  46.631  -26.111  39.432 0.0000000000
53567  30.197  -38.529  43.614 0.0000000000
52283  31.551  -39.110  43.777 0.0000000000
49804  32.184  -40.659  44.052 0.0000000000
48533  33.178  -42.041  45.223 0.0000000000
46209  32.877  -43.048  44.828 0.0000000000
78104  48.481  -16.434  30.741 0.0000000000
78074  49.662  -15.722  32.681 0.0000000000
79189  50.809  -15.190  33.091 0.0000000000
79162  50.277  -16.030  35.076 0.0000000000
78028  50.171  -16.486  35.454 0.0000000000
76907  49.343  -17.276  36.307 0.0000000000
80310  48.020  -15.246  36.371 0.0000000000
79132  48.497  -16.006  36.538 0.0000000000
56998  37.788  -35.509  42.859 0.0000000000
56979  39.014  -34.877  43.680 0.0000000000
58106  40.460  -33.971  43.902 0.0000000000
58121  41.424  -33.793  44.063 0.0000000000
54806  42.172  -36.621  42.696 0.0000000000
56994  42.085  -34.578  43.646 0.0000000000
59323  42.342  -32.575  43.414 0.0000000000
59322  43.117  -32.248  42.746 0.0000000000
60513  44.048  -31.404  41.704 0.0000000000
61709  44.161  -30.258  41.286 0.0000000000
62819  44.768  -29.408  39.706 0.0000000000
60543  44.790  -30.610  39.585 0.0000000000
54767  37.596  -36.825  43.488 0.0000000000
52279  38.672  -38.287  43.570 0.0000000000
51041  39.811  -39.211  43.087 0.0000000000
48563  38.188  -41.263  42.572 0.0000000000
48580  38.868  -40.959  42.153 0.0000000000
81711  55.807  -12.896  19.885 0.0000000000
83848  51.927  -11.207  25.608 0.0000000000
83838  52.702  -11.135  26.420 0.0000000000
81593  53.124  -12.816  26.951 0.0000000000
80422  52.642  -14.005  27.154 0.0000000000
81577  51.859  -13.826  28.820 0.0000000000
79243  51.509  -15.068  28.213 0.0000000000
79257  51.367  -14.973  27.351 0.0000000000
62795  40.840  -29.658  41.265 0.0000000000
74570  42.951  -20.015  33.445 0.0000000000
75733  42.911  -18.358  33.954 0.0000000000
75713  43.871  -18.626  36.270 0.0000000000
76887  44.751  -18.065  38.164 0.0000000000
76867  46.353  -18.363  39.679 0.0000000000
72173  46.690  -21.479  40.502 0.0000000000
73331  47.083  -20.454  40.177 0.0000000000
74503  47.472  -19.743  39.548 0.0000000000
73356  47.836  -20.588  38.864 0.0000000000
63971  45.107  -28.357  39.274 0.0000000000
65128  46.142  -27.038  38.831 0.0000000000
52179  28.193  -38.246  49.079 0.0000000000
50929  27.841  -38.475  49.935 0.0000000000
52169  28.131  -38.234  49.920 0.0000000000
53500  28.510  -37.925  48.576 0.0000000000
52190  28.282  -38.494  48.353 0.0000000000
78078  42.524  -16.657  32.359 0.0000000000
78063  42.865  -16.593  33.215 0.0000000000
76934  42.817  -17.461  33.621 0.0000000000
85040  53.147  -10.865  24.768 0.0000000000
85041  52.490  -10.971  24.799 0.0000000000
80372  50.938  -14.857  32.518 0.0000000000
79199  51.576  -15.425  32.102 0.0000000000
63958  43.676  -28.816  41.687 0.0000000000
63947  43.394  -28.352  42.144 0.0000000000
63946  43.726  -27.778  42.127 0.0000000000
65088  44.162  -26.583  42.719 0.0000000000
65095  44.162  -27.170  42.319 0.0000000000
66321  44.791  -26.704  42.087 0.0000000000
65104  44.403  -27.470  41.355 0.0000000000
49736  30.836  -41.046  46.631 0.0000000000
49752  30.753  -41.019  46.392 0.0000000000
47346  30.939  -41.429  46.069 0.0000000000
78076  46.379  -17.060  33.711 0.0000000000
78060  47.061  -16.830  34.108 0.0000000000
78059  48.175  -16.652  33.879 0.0000000000
79178  47.698  -16.119  34.432 0.0000000000
79165  48.156  -15.621  34.798 0.0000000000
79166  47.300  -15.793  34.882 0.0000000000
77967  46.999  -16.597  38.853 0.0000000000
77981  47.158  -16.666  38.448 0.0000000000
76877  47.198  -17.409  39.159 0.0000000000
75680  47.347  -18.164  39.324 0.0000000000
52277  40.426  -38.373  43.126 0.0000000000
53562  40.324  -37.056  43.755 0.0000000000
52276  40.956  -37.855  43.117 0.0000000000
49824  36.526  -40.403  42.448 0.0000000000
51058  36.336  -39.512  42.228 0.0000000000
49823  36.797  -40.354  42.798 0.0000000000
51044  37.531  -39.498  43.046 0.0000000000
49803  37.039  -40.422  43.002 0.0000000000
83880  55.972  -11.423  22.689 0.0000000000
83879  56.378  -11.041  22.325 0.0000000000
83892  56.267  -11.478  22.235 0.0000000000
82763  55.965  -11.941  22.120 0.0000000000
82764  55.332  -12.450  22.035 0.0000000000
82692  50.240  -12.686  28.726 0.0000000000
82703  49.569  -12.756  28.027 0.0000000000
82702  50.462  -12.332  28.302 0.0000000000
82713  50.185  -12.273  27.627 0.0000000000
83824  50.943  -12.094  28.447 0.0000000000
83823  51.435  -11.964  28.412 0.0000000000
82690  51.893  -12.282  28.889 0.0000000000
75804  49.084  -18.037  30.225 0.0000000000
60499  40.822  -32.237  43.421 0.0000000000
61685  41.099  -31.658  43.172 0.0000000000
67552  41.403  -26.353  39.587 0.0000000000
67553  40.822  -26.278  39.026 0.0000000000
69814  44.546  -23.350  38.929 0.0000000000
70971  44.666  -22.340  38.622 0.0000000000
72194  45.025  -21.413  39.454 0.0000000000
67550  47.599  -24.978  39.295 0.0000000000
68704  47.966  -23.979  39.677 0.0000000000
67558  48.060  -24.745  38.758 0.0000000000
68724  48.397  -24.332  38.628 0.0000000000
53526  29.254  -38.205  47.142 0.0000000000
52202  29.802  -39.073  47.090 0.0000000000
50977  30.077  -39.749  46.974 0.0000000000
49738  29.992  -40.046  47.076 0.0000000000
48487  29.444  -40.574  46.847 0.0000000000
49727  29.591  -40.332  47.052 0.0000000000
79204  43.975  -16.143  32.280 0.0000000000
78106  44.081  -16.848  31.220 0.0000000000
79203  44.536  -16.204  32.512 0.0000000000
78091  44.906  -16.651  32.551 0.0000000000
79191  44.926  -16.203  33.209 0.0000000000
79168  45.393  -15.851  34.763 0.0000000000
79181  44.738  -15.733  33.917 0.0000000000
78031  44.180  -16.392  35.694 0.0000000000
79151  44.653  -15.857  35.806 0.0000000000
78015  44.736  -16.474  36.307 0.0000000000
79115  45.862  -16.438  37.379 0.0000000000
77995  45.221  -16.707  37.210 0.0000000000
47395  33.539  -42.488  43.809 0.0000000000
46227  35.084  -43.621  43.480 0.0000000000
47393  35.806  -42.672  43.131 0.0000000000
47392  36.787  -42.501  42.774 0.0000000000
85051  54.146  -10.605  23.569 0.0000000000
85050  55.269  -10.300  23.431 0.0000000000
86233  55.922  -9.905  23.376 0.0000000000
83856  55.211  -11.195  24.271 0.0000000000
83836  54.425  -11.288  26.009 0.0000000000
82720  54.658  -11.806  25.593 0.0000000000
82721  54.322  -12.123  25.893 0.0000000000
81621  54.061  -12.581  25.814 0.0000000000
81607  53.383  -12.725  26.588 0.0000000000
79215  48.314  -15.957  30.383 0.0000000000
79223  48.518  -15.340  30.273 0.0000000000
80389  49.085  -14.843  30.755 0.0000000000
80388  49.964  -14.011  30.732 0.0000000000
81561  50.176  -13.482  29.782 0.0000000000
81546  50.809  -13.650  30.330 0.0000000000
81545  51.232  -13.788  30.074 0.0000000000
79212  51.726  -15.292  31.046 0.0000000000
76996  50.386  -16.598  30.974 0.0000000000
76979  50.513  -16.873  31.523 0.0000000000
61694  42.230  -30.355  42.638 0.0000000000
63940  42.287  -27.714  42.620 0.0000000000
63949  41.873  -28.285  42.527 0.0000000000
65098  41.909  -27.333  42.438 0.0000000000
66331  41.346  -26.676  41.330 0.0000000000
66330  41.901  -26.567  41.889 0.0000000000
68698  42.288  -25.444  41.090 0.0000000000
67536  42.678  -25.552  42.151 0.0000000000
68669  44.168  -24.889  44.130 0.0000000000
68686  43.730  -24.654  42.453 0.0000000000
69791  44.284  -24.001  41.512 0.0000000000
69780  44.553  -24.067  42.117 0.0000000000
69779  45.190  -24.088  42.035 0.0000000000
68684  45.475  -24.620  42.057 0.0000000000
67535  46.072  -25.285  41.211 0.0000000000
67543  46.329  -25.674  40.485 0.0000000000
67542  46.889  -25.163  40.210 0.0000000000
66335  46.449  -25.849  40.129 0.0000000000
52261  29.955  -38.385  44.833 0.0000000000
53568  29.804  -38.056  44.201 0.0000000000
49785  31.434  -40.439  44.990 0.0000000000
52259  31.687  -39.158  44.263 0.0000000000
51027  32.025  -39.864  44.174 0.0000000000
51045  31.973  -39.680  43.839 0.0000000000
48550  32.844  -41.648  44.746 0.0000000000
75786  47.331  -18.088  30.976 0.0000000000
76999  47.774  -17.333  30.504 0.0000000000
76981  48.299  -16.981  31.084 0.0000000000
78058  49.170  -16.167  33.343 0.0000000000
78075  49.034  -16.378  32.383 0.0000000000
78057  49.748  -15.614  33.212 0.0000000000
79190  50.188  -15.311  32.947 0.0000000000
79175  50.696  -16.010  34.077 0.0000000000
80331  49.054  -15.437  35.636 0.0000000000
79148  49.565  -15.901  35.536 0.0000000000
78011  49.849  -16.652  35.733 0.0000000000
78012  49.413  -16.478  36.072 0.0000000000
80334  46.814  -15.537  35.823 0.0000000000
80311  47.329  -15.400  36.157 0.0000000000
77994  48.216  -16.749  37.241 0.0000000000
79114  47.830  -16.329  37.053 0.0000000000
78013  48.841  -16.833  36.688 0.0000000000
55920  37.893  -36.008  43.691 0.0000000000
56980  38.441  -35.331  43.531 0.0000000000
55919  38.420  -35.752  43.822 0.0000000000
55916  40.962  -35.635  44.085 0.0000000000
56978  39.937  -34.806  43.945 0.0000000000
56977  40.675  -34.532  44.178 0.0000000000
58105  40.786  -33.593  44.183 0.0000000000
53606  41.999  -37.182  42.124 0.0000000000
54830  42.325  -36.625  41.906 0.0000000000
57012  43.594  -34.433  42.161 0.0000000000
55957  43.251  -35.199  42.652 0.0000000000
56993  43.074  -34.404  43.090 0.0000000000
58120  42.280  -33.564  43.593 0.0000000000
58119  42.943  -33.206  43.119 0.0000000000
59337  44.153  -31.840  41.721 0.0000000000
60531  44.365  -31.204  41.226 0.0000000000
60532  43.992  -30.997  41.664 0.0000000000
61726  44.521  -30.524  40.581 0.0000000000
60544  44.643  -31.130  40.265 0.0000000000
48602  33.975  -41.812  41.506 0.0000000000
52311  36.590  -38.490  41.986 0.0000000000
53622  36.008  -37.626  41.313 0.0000000000
54808  36.941  -36.909  42.512 0.0000000000
55941  37.330  -36.368  42.792 0.0000000000
53608  36.993  -37.613  42.851 0.0000000000
52280  37.859  -38.549  43.437 0.0000000000
51042  39.127  -39.372  43.338 0.0000000000
52278  39.600  -38.499  43.423 0.0000000000
48564  37.644  -41.536  42.828 0.0000000000
49840  39.399  -40.461  41.970 0.0000000000
81692  55.859  -12.585  20.665 0.0000000000
81712  54.515  -13.227  19.976 0.0000000000
81648  54.659  -12.731  24.454 0.0000000000
80408  47.791  -14.786  28.574 0.0000000000
80425  47.516  -14.519  27.335 0.0000000000
80424  48.050  -13.903  27.700 0.0000000000
83849  50.795  -11.589  25.819 0.0000000000
83861  50.035  -11.873  25.010 0.0000000000
83860  50.901  -11.482  24.784 0.0000000000
83847  52.580  -11.016  25.932 0.0000000000
82689  52.263  -12.654  28.426 0.0000000000
82701  52.555  -12.291  27.460 0.0000000000
81594  52.715  -13.099  27.389 0.0000000000
80393  51.623  -14.308  29.395 0.0000000000
79244  50.690  -15.621  27.677 0.0000000000
62786  41.184  -29.556  42.087 0.0000000000
69848  43.838  -23.412  35.994 0.0000000000
73386  43.835  -20.431  36.292 0.0000000000
73414  43.555  -20.441  34.523 0.0000000000
74551  43.530  -19.489  35.028 0.0000000000
74561  43.134  -19.459  33.980 0.0000000000
75723  43.623  -18.606  35.572 0.0000000000
74541  43.902  -19.502  36.719 0.0000000000
74525  45.251  -19.375  38.946 0.0000000000
75701  44.602  -18.632  37.824 0.0000000000
75689  45.532  -18.514  39.196 0.0000000000
74506  46.249  -19.478  39.935 0.0000000000
70928  45.648  -22.723  41.354 0.0000000000
72152  46.006  -22.001  40.980 0.0000000000
70927  46.665  -22.579  41.227 0.0000000000
70945  47.646  -22.129  40.288 0.0000000000
72172  47.452  -21.292  40.261 0.0000000000
74504  47.183  -19.656  39.890 0.0000000000
73329  47.707  -20.500  39.746 0.0000000000
73344  47.806  -20.533  39.494 0.0000000000
72192  48.039  -21.529  39.271 0.0000000000
62805  44.802  -29.708  39.719 0.0000000000
63972  44.663  -28.706  39.742 0.0000000000
62818  45.053  -29.315  39.342 0.0000000000
53516  28.734  -38.024  48.020 0.0000000000
52189  28.882  -38.612  47.656 0.0000000000
78093  43.665  -16.463  31.591 0.0000000000
79193  43.543  -15.931  32.831 0.0000000000
79183  43.166  -15.987  33.264 0.0000000000
78044  43.622  -16.511  34.586 0.0000000000
76922  44.186  -17.050  35.811 0.0000000000
46208  33.674  -43.450  44.231 0.0000000000
45071  34.482  -44.490  43.594 0.0000000000
85038  54.701  -10.746  24.465 0.0000000000
85028  54.917  -10.957  25.074 0.0000000000
85039  53.950  -10.714  24.663 0.0000000000
85022  53.985  -10.894  25.984 0.0000000000
79201  50.061  -15.268  32.110 0.0000000000
80378  50.712  -14.684  31.783 0.0000000000
80377  51.419  -14.737  31.494 0.0000000000
62784  42.395  -29.240  42.420 0.0000000000
62783  43.015  -29.093  42.251 0.0000000000
65090  43.099  -27.111  42.786 0.0000000000
66314  43.268  -26.118  42.920 0.0000000000
65082  43.596  -26.305  42.935 0.0000000000
66305  44.008  -26.056  43.509 0.0000000000
67518  44.534  -25.467  43.128 0.0000000000
67526  45.201  -25.470  42.404 0.0000000000
66320  44.874  -26.034  42.642 0.0000000000
66337  44.908  -26.729  40.212 0.0000000000
51012  30.572  -39.885  45.357 0.0000000000
49771  30.479  -40.310  45.926 0.0000000000
49770  31.110  -40.782  45.623 0.0000000000
49769  31.851  -41.171  45.346 0.0000000000
48534  32.348  -41.722  45.490 0.0000000000
47360  31.992  -42.140  45.809 0.0000000000
75755  45.291  -18.284  32.175 0.0000000000
75754  46.021  -18.270  32.340 0.0000000000
75753  46.844  -18.044  32.244 0.0000000000
76962  47.499  -17.638  32.389 0.0000000000
76961  48.403  -17.076  31.934 0.0000000000
80352  48.374  -15.432  35.153 0.0000000000
80332  48.508  -15.308  35.590 0.0000000000
80285  46.741  -16.199  36.671 0.0000000000
80284  47.288  -15.872  36.551 0.0000000000
79102  47.040  -16.497  38.036 0.0000000000
77980  47.541  -16.815  37.985 0.0000000000
76885  48.023  -17.523  37.943 0.0000000000
75699  48.034  -18.315  37.603 0.0000000000
75688  47.788  -18.528  38.572 0.0000000000
74523  47.765  -19.480  38.240 0.0000000000
53564  38.892  -37.195  43.806 0.0000000000
54764  39.454  -36.377  44.202 0.0000000000
53563  39.729  -37.088  43.920 0.0000000000
54763  40.328  -36.418  44.151 0.0000000000
54762  40.892  -36.305  43.849 0.0000000000
55982  42.665  -35.792  41.579 0.0000000000
58153  43.805  -33.594  41.483 0.0000000000
58152  44.068  -32.819  40.830 0.0000000000
48601  35.063  -41.576  41.511 0.0000000000
48600  35.700  -41.034  41.455 0.0000000000
49859  35.556  -40.247  41.071 0.0000000000
51074  35.883  -39.310  41.556 0.0000000000
52299  36.291  -38.892  42.046 0.0000000000
52298  36.795  -38.630  42.390 0.0000000000
82762  56.563  -11.827  21.389 0.0000000000
82781  56.103  -12.271  21.172 0.0000000000
81693  55.087  -12.827  21.157 0.0000000000
81623  52.889  -13.917  25.120 0.0000000000
81580  48.976  -13.702  28.720 0.0000000000
81596  48.652  -13.442  27.829 0.0000000000
82704  49.014  -12.976  27.255 0.0000000000
82715  48.884  -12.892  26.516 0.0000000000
83841  49.823  -12.159  26.471 0.0000000000
83840  50.522  -11.908  26.883 0.0000000000
83831  51.496  -11.717  27.603 0.0000000000
83830  52.301  -11.665  27.232 0.0000000000
81576  52.144  -13.293  28.624 0.0000000000
78117  50.872  -16.120  30.064 0.0000000000
79222  51.260  -15.606  29.591 0.0000000000
78132  50.574  -16.105  29.183 0.0000000000
78133  49.829  -16.529  28.693 0.0000000000
59326  40.153  -33.554  43.462 0.0000000000
65114  40.728  -27.736  40.585 0.0000000000
63965  40.733  -28.628  40.245 0.0000000000
69807  44.033  -24.023  39.539 0.0000000000
69828  44.313  -23.152  37.550 0.0000000000
69847  44.252  -22.848  36.677 0.0000000000
70998  44.101  -22.280  36.239 0.0000000000
70997  44.343  -22.187  37.052 0.0000000000
72236  44.011  -21.340  36.700 0.0000000000
73385  44.025  -20.416  37.141 0.0000000000
73373  44.547  -20.398  37.892 0.0000000000
73359  44.976  -20.361  38.821 0.0000000000
73345  45.833  -20.304  39.788 0.0000000000
68693  47.398  -24.010  40.713 0.0000000000
70926  47.458  -22.741  40.877 0.0000000000
69787  47.640  -23.304  40.637 0.0000000000
69798  47.819  -23.272  40.023 0.0000000000
70944  47.997  -22.463  39.741 0.0000000000
70958  48.321  -22.662  38.904 0.0000000000
69813  48.478  -23.636  38.438 0.0000000000
52218  29.861  -38.768  46.472 0.0000000000
52235  30.342  -39.149  45.878 0.0000000000
50976  30.284  -39.877  46.781 0.0000000000
49737  30.325  -40.591  46.846 0.0000000000
48502  30.542  -41.140  46.613 0.0000000000
47334  29.957  -41.211  46.479 0.0000000000
47319  29.901  -41.279  46.715 0.0000000000
48503  29.718  -40.932  46.635 0.0000000000
50978  28.535  -40.013  47.242 0.0000000000
76964  45.246  -17.536  32.530 0.0000000000
78077  45.630  -16.819  33.331 0.0000000000
78061  46.220  -16.571  33.979 0.0000000000
79167  46.329  -15.946  34.855 0.0000000000
80355  46.112  -15.797  35.398 0.0000000000
80335  45.964  -15.715  35.819 0.0000000000
79169  44.535  -15.794  34.997 0.0000000000
80336  45.153  -15.675  35.847 0.0000000000
80313  45.862  -15.965  36.230 0.0000000000
80286  46.261  -16.386  36.953 0.0000000000
77982  46.252  -16.410  38.296 0.0000000000
77968  46.389  -16.653  38.829 0.0000000000
52308  41.047  -38.056  42.358 0.0000000000
48586  32.632  -41.548  42.850 0.0000000000
47394  34.502  -42.991  43.756 0.0000000000
47415  35.839  -42.238  42.924 0.0000000000
48565  36.771  -41.563  42.975 0.0000000000
47414  37.144  -42.729  42.421 0.0000000000
46245  37.145  -42.910  42.191 0.0000000000
85048  56.274  -10.232  23.085 0.0000000000
82742  55.292  -11.741  24.135 0.0000000000
82733  54.963  -12.108  24.771 0.0000000000
83845  55.019  -11.281  25.102 0.0000000000
81637  54.544  -12.432  25.269 0.0000000000
81622  53.392  -13.561  25.590 0.0000000000
80441  52.766  -13.962  26.191 0.0000000000
79234  47.453  -15.461  28.844 0.0000000000
80396  47.871  -15.097  29.204 0.0000000000
81562  49.368  -13.674  29.419 0.0000000000
81578  50.473  -12.927  29.275 0.0000000000
82679  51.673  -12.769  29.320 0.0000000000
81544  51.452  -13.896  29.868 0.0000000000
79213  51.473  -15.661  30.365 0.0000000000
78103  50.377  -16.480  30.505 0.0000000000
76997  49.777  -17.232  30.659 0.0000000000
61684  41.474  -31.254  42.975 0.0000000000
63950  41.312  -28.493  42.101 0.0000000000
65106  41.035  -27.570  41.530 0.0000000000
68710  41.891  -25.832  39.594 0.0000000000
68717  41.938  -25.284  39.118 0.0000000000
68709  42.362  -25.449  40.339 0.0000000000
68708  43.094  -24.710  40.360 0.0000000000
68687  42.970  -25.044  42.286 0.0000000000
68707  43.528  -24.349  40.517 0.0000000000
69801  44.087  -24.070  40.511 0.0000000000
69800  44.812  -23.485  40.867 0.0000000000
70947  45.026  -22.787  40.483 0.0000000000
72154  45.068  -22.314  40.854 0.0000000000
70929  45.143  -22.747  41.083 0.0000000000
69789  45.950  -23.794  41.605 0.0000000000
68695  46.076  -24.558  41.537 0.0000000000
68694  46.730  -24.492  41.092 0.0000000000
68706  47.148  -24.520  40.499 0.0000000000
67541  47.352  -24.864  39.799 0.0000000000
49826  31.471  -40.568  42.807 0.0000000000
52260  30.631  -38.889  44.540 0.0000000000
52300  30.706  -39.561  43.101 0.0000000000
49805  31.731  -40.361  43.555 0.0000000000
49825  32.057  -40.983  43.259 0.0000000000
48568  32.569  -41.548  43.778 0.0000000000
47396  32.948  -42.171  44.120 0.0000000000
47375  33.393  -42.662  44.535 0.0000000000
47359  32.783  -42.352  45.292 0.0000000000
78105  47.977  -16.513  30.340 0.0000000000
79214  48.821  -15.663  30.915 0.0000000000
78090  48.872  -16.313  31.489 0.0000000000
79202  49.430  -15.575  31.495 0.0000000000
79174  51.235  -16.059  33.605 0.0000000000
78043  50.886  -16.562  34.941 0.0000000000
79163  49.761  -15.703  34.793 0.0000000000
80333  47.604  -15.248  35.817 0.0000000000
80283  47.681  -15.894  36.724 0.0000000000
57013  38.204  -35.009  41.874 0.0000000000
58122  39.482  -34.194  43.125 0.0000000000
55918  39.216  -35.607  44.132 0.0000000000
58107  40.007  -34.223  43.642 0.0000000000
59308  40.387  -33.694  43.777 0.0000000000
59307  40.552  -33.106  43.914 0.0000000000
59306  41.112  -32.879  44.141 0.0000000000
53607  41.610  -37.492  42.536 0.0000000000
54807  41.723  -37.046  42.945 0.0000000000
55938  41.720  -35.408  43.695 0.0000000000
55958  42.809  -35.897  42.324 0.0000000000
55937  42.588  -35.629  43.197 0.0000000000
59324  41.730  -32.952  43.863 0.0000000000
60496  43.008  -31.527  42.686 0.0000000000
60515  42.881  -30.980  42.639 0.0000000000
59338  43.777  -32.287  42.168 0.0000000000
60514  43.570  -31.357  42.190 0.0000000000
61710  43.681  -30.497  41.860 0.0000000000
62793  44.011  -29.178  41.240 0.0000000000
63964  44.284  -28.473  40.707 0.0000000000
62806  44.492  -29.614  40.310 0.0000000000
61725  44.789  -30.198  39.810 0.0000000000
60558  44.654  -31.132  39.371 0.0000000000
60557  44.849  -30.513  39.386 0.0000000000
48603  32.596  -41.557  41.548 0.0000000000
48621  34.478  -41.323  40.713 0.0000000000
55959  37.549  -35.888  42.595 0.0000000000
54784  37.682  -36.396  43.516 0.0000000000
54766  37.966  -36.494  43.736 0.0000000000
52257  37.624  -37.838  43.428 0.0000000000
53566  37.757  -37.203  43.561 0.0000000000
53565  38.223  -37.073  43.731 0.0000000000
53588  39.367  -37.742  43.611 0.0000000000
51040  40.105  -39.177  42.815 0.0000000000
49801  38.539  -40.382  42.800 0.0000000000
49822  38.640  -40.887  42.435 0.0000000000
49821  39.304  -40.337  42.501 0.0000000000
53485  27.692  -37.805  50.022 0.0000000000
81726  54.953  -13.569  19.234 0.0000000000
85031  52.776  -10.903  25.493 0.0000000000
85024  52.867  -10.923  26.032 0.0000000000
83837  53.654  -11.224  26.314 0.0000000000
83829  53.048  -11.793  26.700 0.0000000000
82700  53.151  -12.480  26.860 0.0000000000
80442  51.798  -14.536  26.569 0.0000000000
81558  52.008  -13.129  29.039 0.0000000000
79232  51.604  -15.047  29.113 0.0000000000
80406  51.800  -14.397  28.577 0.0000000000
80423  51.933  -14.446  27.696 0.0000000000
79258  50.766  -15.196  26.477 0.0000000000
75756  42.168  -18.000  32.690 0.0000000000
61696  40.827  -30.982  42.448 0.0000000000
61711  40.580  -30.734  40.960 0.0000000000
72248  43.745  -21.382  34.924 0.0000000000
74571  42.390  -19.498  32.965 0.0000000000
74562  42.671  -18.927  33.585 0.0000000000
76933  43.156  -17.488  34.424 0.0000000000
76923  43.737  -17.501  35.399 0.0000000000
76909  44.326  -17.546  36.306 0.0000000000
75712  44.335  -18.579  36.988 0.0000000000
76897  44.748  -17.619  37.502 0.0000000000
76886  45.313  -17.611  38.519 0.0000000000
76879  46.080  -17.698  39.377 0.0000000000
76866  46.625  -18.214  39.639 0.0000000000
72174  45.779  -21.381  40.227 0.0000000000
73332  46.432  -20.429  40.131 0.0000000000
70946  47.215  -22.078  40.608 0.0000000000
74505  46.750  -19.573  40.018 0.0000000000
75669  46.911  -18.858  39.858 0.0000000000
75668  47.257  -18.930  39.592 0.0000000000
75667  47.402  -19.184  39.472 0.0000000000
72209  48.035  -21.750  38.368 0.0000000000
65113  44.571  -27.458  40.073 0.0000000000
65112  45.052  -26.863  39.849 0.0000000000
63983  45.410  -28.148  38.844 0.0000000000
65129  45.717  -27.550  38.924 0.0000000000
65120  46.071  -26.763  39.236 0.0000000000
46260  37.171  -43.015  41.951 0.0000000000
47318  29.980  -41.147  46.887 0.0000000000
47333  30.270  -41.264  46.572 0.0000000000
47376  33.315  -42.198  44.609 0.0000000000
48485  30.151  -41.030  46.779 0.0000000000
48486  29.777  -40.885  46.868 0.0000000000
48501  30.921  -41.266  46.406 0.0000000000
48504  29.230  -40.630  46.743 0.0000000000
48517  31.880  -41.831  45.912 0.0000000000
48535  31.649  -41.462  45.723 0.0000000000
48549  33.434  -42.051  44.957 0.0000000000
49799  39.861  -39.553  42.874 0.0000000000
49800  39.496  -39.811  42.913 0.0000000000
51011  31.059  -40.208  44.950 0.0000000000
51028  31.478  -40.014  44.404 0.0000000000
51046  31.249  -39.955  43.419 0.0000000000
52201  30.102  -39.506  46.875 0.0000000000
52255  38.403  -37.558  43.657 0.0000000000
52256  38.029  -37.743  43.614 0.0000000000
52258  31.991  -39.423  44.256 0.0000000000
52282  32.116  -39.199  44.040 0.0000000000
52296  41.035  -38.012  42.810 0.0000000000
53537  29.362  -38.156  46.057 0.0000000000
53586  40.801  -37.396  43.400 0.0000000000
53589  37.390  -37.409  43.305 0.0000000000
54781  42.191  -36.294  43.154 0.0000000000
54782  41.565  -36.479  43.429 0.0000000000
54783  40.763  -36.714  43.698 0.0000000000
54785  37.320  -36.760  43.190 0.0000000000
55936  43.139  -35.140  43.067 0.0000000000
55939  38.117  -35.608  43.507 0.0000000000
55940  37.709  -35.921  43.223 0.0000000000
55983  37.477  -35.807  41.931 0.0000000000
56997  38.185  -34.961  43.054 0.0000000000
60483  41.064  -32.473  43.851 0.0000000000
60484  40.875  -32.653  43.935 0.0000000000
61683  41.864  -30.857  42.863 0.0000000000
63939  42.620  -27.554  42.629 0.0000000000
63982  45.748  -27.558  38.681 0.0000000000
65081  43.817  -26.144  43.110 0.0000000000
65089  43.839  -26.605  42.809 0.0000000000
65091  42.487  -27.200  42.656 0.0000000000
65097  43.154  -27.765  42.499 0.0000000000
65105  41.478  -27.174  41.923 0.0000000000
65121  45.457  -27.303  39.355 0.0000000000
65122  44.898  -27.984  39.495 0.0000000000
66303  44.666  -26.080  43.731 0.0000000000
66304  44.390  -26.100  43.648 0.0000000000
66306  43.695  -25.811  43.353 0.0000000000
66311  44.509  -25.834  43.337 0.0000000000
66313  44.082  -26.305  42.917 0.0000000000
66315  42.778  -26.666  42.737 0.0000000000
66322  42.759  -26.109  42.563 0.0000000000
66329  42.394  -26.160  42.122 0.0000000000
66345  45.942  -26.574  39.497 0.0000000000
67508  44.666  -25.625  43.800 0.0000000000
67509  44.367  -25.459  44.103 0.0000000000
67510  43.785  -25.378  44.128 0.0000000000
67511  43.544  -25.444  43.800 0.0000000000
67519  44.537  -25.202  42.941 0.0000000000
67520  43.504  -25.078  43.853 0.0000000000
67528  43.572  -25.037  43.238 0.0000000000
67529  43.178  -25.401  42.756 0.0000000000
67537  42.262  -25.798  41.531 0.0000000000
67544  41.982  -25.709  40.980 0.0000000000
67545  41.687  -26.147  40.520 0.0000000000
67549  47.951  -24.667  39.031 0.0000000000
67551  47.135  -25.486  39.546 0.0000000000
68668  44.755  -25.034  43.962 0.0000000000
68670  43.772  -24.921  44.097 0.0000000000
68677  44.779  -24.739  43.490 0.0000000000
68678  44.371  -24.870  43.311 0.0000000000
68679  43.819  -24.767  43.648 0.0000000000
68685  44.696  -24.473  42.541 0.0000000000
68714  48.124  -24.396  39.164 0.0000000000
68715  47.830  -24.424  39.480 0.0000000000
69786  47.753  -23.116  40.395 0.0000000000
69799  47.668  -23.777  40.194 0.0000000000
69808  43.201  -24.578  39.310 0.0000000000
71008  43.880  -22.344  35.323 0.0000000000
72175  45.207  -22.085  40.348 0.0000000000
72225  44.329  -21.300  37.491 0.0000000000
73330  47.562  -20.465  39.950 0.0000000000
73346  45.341  -20.604  39.438 0.0000000000
73358  45.489  -20.007  39.295 0.0000000000
73400  43.713  -20.443  35.417 0.0000000000
74535  44.352  -19.500  37.462 0.0000000000
75670  46.520  -18.845  39.843 0.0000000000
75679  47.519  -18.821  39.255 0.0000000000
75681  46.082  -18.661  39.735 0.0000000000
75690  44.965  -18.593  38.522 0.0000000000
75732  43.272  -18.480  34.769 0.0000000000
75741  42.460  -18.323  33.251 0.0000000000
75752  47.162  -17.864  32.116 0.0000000000
75768  47.192  -17.939  31.766 0.0000000000
76865  47.050  -18.117  39.576 0.0000000000
76896  45.183  -17.071  37.911 0.0000000000
76908  48.869  -17.383  36.633 0.0000000000
76910  43.812  -18.063  35.923 0.0000000000
76946  46.832  -17.285  33.671 0.0000000000
76966  42.077  -17.400  32.273 0.0000000000
77966  47.275  -16.955  38.707 0.0000000000
77969  45.862  -17.044  38.836 0.0000000000
77996  44.800  -17.075  36.818 0.0000000000
78014  45.171  -16.320  36.629 0.0000000000
78016  44.488  -16.051  36.007 0.0000000000
78029  49.752  -16.389  35.675 0.0000000000
78062  43.256  -16.258  33.756 0.0000000000
78089  49.539  -15.934  31.986 0.0000000000
78092  44.424  -16.566  31.890 0.0000000000
79090  47.023  -16.528  38.535 0.0000000000
79091  46.758  -16.426  38.583 0.0000000000
79101  47.333  -16.442  37.351 0.0000000000
79104  46.294  -16.394  37.762 0.0000000000
79131  49.136  -15.852  36.093 0.0000000000
79133  45.613  -16.325  36.726 0.0000000000
79135  44.771  -15.933  36.058 0.0000000000
79147  50.004  -16.138  35.324 0.0000000000
79149  49.171  -15.494  35.296 0.0000000000
79150  44.955  -15.743  36.037 0.0000000000
79205  43.261  -16.177  32.150 0.0000000000
79206  42.836  -16.287  32.162 0.0000000000
80262  47.179  -16.360  36.996 0.0000000000
80263  46.949  -16.415  37.279 0.0000000000
80264  46.677  -16.390  37.349 0.0000000000
80314  45.211  -15.764  36.085 0.0000000000
80337  44.791  -15.810  35.551 0.0000000000
80357  44.974  -15.749  35.441 0.0000000000
81595  49.183  -13.233  28.383 0.0000000000
82677  52.141  -12.973  28.857 0.0000000000
82711  54.416  -11.645  25.956 0.0000000000
82719  54.940  -11.530  25.275 0.0000000000
85023  53.316  -10.892  26.049 0.0000000000
85029  54.434  -10.890  25.407 0.0000000000
85032  52.215  -10.963  25.104 0.0000000000
85049  55.613  -10.525  23.411 0.0000000000
85061  56.020  -10.795  22.897 0.0000000000
86231  56.441  -10.052  23.185 0.0000000000
86232  56.238  -9.997  23.273 0.0000000000
86242  56.477  -10.024  22.939 0.0000000000
86251  56.463  -10.031  22.442 0.0000000000
