#!ascii label  , from subject ernie vox2ras=TkReg
913
122493  42.478  26.359  14.046 0.0000000000
112012  43.269  14.841  6.983 0.0000000000
115928  46.932  18.533  5.985 0.0000000000
111059  43.712  14.072  -3.956 0.0000000000
115877  40.595  19.208  11.895 0.0000000000
117769  52.691  20.329  6.946 0.0000000000
112068  43.209  14.700  -0.651 0.0000000000
114966  38.557  17.482  6.520 0.0000000000
115868  49.070  18.807  12.191 0.0000000000
116865  45.178  19.286  11.099 0.0000000000
107605  40.891  10.942  9.758 0.0000000000
118521  42.983  21.438  7.514 0.0000000000
114999  41.749  17.690  3.188 0.0000000000
113988  47.833  16.795  4.600 0.0000000000
116006  43.496  18.509  -1.097 0.0000000000
117781  39.295  20.654  7.303 0.0000000000
119214  47.162  22.528  11.803 0.0000000000
119976  44.450  23.548  11.536 0.0000000000
111983  41.293  14.206  13.837 0.0000000000
119247  47.856  21.670  7.051 0.0000000000
120028  45.879  23.308  5.441 0.0000000000
116905  44.988  19.794  7.384 0.0000000000
115932  42.513  18.633  6.388 0.0000000000
115972  43.994  18.644  3.553 0.0000000000
113953  45.819  16.571  9.775 0.0000000000
114945  48.078  17.829  8.094 0.0000000000
113042  45.166  15.702  6.341 0.0000000000
114099  44.598  16.727  -5.683 0.0000000000
114059  43.411  17.087  -0.963 0.0000000000
115060  42.012  17.046  -4.418 0.0000000000
114070  40.686  17.181  -2.173 0.0000000000
111061  41.527  14.035  -3.368 0.0000000000
109901  42.477  12.209  0.825 0.0000000000
121667  39.069  25.035  14.101 0.0000000000
119979  41.346  23.358  11.501 0.0000000000
116900  49.962  19.715  6.718 0.0000000000
109854  42.926  12.674  3.984 0.0000000000
113065  42.417  15.283  3.326 0.0000000000
110982  44.477  13.086  0.893 0.0000000000
112109  46.164  15.398  -3.629 0.0000000000
118472  52.069  21.453  13.334 0.0000000000
118473  49.734  21.538  13.167 0.0000000000
116855  47.599  19.182  12.361 0.0000000000
113009  44.610  15.717  10.833 0.0000000000
115883  42.620  19.061  10.832 0.0000000000
111987  42.677  14.575  12.320 0.0000000000
110890  41.490  13.392  7.763 0.0000000000
107652  42.787  10.746  6.267 0.0000000000
121634  36.743  25.549  16.149 0.0000000000
120045  43.769  24.118  4.643 0.0000000000
119271  40.928  23.150  6.436 0.0000000000
116909  40.903  19.943  7.267 0.0000000000
114979  40.067  16.874  4.922 0.0000000000
113089  38.051  15.612  1.081 0.0000000000
116881  51.294  19.677  9.243 0.0000000000
115909  50.074  18.051  6.864 0.0000000000
115957  48.696  17.498  4.665 0.0000000000
114030  43.871  16.470  2.528 0.0000000000
114039  45.703  17.978  1.170 0.0000000000
115980  45.275  19.123  2.299 0.0000000000
115024  42.497  18.512  0.303 0.0000000000
114063  38.866  15.931  -0.185 0.0000000000
117793  37.721  21.014  6.537 0.0000000000
118536  39.105  21.965  6.407 0.0000000000
121692  44.636  25.335  12.813 0.0000000000
120793  43.232  24.772  12.100 0.0000000000
117773  47.462  20.447  7.416 0.0000000000
117774  46.444  20.480  7.477 0.0000000000
116925  46.414  19.028  6.886 0.0000000000
115930  44.518  18.758  6.637 0.0000000000
115948  45.067  18.573  5.366 0.0000000000
113027  44.563  15.445  7.768 0.0000000000
113970  45.878  16.251  7.573 0.0000000000
113035  44.490  15.417  6.813 0.0000000000
112135  44.333  16.352  -5.889 0.0000000000
114093  42.995  16.892  -5.089 0.0000000000
112128  42.799  15.638  -4.954 0.0000000000
113140  41.155  15.492  -4.099 0.0000000000
111060  42.625  14.122  -3.659 0.0000000000
111025  42.937  13.136  -2.131 0.0000000000
111043  43.430  13.444  -2.837 0.0000000000
120783  39.158  24.253  13.136 0.0000000000
118532  51.021  20.857  6.332 0.0000000000
117790  51.598  20.072  6.498 0.0000000000
108744  43.827  11.698  3.560 0.0000000000
109865  43.648  12.618  2.676 0.0000000000
109899  45.070  12.506  1.004 0.0000000000
112095  46.627  14.588  -2.714 0.0000000000
113135  48.049  16.048  -3.875 0.0000000000
112125  46.414  15.430  -5.023 0.0000000000
118483  46.042  21.206  11.203 0.0000000000
117739  47.805  20.355  11.875 0.0000000000
116864  46.481  19.184  11.745 0.0000000000
113946  45.975  16.355  11.950 0.0000000000
113000  45.041  16.092  12.531 0.0000000000
118486  40.689  21.484  11.470 0.0000000000
118484  42.428  21.746  10.734 0.0000000000
116868  41.423  19.708  11.276 0.0000000000
109758  40.411  12.481  12.141 0.0000000000
111988  41.975  14.193  12.691 0.0000000000
110872  40.597  13.013  10.693 0.0000000000
112001  41.817  13.989  9.574 0.0000000000
109780  40.808  12.403  9.229 0.0000000000
108691  41.626  11.436  7.401 0.0000000000
107639  41.732  10.778  8.103 0.0000000000
106689  44.596  9.512  7.677 0.0000000000
119268  44.283  22.734  6.859 0.0000000000
120029  44.914  23.587  5.433 0.0000000000
119269  43.269  22.895  6.845 0.0000000000
120016  42.000  23.654  6.000 0.0000000000
119253  42.545  22.299  7.293 0.0000000000
118523  40.808  21.601  7.338 0.0000000000
116908  41.838  19.826  7.271 0.0000000000
114989  42.481  18.221  4.219 0.0000000000
114977  41.487  18.005  5.242 0.0000000000
114991  40.744  17.104  3.977 0.0000000000
114023  39.404  16.106  3.292 0.0000000000
114032  40.246  16.570  1.923 0.0000000000
117728  51.016  20.476  12.933 0.0000000000
117736  51.485  20.712  11.569 0.0000000000
116873  49.992  19.693  10.738 0.0000000000
114963  48.092  16.690  6.141 0.0000000000
115910  49.441  17.930  7.205 0.0000000000
114962  48.883  16.970  5.826 0.0000000000
114986  49.277  17.244  4.991 0.0000000000
114001  48.386  17.144  4.455 0.0000000000
112053  42.706  14.592  1.408 0.0000000000
113064  43.152  15.982  3.143 0.0000000000
113088  42.905  15.745  0.962 0.0000000000
114067  43.375  18.065  -1.526 0.0000000000
114050  44.142  17.417  -0.194 0.0000000000
115030  44.883  18.598  -0.484 0.0000000000
115986  45.539  18.887  0.790 0.0000000000
116959  44.770  19.293  0.679 0.0000000000
115988  44.039  19.541  1.173 0.0000000000
116002  43.278  18.919  -0.263 0.0000000000
113129  39.431  15.454  -2.538 0.0000000000
114071  39.957  16.211  -1.554 0.0000000000
112085  38.562  14.705  -1.894 0.0000000000
113119  37.884  15.032  -0.802 0.0000000000
119235  51.749  21.790  9.151 0.0000000000
116912  38.088  19.715  7.299 0.0000000000
115915  38.669  18.956  7.356 0.0000000000
119954  47.512  24.043  13.346 0.0000000000
120790  46.263  24.397  12.737 0.0000000000
119975  45.509  23.317  11.601 0.0000000000
118490  45.268  21.122  10.780 0.0000000000
114914  40.969  17.026  13.092 0.0000000000
119265  47.158  22.370  6.556 0.0000000000
119250  45.574  21.971  7.261 0.0000000000
118520  44.017  21.374  7.510 0.0000000000
116907  42.970  19.505  7.243 0.0000000000
115912  43.814  19.038  7.158 0.0000000000
115962  43.465  18.649  4.643 0.0000000000
114998  42.519  18.128  3.542 0.0000000000
114934  47.501  17.814  10.563 0.0000000000
115881  48.060  18.431  9.961 0.0000000000
114938  47.103  17.500  9.159 0.0000000000
113969  46.783  16.530  6.963 0.0000000000
113977  46.761  16.381  5.902 0.0000000000
112098  43.527  15.547  -2.812 0.0000000000
112083  42.766  15.877  -1.671 0.0000000000
114074  43.357  16.527  -3.800 0.0000000000
115052  42.473  17.168  -4.010 0.0000000000
115046  41.814  17.379  -3.362 0.0000000000
115040  41.635  17.808  -2.392 0.0000000000
115047  41.333  17.110  -3.668 0.0000000000
112116  40.105  15.105  -3.255 0.0000000000
111046  40.286  13.868  -2.261 0.0000000000
109917  43.328  12.232  -0.242 0.0000000000
121686  40.992  25.703  13.720 0.0000000000
120794  42.223  24.696  12.193 0.0000000000
121697  40.220  24.762  12.854 0.0000000000
119981  39.830  23.107  11.961 0.0000000000
118487  39.893  21.194  11.750 0.0000000000
119281  49.799  21.728  6.029 0.0000000000
118514  49.242  21.062  6.974 0.0000000000
116923  48.686  18.949  6.417 0.0000000000
112028  41.863  13.846  5.587 0.0000000000
113045  42.666  14.994  5.027 0.0000000000
110938  42.467  13.305  3.869 0.0000000000
110968  42.699  14.107  2.157 0.0000000000
111005  43.609  14.189  -0.038 0.0000000000
111003  45.523  13.230  -0.064 0.0000000000
112080  45.567  14.095  -1.897 0.0000000000
112081  44.301  14.435  -1.515 0.0000000000
113152  45.462  16.482  -4.885 0.0000000000
112133  45.556  16.117  -5.530 0.0000000000
111073  44.943  14.538  -4.731 0.0000000000
111042  44.497  13.411  -3.172 0.0000000000
118466  51.461  21.653  14.292 0.0000000000
116845  49.450  19.897  12.984 0.0000000000
119204  48.424  22.876  12.616 0.0000000000
117730  48.875  20.484  12.623 0.0000000000
115861  48.139  18.439  12.420 0.0000000000
113936  47.104  17.229  11.856 0.0000000000
113012  45.184  16.158  10.376 0.0000000000
113014  43.983  15.189  9.302 0.0000000000
119978  42.378  23.358  11.314 0.0000000000
118492  43.665  21.058  10.553 0.0000000000
116875  44.065  19.397  10.702 0.0000000000
113942  42.449  16.527  12.566 0.0000000000
113941  43.294  16.391  12.550 0.0000000000
113930  44.177  15.915  12.662 0.0000000000
111985  44.115  15.066  11.860 0.0000000000
112000  42.583  14.471  9.179 0.0000000000
112014  42.009  14.098  7.511 0.0000000000
109821  41.844  12.531  5.831 0.0000000000
108719  42.720  11.622  5.220 0.0000000000
107679  44.333  10.468  4.458 0.0000000000
106690  43.553  9.761  7.633 0.0000000000
107664  44.508  9.846  5.670 0.0000000000
121647  40.022  25.899  15.054 0.0000000000
121649  38.363  25.452  15.276 0.0000000000
121635  35.682  25.345  16.141 0.0000000000
120061  45.120  24.235  3.699 0.0000000000
120856  42.893  24.131  3.595 0.0000000000
118524  39.548  21.634  7.001 0.0000000000
116910  40.016  19.775  7.421 0.0000000000
115913  40.235  19.089  7.146 0.0000000000
115933  41.694  18.593  6.394 0.0000000000
115953  41.005  17.898  6.040 0.0000000000
114965  39.752  17.393  6.016 0.0000000000
117762  52.468  20.077  8.278 0.0000000000
115887  48.931  18.658  9.256 0.0000000000
115897  51.433  18.893  7.952 0.0000000000
115922  52.298  18.994  6.753 0.0000000000
116921  50.617  19.014  6.333 0.0000000000
115926  49.222  18.257  5.658 0.0000000000
115946  47.445  18.337  4.899 0.0000000000
113053  43.190  15.674  4.307 0.0000000000
114005  44.726  16.289  4.508 0.0000000000
114004  45.930  16.465  4.169 0.0000000000
113096  43.446  16.803  -0.082 0.0000000000
114029  45.114  16.970  2.128 0.0000000000
114018  46.993  17.264  3.083 0.0000000000
115005  47.103  17.824  2.774 0.0000000000
115969  46.896  18.401  3.098 0.0000000000
115959  46.620  18.257  4.054 0.0000000000
115971  44.950  18.876  3.272 0.0000000000
115989  43.317  18.966  1.824 0.0000000000
115008  41.782  17.752  2.008 0.0000000000
115034  41.200  17.309  -1.137 0.0000000000
115018  41.045  17.343  0.406 0.0000000000
114043  40.338  16.661  0.878 0.0000000000
114054  38.802  15.875  0.700 0.0000000000
109884  41.400  12.460  1.571 0.0000000000
119287  38.544  21.997  5.364 0.0000000000
119286  39.189  22.409  5.171 0.0000000000
121684  43.081  25.915  13.406 0.0000000000
121693  43.701  25.389  12.726 0.0000000000
121694  42.666  25.302  12.772 0.0000000000
116924  47.543  18.978  6.665 0.0000000000
116903  46.972  19.675  7.279 0.0000000000
115929  45.751  18.668  6.234 0.0000000000
115947  46.237  18.460  5.126 0.0000000000
113028  43.861  15.113  7.343 0.0000000000
113036  43.525  15.243  6.452 0.0000000000
112127  44.008  15.516  -5.301 0.0000000000
113153  43.063  16.095  -5.502 0.0000000000
112113  43.080  14.793  -4.558 0.0000000000
119245  52.652  21.468  7.133 0.0000000000
118530  52.467  21.129  6.220 0.0000000000
118531  51.855  20.764  6.083 0.0000000000
117789  52.273  20.162  6.535 0.0000000000
108743  44.482  11.598  3.104 0.0000000000
109864  44.266  12.186  2.509 0.0000000000
108774  45.183  11.733  1.831 0.0000000000
113149  48.232  15.666  -4.265 0.0000000000
112124  47.551  15.036  -4.505 0.0000000000
113979  38.738  16.779  6.002 0.0000000000
117741  45.816  20.221  11.075 0.0000000000
115871  45.713  18.512  11.806 0.0000000000
115863  46.289  18.120  12.389 0.0000000000
115864  45.520  17.922  12.220 0.0000000000
117743  40.521  20.421  11.649 0.0000000000
117742  41.348  20.727  11.149 0.0000000000
115876  41.095  18.871  11.679 0.0000000000
108656  40.472  11.667  10.725 0.0000000000
110868  40.633  13.139  11.653 0.0000000000
109774  40.535  12.438  10.096 0.0000000000
109773  40.729  12.685  9.748 0.0000000000
108674  40.791  11.722  9.311 0.0000000000
108673  41.229  11.419  8.662 0.0000000000
107604  41.366  10.688  9.304 0.0000000000
119252  43.603  22.190  7.336 0.0000000000
120014  44.076  23.398  6.267 0.0000000000
118522  41.908  21.531  7.474 0.0000000000
117778  42.414  20.572  7.489 0.0000000000
114990  41.794  17.938  4.473 0.0000000000
115000  40.923  17.184  2.599 0.0000000000
114022  40.094  16.615  2.979 0.0000000000
116852  50.462  19.869  12.433 0.0000000000
116861  50.673  20.110  11.460 0.0000000000
116862  49.867  19.389  11.876 0.0000000000
113976  47.839  16.633  5.481 0.0000000000
113975  48.530  16.887  5.035 0.0000000000
113987  48.508  17.083  4.599 0.0000000000
112059  42.720  15.168  0.145 0.0000000000
115038  43.658  18.358  -1.178 0.0000000000
115031  44.346  18.407  -0.837 0.0000000000
116001  44.039  18.956  -0.802 0.0000000000
115993  45.016  18.985  -0.010 0.0000000000
115994  44.074  19.278  0.179 0.0000000000
116007  43.291  18.605  -0.913 0.0000000000
111047  39.490  14.160  -1.920 0.0000000000
113130  38.775  15.243  -2.151 0.0000000000
111029  38.777  14.051  -1.375 0.0000000000
117782  38.174  20.662  7.032 0.0000000000
116911  38.980  19.798  7.420 0.0000000000
120781  46.120  25.014  13.126 0.0000000000
119966  45.119  24.013  12.013 0.0000000000
119216  45.064  22.652  11.111 0.0000000000
119226  44.711  21.914  10.749 0.0000000000
119283  47.993  22.575  5.674 0.0000000000
117775  45.459  20.531  7.494 0.0000000000
118518  45.979  21.268  7.453 0.0000000000
118519  45.006  21.314  7.476 0.0000000000
117776  44.495  20.544  7.500 0.0000000000
116906  44.085  19.664  7.352 0.0000000000
115911  44.263  19.097  7.202 0.0000000000
115949  43.950  18.654  5.533 0.0000000000
115973  43.082  18.365  3.969 0.0000000000
113949  46.631  17.080  10.310 0.0000000000
114935  47.125  17.599  10.034 0.0000000000
113952  46.393  17.032  8.978 0.0000000000
113978  45.884  16.140  6.552 0.0000000000
113990  45.593  16.077  5.403 0.0000000000
113139  44.200  16.018  -4.147 0.0000000000
113126  43.673  15.895  -3.524 0.0000000000
114082  43.908  16.386  -4.465 0.0000000000
115045  42.389  17.421  -2.786 0.0000000000
115054  41.502  17.005  -4.029 0.0000000000
112115  40.659  14.703  -3.490 0.0000000000
112099  40.271  14.230  -2.909 0.0000000000
111062  40.726  13.923  -3.013 0.0000000000
111045  41.300  13.504  -2.475 0.0000000000
109928  43.207  12.667  -1.333 0.0000000000
121666  40.208  25.783  14.458 0.0000000000
121696  40.680  24.934  12.894 0.0000000000
121687  39.901  25.002  13.262 0.0000000000
120797  39.511  24.016  12.596 0.0000000000
119206  39.251  22.511  12.093 0.0000000000
119221  39.890  22.430  11.776 0.0000000000
118475  39.192  21.733  12.002 0.0000000000
117792  49.956  20.507  6.804 0.0000000000
118533  49.867  21.152  6.630 0.0000000000
117771  49.428  20.486  7.030 0.0000000000
116901  49.090  19.656  6.911 0.0000000000
110922  41.999  13.219  4.752 0.0000000000
112034  41.960  14.140  4.679 0.0000000000
110966  44.109  12.869  1.615 0.0000000000
110967  43.357  13.428  1.839 0.0000000000
112052  43.099  13.977  1.075 0.0000000000
111004  44.374  13.858  -0.184 0.0000000000
109915  46.366  12.605  0.012 0.0000000000
111022  46.938  13.648  -1.823 0.0000000000
112096  45.299  14.706  -2.841 0.0000000000
112110  45.155  15.455  -3.689 0.0000000000
113137  45.809  16.015  -4.427 0.0000000000
113151  46.012  16.386  -5.163 0.0000000000
112126  45.351  15.391  -5.403 0.0000000000
111072  45.936  14.465  -4.708 0.0000000000
111057  45.554  13.506  -4.187 0.0000000000
119196  49.839  22.768  14.009 0.0000000000
119195  50.635  22.430  14.449 0.0000000000
118467  50.454  21.511  13.699 0.0000000000
117719  50.829  20.838  13.472 0.0000000000
117720  49.846  20.649  13.054 0.0000000000
119964  46.954  23.683  12.528 0.0000000000
119963  47.922  23.556  12.888 0.0000000000
119205  47.716  23.047  12.307 0.0000000000
117738  48.385  20.908  11.931 0.0000000000
117731  48.278  19.813  12.447 0.0000000000
116854  48.750  19.451  12.725 0.0000000000
114916  47.788  18.022  12.372 0.0000000000
114917  47.376  17.695  12.301 0.0000000000
113008  45.250  16.039  11.411 0.0000000000
113013  44.537  15.741  9.820 0.0000000000
113010  43.991  15.395  10.353 0.0000000000
120804  41.781  24.089  11.698 0.0000000000
120803  42.778  24.117  11.646 0.0000000000
117751  42.595  20.267  10.611 0.0000000000
118493  42.886  21.004  10.563 0.0000000000
117750  43.417  20.281  10.566 0.0000000000
117749  44.197  20.341  10.612 0.0000000000
115882  43.340  18.916  10.762 0.0000000000
112997  41.411  15.363  13.737 0.0000000000
114913  41.404  16.837  12.804 0.0000000000
113933  41.700  16.238  12.965 0.0000000000
111981  42.622  14.730  12.928 0.0000000000
113932  42.824  15.889  12.832 0.0000000000
112995  43.340  15.322  12.779 0.0000000000
114921  43.790  16.906  12.180 0.0000000000
113002  43.625  15.100  12.547 0.0000000000
113001  44.259  15.544  12.443 0.0000000000
111986  43.548  14.822  12.142 0.0000000000
110881  41.287  13.283  8.833 0.0000000000
111996  42.614  14.536  10.304 0.0000000000
112005  41.896  14.029  8.492 0.0000000000
112004  42.582  14.512  8.155 0.0000000000
110899  41.760  13.522  6.965 0.0000000000
109805  41.541  12.627  6.902 0.0000000000
108690  42.190  11.080  6.658 0.0000000000
108704  42.394  11.343  5.965 0.0000000000
107666  42.806  11.080  5.678 0.0000000000
107680  43.652  11.077  4.334 0.0000000000
107665  43.399  10.727  5.335 0.0000000000
106673  43.290  9.562  8.607 0.0000000000
106704  44.852  9.550  6.715 0.0000000000
107663  45.314  9.655  5.463 0.0000000000
122457  39.855  26.152  16.031 0.0000000000
121633  37.763  25.605  16.166 0.0000000000
121632  38.704  25.736  16.211 0.0000000000
121650  37.285  25.291  15.337 0.0000000000
120044  44.822  24.004  4.532 0.0000000000
120854  44.443  24.246  3.992 0.0000000000
120870  44.811  24.430  3.109 0.0000000000
120855  43.754  24.297  3.819 0.0000000000
120871  43.830  24.386  2.877 0.0000000000
120046  42.848  24.121  4.470 0.0000000000
119272  39.679  22.520  6.264 0.0000000000
119255  40.442  22.326  6.956 0.0000000000
117780  40.308  20.752  7.411 0.0000000000
115914  39.646  18.979  7.277 0.0000000000
116928  42.735  18.946  6.831 0.0000000000
116929  42.169  19.126  6.830 0.0000000000
114978  40.863  17.643  5.480 0.0000000000
115952  41.427  18.066  5.857 0.0000000000
114964  40.451  17.747  6.052 0.0000000000
113992  39.160  16.501  5.279 0.0000000000
114008  39.438  16.309  4.274 0.0000000000
113078  38.714  15.844  2.282 0.0000000000
119210  52.074  22.101  12.902 0.0000000000
117747  51.163  20.434  10.791 0.0000000000
118489  51.908  21.265  11.043 0.0000000000
117746  51.777  20.622  10.399 0.0000000000
117754  51.972  20.423  9.222 0.0000000000
116880  51.950  19.756  8.846 0.0000000000
115888  48.317  18.233  8.818 0.0000000000
115900  48.437  18.112  8.260 0.0000000000
115908  51.213  18.545  7.198 0.0000000000
115907  52.075  18.865  7.276 0.0000000000
115924  50.949  18.641  6.538 0.0000000000
115923  51.787  18.819  6.668 0.0000000000
115944  49.284  17.592  5.130 0.0000000000
115945  48.559  18.098  4.878 0.0000000000
113054  42.318  14.944  4.187 0.0000000000
113044  43.429  15.508  5.430 0.0000000000
114031  43.231  16.189  2.259 0.0000000000
114021  43.919  16.319  3.754 0.0000000000
114020  44.947  16.645  3.372 0.0000000000
113106  42.882  16.409  -1.369 0.0000000000
113097  42.882  16.316  -0.257 0.0000000000
114051  43.468  16.892  -0.407 0.0000000000
114040  45.271  17.609  0.771 0.0000000000
114019  46.096  16.818  3.047 0.0000000000
114028  46.001  17.665  2.070 0.0000000000
114027  46.677  17.703  2.542 0.0000000000
116947  45.572  18.994  1.414 0.0000000000
115979  45.997  18.786  1.932 0.0000000000
115970  45.932  18.712  3.079 0.0000000000
115960  45.545  18.573  4.202 0.0000000000
115995  43.243  19.092  0.746 0.0000000000
115016  42.533  18.430  1.375 0.0000000000
115007  42.529  18.281  2.478 0.0000000000
115017  41.822  17.814  0.897 0.0000000000
115033  41.680  17.835  -1.302 0.0000000000
114060  41.054  17.451  -1.542 0.0000000000
114062  39.760  16.284  -0.599 0.0000000000
114052  40.318  16.935  -0.109 0.0000000000
114053  39.548  16.363  0.321 0.0000000000
114044  39.507  16.188  1.277 0.0000000000
111031  37.701  14.436  -0.797 0.0000000000
113109  37.489  15.166  -0.159 0.0000000000
109919  41.749  12.715  0.216 0.0000000000
109902  41.471  12.661  0.830 0.0000000000
118538  37.510  21.137  6.200 0.0000000000
118537  38.288  21.545  6.261 0.0000000000
118525  38.806  21.160  6.970 0.0000000000
120792  44.341  24.643  12.087 0.0000000000
120802  43.646  24.136  11.668 0.0000000000
118516  47.940  21.272  7.243 0.0000000000
118517  46.952  21.232  7.416 0.0000000000
116904  45.932  19.730  7.359 0.0000000000
116926  45.371  19.110  7.089 0.0000000000
116927  44.642  19.235  7.222 0.0000000000
115961  44.480  18.656  4.413 0.0000000000
113016  45.136  16.112  9.260 0.0000000000
113960  45.770  16.471  8.613 0.0000000000
113026  45.237  15.842  8.209 0.0000000000
113034  45.217  15.757  7.202 0.0000000000
113043  44.443  15.671  5.812 0.0000000000
113161  44.473  16.672  -5.954 0.0000000000
114092  43.873  16.838  -5.087 0.0000000000
114101  43.484  16.805  -5.609 0.0000000000
113163  43.207  16.639  -5.510 0.0000000000
113154  42.578  16.335  -5.046 0.0000000000
114095  41.498  16.390  -4.369 0.0000000000
112129  42.216  15.768  -4.786 0.0000000000
112114  41.895  14.999  -4.323 0.0000000000
111044  42.307  13.523  -2.732 0.0000000000
109940  43.625  12.834  -2.029 0.0000000000
121688  39.364  24.802  13.478 0.0000000000
120765  38.446  24.377  13.859 0.0000000000
118547  51.347  21.276  5.679 0.0000000000
117791  50.600  20.106  6.677 0.0000000000
109853  43.403  12.400  3.561 0.0000000000
110937  42.966  12.854  3.623 0.0000000000
109852  43.908  12.083  3.068 0.0000000000
109882  43.988  12.662  2.054 0.0000000000
111040  47.634  14.389  -2.430 0.0000000000
112094  47.988  15.368  -3.048 0.0000000000
112108  47.164  15.527  -3.577 0.0000000000
113136  46.781  15.863  -4.315 0.0000000000
113150  47.119  15.749  -4.427 0.0000000000
119203  49.257  22.510  13.201 0.0000000000
118482  46.970  21.366  11.472 0.0000000000
117740  46.744  20.315  11.461 0.0000000000
116863  47.186  19.717  11.840 0.0000000000
116856  46.917  18.615  12.297 0.0000000000
115862  47.154  18.202  12.432 0.0000000000
114918  46.468  17.408  12.492 0.0000000000
113938  45.724  16.560  12.554 0.0000000000
113004  45.165  16.001  12.227 0.0000000000
119220  40.951  22.496  11.464 0.0000000000
119219  41.939  22.547  11.091 0.0000000000
118485  41.565  21.665  11.082 0.0000000000
117752  41.896  20.156  10.815 0.0000000000
115884  42.210  19.218  10.945 0.0000000000
110864  40.759  13.222  12.635 0.0000000000
111982  41.803  14.451  13.468 0.0000000000
110863  41.417  13.730  13.082 0.0000000000
110867  41.274  13.680  12.184 0.0000000000
111993  41.865  14.213  11.766 0.0000000000
111997  41.797  14.090  10.697 0.0000000000
110876  40.986  13.194  10.005 0.0000000000
109793  41.154  12.427  8.067 0.0000000000
107638  42.547  10.314  7.451 0.0000000000
106672  44.223  9.407  8.602 0.0000000000
106703  45.792  9.412  6.609 0.0000000000
120013  45.011  23.025  6.148 0.0000000000
120030  43.916  23.860  5.467 0.0000000000
120031  42.911  23.935  5.366 0.0000000000
120015  43.044  23.564  6.203 0.0000000000
119270  42.179  23.039  6.730 0.0000000000
119254  41.433  22.402  7.180 0.0000000000
117779  41.354  20.712  7.442 0.0000000000
115963  42.489  18.506  4.816 0.0000000000
115951  42.172  18.367  5.739 0.0000000000
115964  41.845  18.254  5.203 0.0000000000
114007  40.008  16.498  3.774 0.0000000000
114033  39.276  16.088  2.271 0.0000000000
114045  38.749  15.866  1.573 0.0000000000
117718  51.657  21.018  13.580 0.0000000000
117727  51.597  20.855  12.688 0.0000000000
116851  51.146  20.312  12.181 0.0000000000
116872  50.900  19.905  10.287 0.0000000000
114954  47.861  16.978  6.979 0.0000000000
114944  48.719  17.898  7.635 0.0000000000
114953  49.091  17.690  6.955 0.0000000000
114952  49.742  17.730  6.557 0.0000000000
114961  49.764  17.514  6.148 0.0000000000
114975  49.508  17.377  5.384 0.0000000000
114987  48.857  17.208  4.673 0.0000000000
114988  48.179  17.272  4.347 0.0000000000
112047  42.358  14.605  2.546 0.0000000000
113077  42.713  15.651  2.220 0.0000000000
114042  43.363  16.278  1.638 0.0000000000
114068  42.997  17.404  -1.922 0.0000000000
114058  43.691  17.858  -1.160 0.0000000000
115023  44.894  18.122  -0.496 0.0000000000
115022  45.324  18.360  0.031 0.0000000000
115014  45.851  18.372  1.319 0.0000000000
115992  45.370  18.746  0.323 0.0000000000
115987  45.389  19.021  0.517 0.0000000000
116954  45.308  19.119  0.983 0.0000000000
116949  44.959  19.402  1.909 0.0000000000
114077  40.006  16.164  -2.400 0.0000000000
113117  39.178  15.689  -1.929 0.0000000000
113107  39.104  15.681  -1.050 0.0000000000
113108  38.267  15.423  -0.592 0.0000000000
112086  38.011  14.710  -1.085 0.0000000000
111030  38.004  14.286  -1.079 0.0000000000
118513  52.556  21.147  7.682 0.0000000000
115936  38.162  18.265  7.053 0.0000000000
115935  39.249  18.203  6.874 0.0000000000
120780  46.889  24.610  13.409 0.0000000000
120791  45.416  24.728  12.580 0.0000000000
119965  45.935  23.912  12.173 0.0000000000
119974  46.344  23.207  11.805 0.0000000000
119215  46.066  22.316  11.412 0.0000000000
117748  44.955  20.314  10.690 0.0000000000
114924  40.983  17.907  12.607 0.0000000000
112998  40.860  15.781  13.803 0.0000000000
111978  41.030  14.448  14.338 0.0000000000
110860  40.862  13.580  13.672 0.0000000000
109750  40.485  12.614  13.142 0.0000000000
108647  40.493  11.717  11.645 0.0000000000
107584  40.779  11.044  11.304 0.0000000000
107594  41.216  10.567  10.048 0.0000000000
120027  46.822  23.033  5.563 0.0000000000
120011  46.632  22.752  6.238 0.0000000000
119249  46.531  21.907  7.185 0.0000000000
119266  46.157  22.434  6.764 0.0000000000
119267  45.240  22.554  6.814 0.0000000000
119251  44.608  22.072  7.290 0.0000000000
117777  43.484  20.515  7.505 0.0000000000
115931  43.338  18.702  6.585 0.0000000000
115950  42.976  18.589  5.612 0.0000000000
115869  48.442  18.298  11.679 0.0000000000
115879  49.251  18.981  11.248 0.0000000000
115870  48.076  18.154  10.939 0.0000000000
114937  47.621  17.972  9.444 0.0000000000
114946  47.135  17.167  8.096 0.0000000000
113959  46.501  16.692  7.955 0.0000000000
114955  47.075  16.814  7.500 0.0000000000
113968  47.494  16.600  6.288 0.0000000000
113989  46.917  16.323  4.839 0.0000000000
112082  43.197  15.352  -1.987 0.0000000000
112069  42.775  15.598  -0.968 0.0000000000
113115  43.239  15.857  -2.760 0.0000000000
113116  42.925  16.302  -2.315 0.0000000000
114083  43.216  16.801  -4.414 0.0000000000
114075  42.844  16.852  -3.285 0.0000000000
115039  42.861  18.170  -1.623 0.0000000000
115041  41.143  17.378  -3.016 0.0000000000
114076  40.601  16.697  -3.189 0.0000000000
113156  41.153  16.079  -4.230 0.0000000000
113141  40.550  15.770  -3.581 0.0000000000
113128  40.029  15.926  -2.990 0.0000000000
113142  39.870  15.389  -3.056 0.0000000000
112100  39.585  14.665  -2.655 0.0000000000
111027  41.126  13.327  -1.209 0.0000000000
109930  41.741  12.876  -0.423 0.0000000000
111026  42.175  13.129  -1.803 0.0000000000
109929  42.325  12.795  -0.846 0.0000000000
109918  42.441  12.558  -0.005 0.0000000000
122494  41.592  26.149  14.059 0.0000000000
121685  42.073  25.829  13.425 0.0000000000
121695  41.650  25.177  12.874 0.0000000000
120795  41.194  24.589  12.264 0.0000000000
120805  40.805  24.039  11.843 0.0000000000
120782  39.700  24.552  12.922 0.0000000000
120806  40.363  23.969  12.005 0.0000000000
119980  40.261  23.456  11.884 0.0000000000
117732  40.054  20.367  12.020 0.0000000000
119282  49.075  22.142  5.786 0.0000000000
118548  50.579  21.470  5.852 0.0000000000
119263  49.235  21.674  6.394 0.0000000000
118535  48.444  21.428  7.010 0.0000000000
117772  48.457  20.416  7.280 0.0000000000
116902  48.049  19.643  7.139 0.0000000000
112021  42.815  14.832  6.510 0.0000000000
113037  42.874  15.137  5.852 0.0000000000
112027  42.300  14.570  5.700 0.0000000000
112041  42.135  14.330  3.536 0.0000000000
110951  43.051  13.056  3.064 0.0000000000
110952  42.496  13.748  2.787 0.0000000000
112058  43.093  14.382  0.445 0.0000000000
109898  45.764  12.417  0.647 0.0000000000
110981  45.192  12.796  0.602 0.0000000000
112079  46.242  13.869  -1.990 0.0000000000
111023  45.974  13.566  -1.260 0.0000000000
111024  45.153  13.851  -0.944 0.0000000000
112097  44.183  15.210  -3.023 0.0000000000
113125  44.270  15.676  -3.769 0.0000000000
114091  44.730  16.689  -4.791 0.0000000000
114090  45.403  16.528  -5.223 0.0000000000
113160  45.124  16.524  -5.717 0.0000000000
112134  44.970  16.052  -6.212 0.0000000000
111074  44.198  14.548  -4.516 0.0000000000
111058  44.632  13.769  -4.110 0.0000000000
111041  45.183  13.250  -3.508 0.0000000000
116844  50.212  20.132  12.973 0.0000000000
116853  49.559  19.398  12.659 0.0000000000
119953  48.263  23.910  13.677 0.0000000000
119962  48.612  23.306  13.281 0.0000000000
119212  48.783  22.178  12.421 0.0000000000
118481  47.907  21.491  11.691 0.0000000000
118480  48.604  21.478  12.129 0.0000000000
118474  49.222  21.533  12.606 0.0000000000
117721  49.305  20.174  12.974 0.0000000000
115860  48.916  18.910  12.650 0.0000000000
114927  47.660  17.732  11.593 0.0000000000
113944  47.141  17.269  11.121 0.0000000000
113945  46.639  16.778  11.508 0.0000000000
113937  46.623  16.907  12.274 0.0000000000
113950  45.987  16.392  10.951 0.0000000000
113018  43.927  15.153  8.284 0.0000000000
112003  43.257  14.853  7.790 0.0000000000
119977  43.392  23.384  11.344 0.0000000000
119218  43.028  22.507  10.838 0.0000000000
119217  44.083  22.664  10.990 0.0000000000
118491  44.448  21.117  10.606 0.0000000000
116874  44.614  19.830  10.714 0.0000000000
116866  44.554  18.800  11.070 0.0000000000
115865  41.174  18.179  12.120 0.0000000000
114932  41.610  18.143  11.735 0.0000000000
114931  42.355  17.796  11.585 0.0000000000
112996  42.334  15.274  13.194 0.0000000000
114922  42.800  16.991  12.066 0.0000000000
114930  43.375  17.584  11.563 0.0000000000
115873  43.966  18.326  11.084 0.0000000000
114929  44.323  17.536  11.824 0.0000000000
114928  45.015  17.566  12.232 0.0000000000
113939  44.844  16.331  12.554 0.0000000000
111990  44.132  15.201  11.526 0.0000000000
111991  43.550  15.042  11.118 0.0000000000
111995  43.335  14.909  9.833 0.0000000000
111999  43.312  14.784  8.754 0.0000000000
112013  42.670  14.548  7.241 0.0000000000
112022  42.099  14.150  6.525 0.0000000000
110923  41.798  13.201  5.408 0.0000000000
109839  42.031  12.718  5.149 0.0000000000
108705  41.866  11.783  6.366 0.0000000000
108720  42.169  11.885  5.706 0.0000000000
108732  43.040  11.918  4.585 0.0000000000
108731  43.439  11.739  4.125 0.0000000000
107693  44.139  11.106  3.741 0.0000000000
108742  45.072  11.339  2.846 0.0000000000
106655  41.927  10.046  9.345 0.0000000000
106674  42.538  9.851  8.531 0.0000000000
107637  43.227  10.091  7.245 0.0000000000
107650  44.240  9.772  6.506 0.0000000000
107651  43.545  10.120  6.637 0.0000000000
107692  45.108  10.797  3.437 0.0000000000
122480  41.890  26.496  14.785 0.0000000000
122481  40.956  26.107  14.533 0.0000000000
122482  40.496  26.011  14.759 0.0000000000
121648  39.524  25.818  15.388 0.0000000000
121668  37.912  24.769  14.580 0.0000000000
121651  36.215  25.140  15.373 0.0000000000
121670  35.787  24.624  14.884 0.0000000000
120857  42.328  23.896  3.345 0.0000000000
120047  41.896  23.983  4.053 0.0000000000
120063  41.824  23.591  3.003 0.0000000000
116930  41.292  19.216  6.849 0.0000000000
115934  40.579  18.359  6.491 0.0000000000
118479  51.844  21.380  12.233 0.0000000000
118503  52.295  20.937  8.348 0.0000000000
117761  52.671  20.500  7.620 0.0000000000
115886  49.521  19.164  9.952 0.0000000000
116882  50.494  19.460  9.537 0.0000000000
115899  49.006  18.202  7.891 0.0000000000
115898  50.250  18.763  8.388 0.0000000000
116893  51.049  19.250  8.680 0.0000000000
116892  51.698  19.285  8.429 0.0000000000
116891  52.234  19.383  7.911 0.0000000000
116898  52.518  19.498  6.863 0.0000000000
116919  52.088  19.369  6.518 0.0000000000
116920  51.396  19.242  6.433 0.0000000000
115925  50.103  18.067  5.871 0.0000000000
116922  49.759  18.866  6.267 0.0000000000
115927  48.123  18.454  5.755 0.0000000000
113052  44.058  15.930  4.988 0.0000000000
114006  43.933  16.141  4.436 0.0000000000
113991  44.722  15.971  5.192 0.0000000000
114003  47.030  16.680  3.894 0.0000000000
113087  43.472  16.560  0.552 0.0000000000
114041  44.238  16.827  1.209 0.0000000000
114002  47.810  17.060  3.985 0.0000000000
114017  47.362  17.304  3.535 0.0000000000
114996  47.484  17.514  3.706 0.0000000000
115006  46.405  18.151  2.284 0.0000000000
115978  46.916  18.223  2.689 0.0000000000
115958  47.635  17.804  4.143 0.0000000000
115981  44.363  19.214  2.274 0.0000000000
115982  43.346  18.541  2.914 0.0000000000
115032  42.569  18.391  -0.691 0.0000000000
115025  41.776  17.920  -0.162 0.0000000000
114061  40.691  16.834  -1.102 0.0000000000
115026  41.146  17.340  -0.567 0.0000000000
115009  41.042  17.193  1.462 0.0000000000
113098  38.066  15.629  0.201 0.0000000000
109939  44.345  12.802  -2.363 0.0000000000
106645  41.665  10.164  10.230 0.0000000000
106656  41.547  10.359  9.729 0.0000000000
106688  45.541  9.385  7.546 0.0000000000
106691  42.962  9.815  8.030 0.0000000000
106705  44.160  9.763  7.037 0.0000000000
106720  45.267  9.522  6.005 0.0000000000
107595  40.740  10.951  10.413 0.0000000000
107603  41.700  10.401  8.947 0.0000000000
107619  41.964  10.294  8.486 0.0000000000
107620  41.587  10.693  8.688 0.0000000000
107678  45.554  9.887  4.600 0.0000000000
107694  43.734  11.378  3.913 0.0000000000
107708  45.406  11.153  2.887 0.0000000000
108663  40.967  11.264  9.365 0.0000000000
108664  40.560  11.525  9.836 0.0000000000
108718  43.248  11.410  4.715 0.0000000000
108758  44.824  11.716  2.367 0.0000000000
109767  40.380  12.439  11.145 0.0000000000
109781  40.572  12.014  9.569 0.0000000000
109820  42.256  12.247  5.296 0.0000000000
109837  43.115  12.267  4.196 0.0000000000
109838  42.555  12.491  4.619 0.0000000000
109880  45.416  12.077  1.329 0.0000000000
109881  44.646  12.332  1.687 0.0000000000
110859  41.368  13.944  13.547 0.0000000000
110871  41.137  13.601  11.160 0.0000000000
110877  40.694  12.873  10.257 0.0000000000
110909  41.751  13.320  6.186 0.0000000000
110983  43.617  13.759  0.658 0.0000000000
111002  46.579  13.056  -0.780 0.0000000000
111010  37.361  14.169  -0.455 0.0000000000
111977  41.387  14.690  13.981 0.0000000000
111980  43.208  14.902  12.589 0.0000000000
111992  42.673  14.574  11.420 0.0000000000
112020  43.204  14.967  6.661 0.0000000000
112035  41.820  13.598  5.081 0.0000000000
112067  43.828  14.270  -0.583 0.0000000000
112070  37.478  14.642  -0.519 0.0000000000
112084  39.062  14.412  -1.986 0.0000000000
112101  38.955  15.022  -2.410 0.0000000000
112111  44.607  15.554  -3.704 0.0000000000
112112  43.731  14.733  -4.595 0.0000000000
112991  41.230  15.007  14.204 0.0000000000
112994  43.875  15.639  12.664 0.0000000000
113005  44.562  15.512  11.705 0.0000000000
113006  44.181  15.365  11.140 0.0000000000
113017  44.574  15.555  8.773 0.0000000000
113076  43.188  16.126  2.567 0.0000000000
113118  38.437  15.220  -1.440 0.0000000000
113127  43.198  16.333  -3.147 0.0000000000
113138  44.846  16.009  -4.309 0.0000000000
113155  41.694  15.991  -4.620 0.0000000000
113162  43.766  16.572  -5.778 0.0000000000
113928  40.660  16.348  13.833 0.0000000000
113931  43.649  15.872  12.734 0.0000000000
113934  40.991  16.100  13.412 0.0000000000
113940  44.110  16.340  12.564 0.0000000000
113948  47.107  17.401  10.540 0.0000000000
114034  38.713  15.886  2.035 0.0000000000
114049  45.056  17.825  -0.126 0.0000000000
114069  41.157  17.781  -1.887 0.0000000000
114081  44.432  16.289  -4.503 0.0000000000
114084  41.646  16.919  -4.204 0.0000000000
114085  41.231  16.645  -4.035 0.0000000000
114094  41.957  16.785  -4.536 0.0000000000
114098  45.219  16.550  -5.462 0.0000000000
114100  43.883  16.773  -5.686 0.0000000000
114919  45.541  17.234  12.584 0.0000000000
114920  44.635  16.974  12.478 0.0000000000
114923  41.665  17.261  12.350 0.0000000000
114926  47.915  17.961  12.165 0.0000000000
114976  49.106  17.034  4.961 0.0000000000
114992  40.112  16.647  4.263 0.0000000000
114997  47.303  17.558  3.219 0.0000000000
115004  47.390  17.812  3.088 0.0000000000
115015  45.597  18.166  0.726 0.0000000000
115021  45.507  18.556  0.601 0.0000000000
115053  41.858  17.151  -4.148 0.0000000000
115059  42.253  17.008  -4.457 0.0000000000
115872  44.922  18.253  11.612 0.0000000000
115874  42.935  18.400  11.151 0.0000000000
115875  41.998  18.802  11.234 0.0000000000
115880  48.697  18.634  10.569 0.0000000000
115896  51.918  19.043  7.883 0.0000000000
115906  52.460  19.043  6.980 0.0000000000
115956  49.099  17.301  4.841 0.0000000000
115968  47.399  18.041  3.183 0.0000000000
115977  47.322  18.002  2.866 0.0000000000
116000  44.622  18.814  -0.625 0.0000000000
116846  49.070  19.944  12.984 0.0000000000
116860  51.143  20.361  11.687 0.0000000000
116867  41.946  19.406  11.014 0.0000000000
116869  40.735  19.578  11.695 0.0000000000
116871  51.640  20.013  9.867 0.0000000000
116876  43.059  19.582  10.626 0.0000000000
116877  42.303  19.624  10.772 0.0000000000
116878  41.874  19.716  10.942 0.0000000000
116890  52.626  19.792  7.449 0.0000000000
116899  52.453  19.254  7.256 0.0000000000
116931  40.619  19.282  7.070 0.0000000000
116948  45.309  19.167  1.638 0.0000000000
116953  45.637  18.926  1.216 0.0000000000
116955  44.803  19.386  1.442 0.0000000000
116958  45.161  19.089  0.503 0.0000000000
117729  49.487  21.012  12.794 0.0000000000
117737  51.096  20.441  11.389 0.0000000000
117744  39.960  20.633  11.901 0.0000000000
117770  49.981  20.220  6.826 0.0000000000
118494  42.081  20.938  10.727 0.0000000000
118502  52.634  20.908  7.676 0.0000000000
118512  52.719  21.097  7.175 0.0000000000
118515  48.742  21.049  7.160 0.0000000000
118534  48.934  21.385  6.815 0.0000000000
118561  50.923  21.520  5.320 0.0000000000
119202  49.975  22.131  13.720 0.0000000000
119213  48.122  22.301  12.067 0.0000000000
119225  45.437  21.860  11.016 0.0000000000
119227  43.857  21.855  10.618 0.0000000000
119228  43.171  21.658  10.593 0.0000000000
119248  47.428  21.776  7.088 0.0000000000
119260  52.629  21.618  6.716 0.0000000000
119262  49.612  21.541  6.358 0.0000000000
119264  48.227  21.887  6.669 0.0000000000
119273  38.920  22.137  5.958 0.0000000000
119284  47.208  22.807  5.953 0.0000000000
119967  39.890  23.739  12.183 0.0000000000
119968  39.390  23.375  12.352 0.0000000000
120012  45.931  22.905  6.204 0.0000000000
120026  47.447  22.822  5.504 0.0000000000
120764  38.886  24.584  13.688 0.0000000000
120796  40.058  24.296  12.437 0.0000000000
120869  45.780  24.325  3.003 0.0000000000
120873  42.297  23.807  3.081 0.0000000000
121665  40.725  25.887  14.224 0.0000000000
122468  40.307  26.090  15.298 0.0000000000
122469  39.894  26.046  15.574 0.0000000000
122495  41.185  26.005  14.089 0.0000000000
