#!ascii label  , from subject ernie vox2ras=TkReg
1762
45006  11.015  -44.526  50.331 0.0000000000
78215  43.094  -18.095  21.088 0.0000000000
53688  27.974  -37.659  37.270 0.0000000000
57057  37.256  -34.921  40.707 0.0000000000
57071  20.216  -35.150  40.220 0.0000000000
50937  17.803  -40.013  50.307 0.0000000000
85209  51.527  -11.159  13.074 0.0000000000
83858  52.606  -11.207  24.114 0.0000000000
69898  37.658  -24.862  33.227 0.0000000000
91871  51.099  -4.221  3.644 0.0000000000
54810  27.827  -36.900  42.738 0.0000000000
49705  13.399  -41.731  50.633 0.0000000000
83946  52.801  -11.354  18.310 0.0000000000
85142  47.409  -11.015  18.057 0.0000000000
73529  43.061  -20.673  27.195 0.0000000000
78146  46.555  -16.537  27.937 0.0000000000
74720  38.696  -19.928  25.650 0.0000000000
59492  33.948  -32.580  34.143 0.0000000000
52392  33.351  -38.130  37.832 0.0000000000
55929  23.996  -36.098  44.189 0.0000000000
53491  22.958  -38.588  50.266 0.0000000000
53572  19.439  -37.774  44.774 0.0000000000
52244  14.759  -39.312  44.845 0.0000000000
57067  24.386  -34.359  39.685 0.0000000000
86322  56.489  -9.176  12.543 0.0000000000
85153  57.899  -11.220  18.211 0.0000000000
81680  47.085  -13.420  22.249 0.0000000000
69908  41.966  -23.316  31.691 0.0000000000
61780  39.538  -30.325  36.607 0.0000000000
88603  51.542  -7.269  8.609 0.0000000000
90791  56.681  -5.839  8.369 0.0000000000
90828  57.228  -6.031  5.071 0.0000000000
54738  28.104  -37.415  46.450 0.0000000000
48469  12.235  -42.809  50.443 0.0000000000
47272  12.934  -43.184  52.188 0.0000000000
44981  11.557  -44.887  52.989 0.0000000000
82869  45.874  -12.357  15.471 0.0000000000
77017  42.693  -17.910  29.712 0.0000000000
74592  45.212  -19.121  31.133 0.0000000000
43802  6.865  -45.791  54.856 0.0000000000
72416  38.705  -21.761  22.948 0.0000000000
56081  28.981  -36.493  34.790 0.0000000000
56079  31.336  -35.852  35.024 0.0000000000
53667  31.334  -38.409  36.841 0.0000000000
57005  22.370  -35.666  42.755 0.0000000000
54773  21.243  -36.926  44.625 0.0000000000
54812  20.341  -36.680  42.956 0.0000000000
57069  22.649  -34.361  40.267 0.0000000000
55968  24.350  -35.196  42.257 0.0000000000
52184  20.336  -39.534  49.462 0.0000000000
85219  53.675  -10.589  12.729 0.0000000000
85188  57.291  -10.470  15.652 0.0000000000
84006  54.920  -11.556  15.424 0.0000000000
83893  52.442  -11.097  20.827 0.0000000000
85091  55.295  -10.108  20.867 0.0000000000
79373  42.884  -16.217  18.725 0.0000000000
80549  44.912  -15.249  19.189 0.0000000000
80502  44.733  -15.125  22.150 0.0000000000
69949  36.999  -24.418  30.314 0.0000000000
69972  39.074  -23.224  28.928 0.0000000000
69896  39.729  -24.189  33.127 0.0000000000
58250  35.845  -33.500  37.770 0.0000000000
60619  36.705  -31.426  35.657 0.0000000000
59396  37.914  -32.856  38.333 0.0000000000
86340  49.170  -9.225  11.048 0.0000000000
88606  48.927  -7.163  8.882 0.0000000000
86351  51.646  -9.424  10.643 0.0000000000
87450  54.592  -8.854  10.446 0.0000000000
91882  55.304  -4.866  2.538 0.0000000000
90849  54.458  -5.558  4.474 0.0000000000
90796  57.557  -5.815  7.165 0.0000000000
90814  53.412  -6.093  6.121 0.0000000000
54856  28.146  -37.323  40.720 0.0000000000
52345  30.014  -39.315  39.412 0.0000000000
53590  30.049  -38.749  42.800 0.0000000000
50940  15.312  -40.730  50.338 0.0000000000
49667  16.562  -40.657  53.341 0.0000000000
49683  14.439  -41.691  52.791 0.0000000000
84033  49.203  -11.735  13.167 0.0000000000
82863  52.510  -12.699  15.344 0.0000000000
81772  49.087  -13.312  15.741 0.0000000000
85156  50.147  -10.873  18.084 0.0000000000
82804  50.347  -12.393  19.728 0.0000000000
74755  43.656  -19.489  23.638 0.0000000000
78180  45.477  -17.070  24.762 0.0000000000
75849  45.415  -18.827  27.090 0.0000000000
67605  35.627  -25.864  33.014 0.0000000000
59340  39.908  -33.421  42.664 0.0000000000
44999  9.018  -45.293  50.934 0.0000000000
42612  10.042  -46.504  53.366 0.0000000000
41358  8.239  -47.403  53.791 0.0000000000
77132  40.849  -18.395  20.955 0.0000000000
73599  40.773  -21.060  23.433 0.0000000000
73550  41.093  -20.574  26.762 0.0000000000
77033  40.510  -17.840  28.416 0.0000000000
58338  31.857  -33.413  33.134 0.0000000000
57151  33.180  -34.871  36.527 0.0000000000
54865  34.905  -36.385  39.199 0.0000000000
49882  32.721  -40.334  39.260 0.0000000000
51091  35.326  -39.350  40.659 0.0000000000
54725  26.350  -36.728  47.297 0.0000000000
53488  25.165  -37.712  49.570 0.0000000000
54728  23.576  -37.233  47.405 0.0000000000
53532  21.229  -38.531  47.359 0.0000000000
52209  19.018  -39.275  47.419 0.0000000000
54793  17.880  -37.096  43.006 0.0000000000
53555  17.011  -38.518  45.116 0.0000000000
50986  16.115  -39.725  47.323 0.0000000000
50988  14.006  -40.316  48.019 0.0000000000
48509  12.343  -41.513  47.290 0.0000000000
47340  10.711  -42.346  47.819 0.0000000000
56084  26.350  -35.818  35.710 0.0000000000
58258  24.227  -33.980  36.617 0.0000000000
56044  26.374  -35.945  38.320 0.0000000000
55989  26.105  -35.955  41.293 0.0000000000
55927  25.861  -36.157  44.262 0.0000000000
82829  58.728  -12.234  17.460 0.0000000000
83944  55.091  -11.245  18.124 0.0000000000
82836  44.317  -12.528  17.468 0.0000000000
81729  47.698  -13.738  18.825 0.0000000000
82754  49.516  -12.358  22.925 0.0000000000
80463  47.002  -14.719  25.444 0.0000000000
82723  48.572  -12.809  25.637 0.0000000000
74682  36.907  -20.548  26.589 0.0000000000
73483  39.103  -19.842  29.591 0.0000000000
74581  42.064  -20.024  32.317 0.0000000000
64040  37.201  -28.480  33.685 0.0000000000
66376  37.931  -26.649  36.064 0.0000000000
61727  40.509  -30.626  39.696 0.0000000000
65130  39.691  -27.490  38.209 0.0000000000
69852  39.553  -25.287  36.105 0.0000000000
69865  41.604  -24.111  35.038 0.0000000000
71008  43.880  -22.344  35.323 0.0000000000
90816  51.202  -5.852  6.061 0.0000000000
89743  54.100  -6.843  8.073 0.0000000000
88568  56.621  -7.239  10.436 0.0000000000
53526  29.254  -38.205  47.142 0.0000000000
46156  11.566  -44.027  50.540 0.0000000000
46141  11.831  -44.014  52.361 0.0000000000
44989  11.196  -44.749  52.054 0.0000000000
78108  42.392  -17.012  30.750 0.0000000000
78107  43.308  -16.930  30.849 0.0000000000
46112  6.604  -43.239  55.421 0.0000000000
54919  28.470  -36.963  35.614 0.0000000000
53703  29.999  -37.626  35.689 0.0000000000
53686  29.538  -37.928  36.381 0.0000000000
57024  21.372  -35.643  41.946 0.0000000000
55970  21.329  -35.939  42.480 0.0000000000
55992  20.252  -35.842  41.483 0.0000000000
58206  21.432  -33.970  38.749 0.0000000000
57070  21.538  -34.618  40.081 0.0000000000
57043  22.291  -34.820  41.167 0.0000000000
50951  19.309  -39.780  49.482 0.0000000000
50912  18.318  -40.313  52.062 0.0000000000
85207  53.107  -11.014  13.149 0.0000000000
84027  54.272  -11.210  13.783 0.0000000000
84017  53.748  -11.664  14.389 0.0000000000
83881  52.632  -11.048  21.894 0.0000000000
85064  53.674  -10.568  22.486 0.0000000000
79351  43.205  -17.609  19.906 0.0000000000
79349  44.291  -15.864  20.391 0.0000000000
79331  43.977  -17.129  21.027 0.0000000000
69929  35.700  -24.373  31.556 0.0000000000
69928  36.781  -24.320  31.442 0.0000000000
69927  37.864  -24.159  31.269 0.0000000000
69897  38.701  -24.630  33.195 0.0000000000
58196  36.122  -34.520  39.224 0.0000000000
59397  37.049  -32.915  38.169 0.0000000000
58194  37.788  -33.637  39.493 0.0000000000
85236  50.410  -10.331  11.678 0.0000000000
86353  49.857  -9.108  10.549 0.0000000000
85235  51.443  -10.437  11.820 0.0000000000
86336  53.199  -10.148  11.211 0.0000000000
90863  52.936  -5.137  3.310 0.0000000000
90850  52.954  -5.341  4.326 0.0000000000
90832  53.947  -5.775  5.384 0.0000000000
90851  51.994  -5.243  4.794 0.0000000000
54834  28.485  -37.433  41.865 0.0000000000
53625  29.292  -37.984  41.551 0.0000000000
53611  29.180  -37.741  42.556 0.0000000000
49713  14.428  -40.935  50.528 0.0000000000
49693  14.765  -40.920  52.114 0.0000000000
49704  14.112  -41.514  51.318 0.0000000000
44966  12.725  -44.604  54.332 0.0000000000
46119  13.436  -43.922  53.771 0.0000000000
85211  47.101  -10.977  12.925 0.0000000000
82878  49.278  -12.674  14.192 0.0000000000
82889  47.532  -12.434  13.981 0.0000000000
85178  46.567  -11.381  16.709 0.0000000000
83998  48.272  -11.505  16.779 0.0000000000
85158  48.715  -10.866  17.757 0.0000000000
83931  49.751  -11.712  19.031 0.0000000000
83951  48.802  -11.516  18.609 0.0000000000
74697  44.266  -20.080  25.842 0.0000000000
75869  45.050  -18.959  26.024 0.0000000000
74678  44.760  -19.903  27.429 0.0000000000
85225  47.622  -10.400  12.396 0.0000000000
43817  8.447  -45.580  52.211 0.0000000000
43818  7.811  -45.498  52.810 0.0000000000
75949  39.788  -19.267  20.985 0.0000000000
74778  41.194  -19.810  22.054 0.0000000000
74800  39.627  -20.285  21.507 0.0000000000
73586  38.286  -21.156  25.152 0.0000000000
73585  39.344  -21.460  24.826 0.0000000000
74719  39.407  -20.173  25.942 0.0000000000
75870  40.602  -18.999  27.027 0.0000000000
77069  39.550  -18.634  26.772 0.0000000000
57206  30.527  -34.404  33.108 0.0000000000
54901  32.269  -37.028  36.163 0.0000000000
56078  32.239  -35.509  35.602 0.0000000000
56053  33.043  -36.008  37.182 0.0000000000
56042  34.362  -35.887  38.190 0.0000000000
53649  34.163  -37.409  38.442 0.0000000000
51076  30.541  -40.290  41.318 0.0000000000
51117  31.096  -40.365  39.707 0.0000000000
48604  31.952  -41.235  40.993 0.0000000000
48620  35.215  -40.997  40.895 0.0000000000
52312  36.218  -38.433  41.642 0.0000000000
55887  24.955  -35.991  45.905 0.0000000000
54727  24.523  -36.732  47.361 0.0000000000
54743  23.755  -36.656  46.315 0.0000000000
54758  20.337  -37.665  44.974 0.0000000000
53551  21.333  -37.820  45.880 0.0000000000
53552  20.266  -38.145  45.409 0.0000000000
52222  20.193  -38.738  46.967 0.0000000000
53543  19.195  -38.788  46.241 0.0000000000
54837  18.016  -36.589  41.308 0.0000000000
52267  15.202  -38.830  44.348 0.0000000000
53574  16.676  -38.076  44.461 0.0000000000
52242  16.505  -38.954  45.200 0.0000000000
52226  16.754  -39.060  46.182 0.0000000000
51000  15.915  -39.669  46.501 0.0000000000
50987  14.886  -39.964  47.623 0.0000000000
51001  15.075  -39.743  46.275 0.0000000000
48510  11.508  -42.003  47.535 0.0000000000
57187  26.768  -35.439  34.201 0.0000000000
57188  25.690  -34.972  34.799 0.0000000000
58203  23.974  -34.016  38.637 0.0000000000
57121  24.471  -34.539  37.938 0.0000000000
56055  25.453  -35.553  37.370 0.0000000000
57096  25.328  -35.082  38.733 0.0000000000
54868  26.737  -36.057  39.965 0.0000000000
56014  25.801  -35.283  39.946 0.0000000000
55949  24.430  -35.836  43.083 0.0000000000
55948  25.517  -35.986  43.240 0.0000000000
55928  24.995  -35.824  44.230 0.0000000000
54753  26.148  -36.570  45.668 0.0000000000
53489  24.216  -37.725  49.989 0.0000000000
42599  9.917  -46.808  55.181 0.0000000000
42598  10.545  -46.126  55.179 0.0000000000
86306  57.983  -9.618  14.346 0.0000000000
85173  57.972  -10.995  17.100 0.0000000000
85186  58.674  -11.312  16.474 0.0000000000
83966  58.521  -11.743  17.916 0.0000000000
83926  58.037  -11.751  19.004 0.0000000000
82830  52.770  -12.392  16.990 0.0000000000
83995  53.779  -12.145  16.757 0.0000000000
83945  53.896  -11.328  18.250 0.0000000000
85089  56.923  -10.343  21.043 0.0000000000
80533  45.569  -14.685  20.560 0.0000000000
80564  46.585  -14.397  18.892 0.0000000000
81717  47.028  -13.859  20.433 0.0000000000
82787  48.125  -13.045  21.381 0.0000000000
82756  47.607  -13.114  22.721 0.0000000000
78157  46.225  -17.067  26.666 0.0000000000
79277  45.813  -16.343  24.969 0.0000000000
79260  46.707  -15.684  26.534 0.0000000000
72375  36.590  -22.132  26.872 0.0000000000
69946  40.085  -23.105  29.720 0.0000000000
72347  38.663  -21.650  28.874 0.0000000000
71082  40.993  -22.014  30.276 0.0000000000
73451  40.953  -20.504  31.036 0.0000000000
71052  42.288  -21.865  31.793 0.0000000000
59531  33.370  -31.807  32.521 0.0000000000
60658  34.640  -31.403  33.341 0.0000000000
61782  37.928  -30.810  35.886 0.0000000000
62875  36.943  -30.196  34.623 0.0000000000
62873  38.141  -29.171  35.033 0.0000000000
65159  38.298  -27.278  34.878 0.0000000000
64008  39.071  -28.325  35.654 0.0000000000
59352  40.128  -32.622  41.353 0.0000000000
66347  40.361  -26.912  39.214 0.0000000000
67571  39.609  -26.341  36.925 0.0000000000
68737  40.719  -25.598  37.510 0.0000000000
69851  40.441  -24.875  36.043 0.0000000000
69817  41.769  -25.178  38.078 0.0000000000
88604  50.560  -7.179  8.687 0.0000000000
89757  51.368  -6.391  7.422 0.0000000000
89756  52.394  -6.575  7.431 0.0000000000
88602  52.576  -7.360  8.557 0.0000000000
86334  55.844  -9.160  11.838 0.0000000000
87449  55.809  -8.043  10.528 0.0000000000
87435  56.612  -8.310  11.473 0.0000000000
87434  57.714  -8.054  11.617 0.0000000000
90860  55.961  -5.283  3.669 0.0000000000
90790  57.150  -5.658  8.067 0.0000000000
89739  57.958  -6.107  8.332 0.0000000000
89731  57.920  -6.695  9.612 0.0000000000
54769  28.135  -37.241  44.585 0.0000000000
53569  28.939  -37.657  44.511 0.0000000000
53537  29.362  -38.156  46.057 0.0000000000
48468  12.691  -42.138  50.364 0.0000000000
48460  13.058  -42.024  51.405 0.0000000000
47282  12.115  -43.178  51.831 0.0000000000
46133  12.049  -44.086  53.070 0.0000000000
43791  11.872  -45.257  54.994 0.0000000000
85191  45.257  -11.385  16.024 0.0000000000
85162  45.244  -11.193  17.104 0.0000000000
74656  43.299  -19.957  29.117 0.0000000000
74655  44.598  -20.015  28.769 0.0000000000
75789  43.879  -18.502  30.546 0.0000000000
76983  44.748  -16.987  32.154 0.0000000000
44984  7.429  -44.531  53.559 0.0000000000
44976  7.041  -44.374  54.525 0.0000000000
43784  6.826  -44.930  55.644 0.0000000000
73633  39.008  -20.765  21.673 0.0000000000
74739  37.477  -20.491  25.363 0.0000000000
57185  30.278  -35.239  33.554 0.0000000000
56080  30.110  -36.430  34.656 0.0000000000
53684  31.739  -37.852  36.116 0.0000000000
53666  32.315  -37.973  36.874 0.0000000000
55950  23.396  -35.899  43.310 0.0000000000
54771  22.800  -36.455  44.856 0.0000000000
55931  22.210  -36.398  43.895 0.0000000000
54790  20.836  -36.766  43.663 0.0000000000
54791  19.838  -36.992  43.456 0.0000000000
51018  14.008  -39.749  45.248 0.0000000000
51037  13.003  -39.526  44.519 0.0000000000
59385  22.547  -33.265  38.330 0.0000000000
57068  23.530  -34.267  40.127 0.0000000000
57041  24.105  -34.654  40.740 0.0000000000
57042  23.253  -34.554  41.061 0.0000000000
57003  23.651  -35.130  42.640 0.0000000000
52173  21.493  -39.228  50.249 0.0000000000
85217  55.248  -10.070  13.135 0.0000000000
85203  56.679  -9.887  14.185 0.0000000000
85204  55.873  -10.400  13.694 0.0000000000
84005  56.196  -10.984  15.385 0.0000000000
83968  56.546  -11.241  17.009 0.0000000000
85115  52.635  -10.842  19.444 0.0000000000
85114  53.708  -10.565  19.643 0.0000000000
85075  54.447  -10.100  21.658 0.0000000000
85062  55.486  -9.773  22.808 0.0000000000
80585  43.777  -14.445  17.472 0.0000000000
79372  43.474  -15.630  18.626 0.0000000000
80534  44.710  -15.134  20.071 0.0000000000
80501  45.335  -14.478  22.558 0.0000000000
79246  47.276  -15.224  28.127 0.0000000000
69996  36.097  -24.364  28.208 0.0000000000
71149  36.868  -23.165  27.314 0.0000000000
69973  38.258  -23.991  29.027 0.0000000000
69947  39.117  -23.813  29.922 0.0000000000
69909  41.026  -23.738  31.796 0.0000000000
58290  34.569  -33.034  35.955 0.0000000000
59490  35.310  -32.058  35.169 0.0000000000
59442  36.086  -32.619  36.579 0.0000000000
60590  37.288  -32.225  36.884 0.0000000000
60588  39.136  -31.325  37.659 0.0000000000
87456  48.233  -8.391  10.365 0.0000000000
88588  48.230  -7.149  9.157 0.0000000000
87455  49.238  -8.474  10.283 0.0000000000
87473  50.727  -8.227  9.687 0.0000000000
87472  51.663  -8.396  9.553 0.0000000000
88584  52.131  -7.847  9.081 0.0000000000
87452  52.178  -9.112  9.970 0.0000000000
86335  54.582  -9.809  11.525 0.0000000000
91884  52.944  -4.486  2.273 0.0000000000
90861  55.055  -5.314  3.540 0.0000000000
90848  55.595  -5.356  4.542 0.0000000000
90810  57.220  -5.918  6.093 0.0000000000
90831  55.220  -5.462  5.527 0.0000000000
90813  54.830  -5.881  6.643 0.0000000000
90799  55.227  -5.931  7.500 0.0000000000
54876  27.849  -37.104  38.684 0.0000000000
53652  29.399  -38.273  38.796 0.0000000000
53642  29.029  -38.349  39.910 0.0000000000
53623  29.790  -39.139  41.315 0.0000000000
51059  30.805  -40.176  42.566 0.0000000000
50938  16.919  -40.303  50.202 0.0000000000
50913  17.490  -40.517  51.852 0.0000000000
50915  16.108  -40.413  51.502 0.0000000000
49681  15.525  -40.655  52.626 0.0000000000
48430  13.839  -42.727  52.499 0.0000000000
47253  14.029  -43.305  52.960 0.0000000000
84041  50.401  -11.387  13.032 0.0000000000
84019  52.247  -11.822  14.086 0.0000000000
82877  50.737  -12.334  14.131 0.0000000000
82864  51.394  -13.090  15.579 0.0000000000
82831  51.720  -12.352  17.174 0.0000000000
82867  47.700  -13.028  15.606 0.0000000000
82855  50.039  -12.219  16.922 0.0000000000
83948  50.972  -11.056  18.085 0.0000000000
85117  51.093  -11.036  19.080 0.0000000000
83910  51.602  -11.692  20.279 0.0000000000
83895  51.189  -11.877  21.790 0.0000000000
77106  43.579  -18.345  22.370 0.0000000000
78198  43.808  -17.541  22.427 0.0000000000
75904  44.618  -18.538  24.295 0.0000000000
77066  45.361  -18.240  25.896 0.0000000000
77046  46.226  -17.227  27.918 0.0000000000
74629  45.769  -19.064  29.438 0.0000000000
75807  46.635  -18.244  29.644 0.0000000000
77015  47.239  -17.435  29.777 0.0000000000
69886  36.275  -25.642  33.202 0.0000000000
58139  38.694  -34.679  42.219 0.0000000000
87457  47.415  -8.233  10.469 0.0000000000
86341  48.291  -9.193  11.250 0.0000000000
85224  48.619  -10.430  12.026 0.0000000000
93896  51.081  -2.673  2.897 0.0000000000
93888  50.434  -2.533  3.588 0.0000000000
43830  9.928  -45.396  50.716 0.0000000000
43815  10.425  -45.699  52.239 0.0000000000
43816  9.277  -45.947  52.006 0.0000000000
42613  9.033  -47.055  53.387 0.0000000000
41344  8.341  -47.644  55.262 0.0000000000
41360  7.087  -46.963  54.035 0.0000000000
78239  42.096  -17.755  19.474 0.0000000000
78240  40.662  -17.707  19.834 0.0000000000
77131  41.553  -18.300  21.043 0.0000000000
75929  42.466  -19.130  21.902 0.0000000000
73597  42.565  -20.199  23.239 0.0000000000
73566  42.549  -20.923  25.165 0.0000000000
73600  39.881  -21.677  23.765 0.0000000000
73567  41.369  -21.268  25.611 0.0000000000
73530  42.062  -20.616  27.461 0.0000000000
74658  41.679  -19.586  28.283 0.0000000000
77031  42.008  -17.940  28.718 0.0000000000
77002  41.049  -17.183  30.337 0.0000000000
58337  32.708  -33.032  33.450 0.0000000000
57183  31.845  -34.637  34.358 0.0000000000
57182  32.590  -34.386  34.943 0.0000000000
58291  33.815  -33.619  35.865 0.0000000000
57149  34.567  -34.163  37.325 0.0000000000
57116  35.146  -34.844  38.343 0.0000000000
57059  36.098  -35.399  40.104 0.0000000000
52368  30.520  -39.201  38.326 0.0000000000
51155  31.696  -39.438  37.902 0.0000000000
51136  33.181  -39.249  38.605 0.0000000000
48622  33.470  -41.422  40.403 0.0000000000
49881  33.773  -40.413  39.721 0.0000000000
52343  34.628  -38.494  39.251 0.0000000000
53632  34.981  -37.520  39.903 0.0000000000
54833  35.821  -37.018  40.944 0.0000000000
55960  37.159  -36.327  42.152 0.0000000000
54708  26.867  -36.920  48.179 0.0000000000
54710  25.289  -36.844  48.215 0.0000000000
54711  24.424  -36.920  48.289 0.0000000000
53519  23.280  -37.756  48.276 0.0000000000
54744  22.801  -37.365  46.387 0.0000000000
53540  22.063  -37.829  46.630 0.0000000000
53521  22.131  -38.678  48.600 0.0000000000
52194  20.553  -38.927  48.436 0.0000000000
52195  19.539  -39.452  48.454 0.0000000000
52196  18.567  -39.718  47.991 0.0000000000
55973  18.854  -36.437  41.462 0.0000000000
54792  18.868  -36.895  43.218 0.0000000000
54776  18.407  -37.386  43.578 0.0000000000
54794  16.882  -37.474  42.500 0.0000000000
53594  17.281  -37.754  43.429 0.0000000000
53573  18.164  -37.818  44.320 0.0000000000
52240  17.980  -38.770  45.819 0.0000000000
50984  17.770  -39.753  47.783 0.0000000000
50970  16.774  -39.899  48.458 0.0000000000
50971  15.722  -40.003  48.540 0.0000000000
50972  14.880  -40.618  48.632 0.0000000000
50973  14.130  -40.812  48.928 0.0000000000
51002  13.828  -40.248  46.637 0.0000000000
49744  13.367  -40.690  47.466 0.0000000000
49723  12.894  -41.217  48.866 0.0000000000
48478  12.479  -41.886  49.269 0.0000000000
47311  11.512  -43.108  49.158 0.0000000000
46175  10.694  -43.276  48.913 0.0000000000
45016  9.614  -44.078  49.624 0.0000000000
46157  8.940  -43.831  49.892 0.0000000000
57209  27.518  -35.354  33.544 0.0000000000
56082  27.945  -36.487  35.007 0.0000000000
54906  26.872  -36.576  36.494 0.0000000000
57169  25.244  -34.881  35.938 0.0000000000
54907  26.307  -36.345  36.990 0.0000000000
54890  27.128  -36.826  37.502 0.0000000000
54867  27.159  -36.554  39.550 0.0000000000
54857  27.447  -36.712  40.616 0.0000000000
54811  27.023  -36.526  42.539 0.0000000000
55967  25.251  -35.610  42.104 0.0000000000
55966  26.226  -36.049  42.367 0.0000000000
54788  27.164  -36.801  43.540 0.0000000000
54752  26.917  -36.749  45.408 0.0000000000
54740  26.630  -36.755  46.406 0.0000000000
43808  10.840  -45.724  53.510 0.0000000000
43792  11.082  -45.722  55.542 0.0000000000
85196  58.021  -10.176  15.142 0.0000000000
82851  54.100  -12.141  15.854 0.0000000000
83969  55.533  -11.598  17.238 0.0000000000
85154  57.074  -10.641  17.808 0.0000000000
85113  54.947  -10.450  19.816 0.0000000000
85111  57.029  -10.372  20.202 0.0000000000
85131  57.567  -10.853  19.428 0.0000000000
85163  44.307  -11.020  16.970 0.0000000000
83954  45.487  -11.801  17.872 0.0000000000
81741  45.191  -13.888  17.525 0.0000000000
81730  46.694  -13.758  18.113 0.0000000000
82817  47.274  -12.741  18.157 0.0000000000
82805  49.232  -12.838  19.441 0.0000000000
82767  49.541  -12.549  21.594 0.0000000000
83884  50.293  -11.861  23.313 0.0000000000
79297  44.793  -16.406  23.589 0.0000000000
80487  45.328  -14.730  23.493 0.0000000000
81653  46.671  -13.714  23.795 0.0000000000
80425  47.516  -14.519  27.335 0.0000000000
80462  47.397  -14.142  25.109 0.0000000000
81652  47.271  -13.283  23.956 0.0000000000
82745  48.504  -12.574  23.725 0.0000000000
83861  50.035  -11.873  25.010 0.0000000000
74723  36.044  -20.579  25.217 0.0000000000
75893  37.297  -18.958  26.120 0.0000000000
72361  37.887  -21.950  27.898 0.0000000000
74680  37.563  -19.971  27.735 0.0000000000
75854  38.158  -18.576  27.176 0.0000000000
75810  39.564  -18.480  29.407 0.0000000000
75790  40.454  -18.423  30.530 0.0000000000
74572  41.860  -18.994  32.543 0.0000000000
61811  35.907  -30.621  34.172 0.0000000000
66406  36.392  -26.573  33.436 0.0000000000
67596  37.254  -26.161  33.935 0.0000000000
68780  37.461  -25.819  34.162 0.0000000000
58170  39.059  -33.320  40.473 0.0000000000
60560  39.935  -31.946  39.337 0.0000000000
61754  40.242  -30.617  38.163 0.0000000000
62820  40.258  -29.603  38.806 0.0000000000
62836  40.154  -29.021  37.731 0.0000000000
65138  38.950  -27.216  36.739 0.0000000000
68756  38.459  -25.771  36.070 0.0000000000
69868  38.558  -25.292  35.292 0.0000000000
69882  39.607  -24.541  34.190 0.0000000000
69881  40.698  -24.339  34.059 0.0000000000
69880  41.905  -24.074  33.854 0.0000000000
69816  42.849  -24.755  38.155 0.0000000000
69864  42.816  -23.745  34.856 0.0000000000
69879  43.046  -23.370  33.617 0.0000000000
72279  43.338  -21.363  33.351 0.0000000000
92865  49.960  -3.530  4.448 0.0000000000
90834  51.499  -5.448  5.357 0.0000000000
90815  52.217  -6.074  5.986 0.0000000000
89771  53.844  -6.365  6.871 0.0000000000
89742  55.080  -6.621  8.286 0.0000000000
88582  54.417  -7.791  9.152 0.0000000000
88581  55.659  -7.194  9.570 0.0000000000
89733  56.310  -6.723  9.535 0.0000000000
88567  57.588  -7.126  10.663 0.0000000000
53517  28.241  -37.746  48.217 0.0000000000
53516  28.734  -38.024  48.020 0.0000000000
44997  11.287  -44.673  51.090 0.0000000000
78079  42.085  -16.865  31.798 0.0000000000
78094  42.725  -16.553  31.563 0.0000000000
54905  27.905  -37.136  36.699 0.0000000000
54904  28.886  -37.449  36.131 0.0000000000
53687  28.479  -37.957  36.908 0.0000000000
57044  21.171  -35.414  41.220 0.0000000000
55991  20.885  -35.734  41.931 0.0000000000
57045  20.449  -35.636  40.898 0.0000000000
50952  18.336  -39.870  49.470 0.0000000000
50936  18.839  -39.884  50.446 0.0000000000
50923  18.160  -40.324  51.186 0.0000000000
85208  52.262  -11.080  13.116 0.0000000000
84028  53.418  -11.304  13.706 0.0000000000
84029  52.614  -11.392  13.623 0.0000000000
83870  52.853  -11.031  23.108 0.0000000000
83857  53.393  -10.943  23.967 0.0000000000
78226  42.806  -17.854  20.339 0.0000000000
79350  43.817  -17.092  20.280 0.0000000000
78214  43.790  -17.345  21.532 0.0000000000
69913  36.651  -24.576  32.375 0.0000000000
69912  37.682  -24.253  32.366 0.0000000000
58173  36.884  -34.647  40.095 0.0000000000
58195  36.734  -34.339  39.518 0.0000000000
58172  37.477  -34.445  40.494 0.0000000000
85222  50.765  -10.973  12.570 0.0000000000
85221  51.862  -10.837  12.531 0.0000000000
85220  52.807  -10.847  12.557 0.0000000000
91856  52.292  -4.912  3.550 0.0000000000
91857  51.666  -4.836  4.063 0.0000000000
54809  28.519  -37.310  43.077 0.0000000000
49714  13.767  -41.196  50.292 0.0000000000
84035  46.724  -11.775  13.570 0.0000000000
85160  46.904  -11.127  17.491 0.0000000000
85177  47.591  -11.185  17.031 0.0000000000
85141  48.216  -10.985  18.215 0.0000000000
83952  47.786  -11.638  18.273 0.0000000000
73548  43.509  -20.510  25.955 0.0000000000
73547  44.136  -20.251  26.267 0.0000000000
73528  44.014  -20.366  26.886 0.0000000000
44991  7.915  -44.550  52.647 0.0000000000
75950  38.886  -19.017  20.560 0.0000000000
75932  40.125  -19.682  21.460 0.0000000000
73570  38.521  -20.542  25.519 0.0000000000
73569  39.031  -20.778  25.560 0.0000000000
75890  39.270  -19.378  25.886 0.0000000000
75871  39.883  -19.210  26.440 0.0000000000
75872  39.167  -18.778  26.205 0.0000000000
53665  33.068  -37.658  37.434 0.0000000000
54888  32.797  -36.860  36.916 0.0000000000
54887  33.353  -36.695  37.532 0.0000000000
54875  33.937  -36.597  38.066 0.0000000000
53650  33.621  -37.510  37.931 0.0000000000
49844  31.313  -40.741  41.474 0.0000000000
55906  24.537  -35.895  45.143 0.0000000000
55888  24.224  -36.178  45.835 0.0000000000
55907  23.589  -36.152  45.210 0.0000000000
53571  20.062  -37.748  44.877 0.0000000000
53542  19.849  -38.671  46.222 0.0000000000
53553  18.900  -38.499  45.499 0.0000000000
52266  15.900  -38.642  44.589 0.0000000000
52243  15.609  -39.193  45.014 0.0000000000
52227  15.995  -39.566  45.839 0.0000000000
52228  15.218  -39.476  45.490 0.0000000000
51017  14.776  -39.590  45.457 0.0000000000
57097  24.755  -34.617  38.800 0.0000000000
57066  25.241  -34.853  39.463 0.0000000000
53490  23.382  -37.965  50.103 0.0000000000
41337  9.549  -47.454  55.833 0.0000000000
41328  10.091  -47.537  56.166 0.0000000000
86321  57.272  -9.140  12.930 0.0000000000
86312  57.737  -9.278  13.477 0.0000000000
85152  58.315  -11.524  17.854 0.0000000000
83942  58.309  -11.813  18.502 0.0000000000
83967  58.212  -11.580  18.378 0.0000000000
83972  52.282  -11.926  17.786 0.0000000000
83971  53.344  -11.907  17.649 0.0000000000
81681  46.278  -13.923  21.722 0.0000000000
81699  46.679  -13.930  20.839 0.0000000000
82769  47.832  -13.035  21.985 0.0000000000
78156  46.559  -16.388  27.028 0.0000000000
78164  46.380  -16.330  26.238 0.0000000000
79247  46.905  -15.613  27.467 0.0000000000
72383  35.763  -22.183  26.225 0.0000000000
69924  41.169  -23.090  30.710 0.0000000000
69945  40.745  -22.642  30.032 0.0000000000
71069  41.578  -22.149  30.855 0.0000000000
72311  41.800  -21.559  31.061 0.0000000000
69922  42.175  -22.463  31.537 0.0000000000
59511  33.740  -32.327  33.304 0.0000000000
60659  34.012  -31.553  32.749 0.0000000000
59510  34.331  -32.069  33.926 0.0000000000
61781  38.803  -30.444  36.205 0.0000000000
62862  38.489  -29.700  35.429 0.0000000000
62861  39.333  -29.579  36.147 0.0000000000
64007  39.679  -28.967  36.318 0.0000000000
66346  40.943  -26.786  39.564 0.0000000000
68727  40.526  -25.928  37.811 0.0000000000
68726  40.959  -25.393  38.214 0.0000000000
69818  41.044  -25.309  37.551 0.0000000000
68725  41.446  -25.363  38.583 0.0000000000
89747  49.907  -6.559  8.176 0.0000000000
89746  50.942  -6.683  8.080 0.0000000000
89758  50.280  -6.085  7.332 0.0000000000
89745  51.955  -6.888  8.013 0.0000000000
86333  56.482  -8.879  11.961 0.0000000000
87426  57.444  -8.666  12.345 0.0000000000
90847  56.458  -5.395  4.463 0.0000000000
90846  57.115  -5.706  4.354 0.0000000000
90798  56.074  -5.682  7.686 0.0000000000
89740  57.212  -6.154  8.821 0.0000000000
54751  27.898  -37.232  45.481 0.0000000000
53549  28.247  -37.450  45.076 0.0000000000
54750  28.328  -37.528  45.958 0.0000000000
48461  12.543  -42.718  51.150 0.0000000000
44967  12.154  -44.499  54.256 0.0000000000
44974  11.700  -44.623  53.889 0.0000000000
85192  44.505  -11.236  15.612 0.0000000000
85179  45.651  -11.250  16.636 0.0000000000
85180  44.811  -11.077  16.474 0.0000000000
75830  42.569  -18.637  29.065 0.0000000000
75809  43.344  -18.842  29.899 0.0000000000
46128  7.186  -43.460  54.142 0.0000000000
44968  6.772  -44.220  55.272 0.0000000000
43785  6.552  -45.459  56.175 0.0000000000
56098  28.389  -35.931  34.343 0.0000000000
56097  29.442  -35.726  33.981 0.0000000000
53685  30.738  -38.060  35.941 0.0000000000
55951  22.496  -35.990  43.285 0.0000000000
55971  20.384  -36.151  42.352 0.0000000000
55953  20.922  -36.404  42.922 0.0000000000
58181  22.146  -34.157  39.492 0.0000000000
58205  22.405  -33.656  38.873 0.0000000000
58180  22.967  -33.948  39.497 0.0000000000
58179  23.639  -33.991  39.348 0.0000000000
57023  22.086  -35.498  42.128 0.0000000000
57022  23.000  -34.900  42.005 0.0000000000
57004  22.828  -35.358  42.778 0.0000000000
52174  20.489  -39.595  50.811 0.0000000000
85218  54.513  -10.221  12.854 0.0000000000
85205  54.799  -10.591  13.405 0.0000000000
84016  54.629  -11.432  14.485 0.0000000000
84015  55.587  -11.112  14.518 0.0000000000
83992  56.669  -10.847  16.114 0.0000000000
83993  55.799  -11.380  16.286 0.0000000000
83909  52.271  -11.089  19.949 0.0000000000
85093  53.021  -10.567  20.279 0.0000000000
85076  53.320  -10.468  21.289 0.0000000000
85063  54.775  -10.054  22.702 0.0000000000
79391  42.125  -15.857  18.227 0.0000000000
79390  42.900  -15.534  18.222 0.0000000000
80520  44.829  -15.250  21.064 0.0000000000
68842  35.583  -24.501  27.938 0.0000000000
69974  37.200  -24.400  29.159 0.0000000000
69911  38.770  -24.039  32.216 0.0000000000
69926  39.021  -24.203  31.017 0.0000000000
69925  40.135  -23.894  30.797 0.0000000000
69910  39.954  -24.162  31.973 0.0000000000
58270  34.864  -33.529  36.741 0.0000000000
59443  35.210  -32.813  36.095 0.0000000000
58269  35.688  -33.111  37.091 0.0000000000
59419  36.949  -32.689  37.455 0.0000000000
60575  38.107  -32.318  37.773 0.0000000000
60589  38.018  -31.818  37.171 0.0000000000
60574  38.639  -32.017  38.039 0.0000000000
87438  48.576  -8.743  10.843 0.0000000000
88570  48.539  -7.962  9.775 0.0000000000
86352  50.685  -9.298  10.564 0.0000000000
87454  50.261  -8.669  10.151 0.0000000000
87453  51.177  -8.883  10.066 0.0000000000
85233  53.531  -10.564  11.963 0.0000000000
85232  54.217  -10.307  12.278 0.0000000000
86324  54.679  -10.053  12.297 0.0000000000
90862  53.859  -5.366  3.550 0.0000000000
90830  56.223  -5.307  5.470 0.0000000000
54866  28.096  -37.015  39.675 0.0000000000
53643  28.640  -37.774  39.758 0.0000000000
53610  29.698  -38.307  42.213 0.0000000000
53624  29.619  -38.634  41.440 0.0000000000
53609  30.081  -38.860  41.926 0.0000000000
52313  30.317  -39.773  42.383 0.0000000000
52301  30.335  -39.233  42.510 0.0000000000
50939  16.108  -40.577  50.198 0.0000000000
50925  16.484  -40.403  50.935 0.0000000000
50926  15.780  -40.499  50.957 0.0000000000
49682  14.811  -40.938  53.029 0.0000000000
49659  15.011  -41.697  53.309 0.0000000000
49660  14.944  -42.095  52.993 0.0000000000
48451  13.039  -42.343  52.016 0.0000000000
48442  13.522  -42.628  52.285 0.0000000000
47263  13.390  -43.339  52.544 0.0000000000
84042  49.839  -11.299  12.784 0.0000000000
82886  50.372  -11.957  13.610 0.0000000000
82887  49.732  -12.162  13.666 0.0000000000
82866  49.477  -12.944  14.977 0.0000000000
82865  50.071  -12.874  15.120 0.0000000000
81771  50.265  -13.252  16.106 0.0000000000
82854  51.054  -12.784  16.615 0.0000000000
81761  50.358  -12.924  16.451 0.0000000000
82881  46.178  -12.803  15.016 0.0000000000
82880  47.126  -12.927  14.872 0.0000000000
82868  46.826  -12.553  15.853 0.0000000000
85175  49.169  -10.902  17.352 0.0000000000
82856  48.948  -12.223  16.654 0.0000000000
83997  49.390  -11.277  16.977 0.0000000000
82833  50.256  -11.705  17.231 0.0000000000
83949  50.507  -10.929  18.011 0.0000000000
85137  51.395  -10.992  18.665 0.0000000000
85138  50.596  -10.927  18.511 0.0000000000
83930  50.898  -11.712  19.486 0.0000000000
82784  50.896  -12.249  20.490 0.0000000000
82765  51.153  -12.046  21.184 0.0000000000
75916  43.617  -18.900  23.126 0.0000000000
77105  44.121  -18.081  23.230 0.0000000000
75905  44.249  -18.969  23.940 0.0000000000
75868  45.425  -18.486  26.325 0.0000000000
77047  45.938  -17.745  27.443 0.0000000000
74609  44.569  -19.134  30.534 0.0000000000
74630  45.038  -19.601  29.663 0.0000000000
74608  45.499  -19.280  30.313 0.0000000000
75787  46.772  -18.601  30.538 0.0000000000
75806  47.303  -18.070  30.207 0.0000000000
77016  46.615  -17.285  29.241 0.0000000000
76998  48.152  -16.845  30.640 0.0000000000
69901  34.921  -24.999  32.881 0.0000000000
69900  35.714  -25.299  32.807 0.0000000000
68788  35.978  -25.672  33.027 0.0000000000
87440  47.071  -8.633  11.059 0.0000000000
87439  47.873  -8.685  10.962 0.0000000000
86342  47.509  -9.147  11.459 0.0000000000
84044  48.170  -10.914  12.558 0.0000000000
84043  48.910  -11.141  12.606 0.0000000000
85223  49.661  -10.709  12.195 0.0000000000
93897  50.800  -2.172  3.186 0.0000000000
45008  9.444  -44.851  50.348 0.0000000000
43823  9.625  -45.663  51.139 0.0000000000
42614  8.067  -46.958  53.178 0.0000000000
42621  8.706  -46.462  52.617 0.0000000000
41350  8.743  -47.470  54.368 0.0000000000
43801  7.114  -45.480  54.174 0.0000000000
43809  7.429  -45.516  53.299 0.0000000000
42607  6.947  -46.511  54.564 0.0000000000
78251  42.001  -17.534  18.858 0.0000000000
78252  41.269  -17.296  18.727 0.0000000000
77133  40.173  -18.557  20.701 0.0000000000
77146  39.828  -18.053  20.286 0.0000000000
77145  40.477  -18.121  20.498 0.0000000000
78228  40.876  -18.012  20.505 0.0000000000
77118  41.319  -18.623  21.384 0.0000000000
77117  42.147  -18.557  21.343 0.0000000000
75930  41.612  -19.131  21.757 0.0000000000
73613  40.957  -20.543  22.473 0.0000000000
73612  41.545  -20.219  22.410 0.0000000000
73598  41.876  -20.482  23.080 0.0000000000
73582  42.815  -20.525  23.910 0.0000000000
73583  41.681  -21.110  24.310 0.0000000000
73615  38.486  -21.322  22.208 0.0000000000
73614  39.753  -21.213  22.333 0.0000000000
72415  39.269  -21.766  23.364 0.0000000000
73568  40.115  -20.902  25.823 0.0000000000
73584  40.535  -21.489  24.685 0.0000000000
73531  41.401  -20.236  27.728 0.0000000000
77067  40.776  -18.332  27.269 0.0000000000
75851  41.391  -18.301  28.044 0.0000000000
77032  41.278  -17.880  28.572 0.0000000000
78123  41.508  -17.424  29.872 0.0000000000
78124  41.068  -17.391  29.713 0.0000000000
58355  32.224  -32.714  32.693 0.0000000000
56096  30.603  -35.637  34.166 0.0000000000
57184  30.971  -34.877  33.865 0.0000000000
56095  31.219  -35.278  34.329 0.0000000000
57167  32.874  -34.634  35.776 0.0000000000
57168  32.154  -34.980  35.170 0.0000000000
58292  33.127  -33.866  35.165 0.0000000000
57166  33.532  -34.306  36.333 0.0000000000
58271  33.975  -33.945  36.513 0.0000000000
57150  33.885  -34.518  36.978 0.0000000000
56051  34.533  -35.123  38.080 0.0000000000
56041  35.000  -35.603  38.721 0.0000000000
56040  35.583  -35.419  39.272 0.0000000000
56031  35.276  -35.901  39.335 0.0000000000
52369  29.874  -38.856  38.880 0.0000000000
53651  29.936  -38.766  38.317 0.0000000000
49883  31.826  -40.536  39.257 0.0000000000
51138  31.427  -39.878  38.567 0.0000000000
49896  32.267  -40.105  38.795 0.0000000000
51137  32.583  -39.534  38.418 0.0000000000
51116  32.902  -39.645  38.891 0.0000000000
49859  35.556  -40.247  41.071 0.0000000000
49860  34.698  -40.327  40.358 0.0000000000
49880  34.314  -39.880  39.903 0.0000000000
51114  34.223  -39.489  39.429 0.0000000000
51092  34.703  -39.325  39.990 0.0000000000
52326  35.119  -38.438  40.252 0.0000000000
53622  36.008  -37.626  41.313 0.0000000000
54832  36.466  -36.741  41.562 0.0000000000
54691  26.557  -36.948  48.651 0.0000000000
54709  26.111  -36.828  48.130 0.0000000000
54712  23.824  -37.398  48.422 0.0000000000
53529  23.431  -37.620  47.884 0.0000000000
54772  22.244  -36.648  44.669 0.0000000000
54755  22.960  -36.660  45.452 0.0000000000
54756  21.947  -37.290  45.516 0.0000000000
53541  20.928  -38.309  46.712 0.0000000000
53531  21.859  -38.409  47.595 0.0000000000
52193  21.382  -38.739  48.154 0.0000000000
52207  20.785  -38.688  47.551 0.0000000000
52223  19.448  -38.885  46.824 0.0000000000
52208  19.895  -38.905  47.632 0.0000000000
50968  18.831  -39.751  48.784 0.0000000000
54815  17.459  -36.923  41.990 0.0000000000
54814  18.604  -36.729  42.218 0.0000000000
54795  16.040  -37.358  42.248 0.0000000000
53595  15.963  -37.868  42.994 0.0000000000
53554  17.636  -38.364  45.160 0.0000000000
52241  17.249  -38.827  45.626 0.0000000000
52211  16.907  -39.017  47.074 0.0000000000
50985  17.229  -39.691  47.685 0.0000000000
49745  12.898  -41.172  47.001 0.0000000000
49761  13.181  -40.705  46.704 0.0000000000
49732  12.743  -41.004  47.903 0.0000000000
48493  12.311  -41.690  48.221 0.0000000000
47326  11.115  -42.783  48.444 0.0000000000
48494  11.817  -42.357  48.683 0.0000000000
46174  11.111  -43.317  48.976 0.0000000000
46176  10.063  -43.048  48.928 0.0000000000
46167  9.422  -43.219  49.353 0.0000000000
46168  8.778  -43.015  49.812 0.0000000000
56100  26.558  -35.640  34.993 0.0000000000
56083  27.053  -36.229  35.554 0.0000000000
54920  27.550  -36.718  35.856 0.0000000000
56068  26.558  -36.187  36.057 0.0000000000
58277  24.611  -33.968  35.995 0.0000000000
57170  25.019  -34.339  35.558 0.0000000000
57153  24.769  -34.384  36.299 0.0000000000
56045  25.717  -35.485  38.179 0.0000000000
56054  26.078  -35.957  37.486 0.0000000000
54891  26.558  -36.417  37.479 0.0000000000
54878  26.790  -36.462  38.087 0.0000000000
54877  27.140  -36.753  38.475 0.0000000000
56032  26.867  -36.418  39.020 0.0000000000
56013  26.247  -35.808  40.343 0.0000000000
54858  26.772  -36.226  40.555 0.0000000000
54836  26.883  -36.345  41.514 0.0000000000
57020  24.600  -35.154  41.355 0.0000000000
55947  26.378  -36.386  43.385 0.0000000000
55926  26.615  -36.634  44.353 0.0000000000
54741  25.661  -36.542  46.320 0.0000000000
54724  27.272  -36.959  47.349 0.0000000000
53487  26.027  -37.465  49.475 0.0000000000
50903  16.799  -40.454  52.422 0.0000000000
50902  17.547  -40.422  52.603 0.0000000000
50879  16.752  -40.435  53.228 0.0000000000
42593  10.753  -46.214  55.908 0.0000000000
43783  11.054  -46.049  56.173 0.0000000000
43782  11.498  -46.011  55.655 0.0000000000
42592  11.398  -47.150  55.551 0.0000000000
85197  57.222  -9.982  14.795 0.0000000000
83991  58.768  -11.830  17.094 0.0000000000
82876  51.866  -12.418  14.605 0.0000000000
82875  52.754  -12.241  14.575 0.0000000000
82852  53.190  -12.561  16.058 0.0000000000
83970  54.422  -11.751  17.448 0.0000000000
85155  56.112  -11.100  17.836 0.0000000000
85133  55.924  -10.613  18.814 0.0000000000
85110  57.354  -10.785  20.390 0.0000000000
83927  57.705  -11.424  19.701 0.0000000000
83979  43.746  -11.617  17.210 0.0000000000
83978  44.850  -11.649  17.511 0.0000000000
83955  45.014  -11.886  17.829 0.0000000000
80567  43.917  -15.157  18.099 0.0000000000
80584  44.607  -14.546  17.676 0.0000000000
80566  44.797  -15.076  18.347 0.0000000000
80563  47.106  -14.095  19.408 0.0000000000
80582  46.092  -14.349  18.184 0.0000000000
81728  48.504  -13.285  19.050 0.0000000000
81715  48.296  -13.432  19.631 0.0000000000
82768  48.621  -12.718  21.865 0.0000000000
82753  50.043  -12.188  22.139 0.0000000000
77104  44.586  -17.639  23.740 0.0000000000
78197  44.275  -16.985  23.262 0.0000000000
78181  45.090  -17.021  23.856 0.0000000000
79276  46.385  -15.627  25.339 0.0000000000
79296  45.394  -15.813  24.130 0.0000000000
79295  46.047  -15.166  24.556 0.0000000000
80486  45.997  -14.165  23.710 0.0000000000
80477  46.638  -14.464  24.548 0.0000000000
81624  48.295  -13.214  26.261 0.0000000000
81610  47.859  -13.692  26.597 0.0000000000
81625  47.855  -13.479  25.615 0.0000000000
81641  47.521  -13.466  24.685 0.0000000000
82724  47.943  -12.891  25.016 0.0000000000
82736  47.821  -12.827  24.272 0.0000000000
82735  48.535  -12.565  24.698 0.0000000000
74701  36.405  -20.580  25.894 0.0000000000
74722  37.086  -19.779  25.790 0.0000000000
74700  37.078  -19.896  26.405 0.0000000000
69994  38.307  -23.328  28.339 0.0000000000
71128  37.739  -22.868  27.798 0.0000000000
71127  38.411  -22.557  28.186 0.0000000000
73465  39.188  -21.023  29.616 0.0000000000
73485  38.261  -21.265  28.722 0.0000000000
74659  38.245  -19.790  28.711 0.0000000000
75835  37.662  -19.368  27.953 0.0000000000
75834  38.181  -18.796  28.276 0.0000000000
77035  38.894  -18.079  28.044 0.0000000000
74632  39.250  -19.197  29.378 0.0000000000
73438  41.375  -20.289  31.529 0.0000000000
74595  40.500  -19.458  30.988 0.0000000000
74582  41.446  -19.463  31.957 0.0000000000
75772  41.369  -18.350  31.469 0.0000000000
60620  36.016  -31.541  35.309 0.0000000000
60635  35.429  -31.507  34.588 0.0000000000
61798  36.132  -30.990  34.751 0.0000000000
64039  37.422  -29.193  34.306 0.0000000000
62888  36.781  -29.723  34.053 0.0000000000
62908  36.638  -29.068  33.427 0.0000000000
65187  36.638  -27.765  33.169 0.0000000000
65173  37.101  -27.324  33.567 0.0000000000
65148  37.907  -26.865  35.032 0.0000000000
66391  37.584  -26.544  34.439 0.0000000000
67595  37.613  -26.231  34.842 0.0000000000
68771  37.442  -25.994  34.340 0.0000000000
67585  37.778  -26.203  35.611 0.0000000000
58138  39.282  -34.071  42.098 0.0000000000
58154  39.090  -33.542  41.051 0.0000000000
59353  39.778  -33.234  41.633 0.0000000000
60545  40.354  -31.811  40.220 0.0000000000
59364  40.235  -32.336  40.888 0.0000000000
60572  40.318  -31.070  38.623 0.0000000000
61741  40.506  -30.665  38.866 0.0000000000
65123  39.813  -27.553  39.099 0.0000000000
63973  40.242  -28.904  39.531 0.0000000000
63974  39.732  -28.399  38.850 0.0000000000
62821  39.925  -28.768  38.348 0.0000000000
63984  39.634  -28.158  37.826 0.0000000000
63985  39.386  -27.745  37.107 0.0000000000
65131  39.466  -27.325  37.410 0.0000000000
68739  39.647  -25.985  36.660 0.0000000000
68740  38.987  -26.002  36.386 0.0000000000
68755  39.066  -25.616  36.203 0.0000000000
68768  38.553  -25.465  35.830 0.0000000000
69883  38.605  -24.926  34.242 0.0000000000
69867  39.564  -24.955  35.159 0.0000000000
69850  41.444  -24.655  36.000 0.0000000000
69866  40.499  -24.417  35.147 0.0000000000
69809  42.426  -24.942  38.877 0.0000000000
69808  43.201  -24.578  39.310 0.0000000000
69829  43.393  -24.189  37.177 0.0000000000
69848  43.838  -23.412  35.994 0.0000000000
69863  43.505  -23.043  34.702 0.0000000000
71020  43.492  -22.637  33.731 0.0000000000
71019  43.697  -22.270  34.355 0.0000000000
89734  48.091  -6.514  8.761 0.0000000000
89748  48.684  -6.423  8.361 0.0000000000
90835  50.829  -5.387  5.648 0.0000000000
91843  50.449  -4.686  5.227 0.0000000000
89772  52.846  -6.421  6.745 0.0000000000
89755  53.458  -6.610  7.460 0.0000000000
89754  54.563  -6.306  7.563 0.0000000000
87471  52.730  -8.477  9.525 0.0000000000
88583  53.226  -7.885  9.078 0.0000000000
87470  53.910  -8.419  9.626 0.0000000000
87469  55.050  -8.047  9.844 0.0000000000
88569  55.908  -7.494  10.168 0.0000000000
88580  56.391  -6.845  9.883 0.0000000000
89725  57.299  -6.843  10.328 0.0000000000
87433  58.367  -8.146  11.356 0.0000000000
91900  54.708  -4.402  1.595 0.0000000000
90811  56.842  -5.601  6.327 0.0000000000
53527  28.445  -37.679  47.338 0.0000000000
47301  11.803  -43.339  50.014 0.0000000000
47291  12.059  -43.360  50.933 0.0000000000
46148  11.726  -44.005  51.497 0.0000000000
78121  42.747  -17.412  30.391 0.0000000000
77001  43.239  -17.880  30.461 0.0000000000
54918  29.513  -37.150  35.456 0.0000000000
54903  29.384  -37.531  35.916 0.0000000000
53668  30.167  -38.558  37.405 0.0000000000
55969  21.967  -35.833  42.815 0.0000000000
58182  21.642  -34.304  39.433 0.0000000000
50950  19.736  -39.799  50.221 0.0000000000
50935  19.578  -39.771  50.930 0.0000000000
50922  18.967  -39.903  51.456 0.0000000000
50911  19.147  -39.942  52.292 0.0000000000
85206  53.926  -10.742  13.286 0.0000000000
84007  54.199  -11.760  14.948 0.0000000000
85052  53.554  -10.789  23.158 0.0000000000
79363  43.025  -17.293  19.279 0.0000000000
79362  43.685  -15.986  19.530 0.0000000000
79330  44.211  -16.271  21.512 0.0000000000
69950  35.910  -24.448  30.539 0.0000000000
58222  36.054  -34.065  38.792 0.0000000000
58221  36.946  -33.464  38.606 0.0000000000
58220  37.680  -33.333  38.838 0.0000000000
59380  38.018  -33.241  39.029 0.0000000000
86339  50.089  -9.695  11.025 0.0000000000
86338  51.074  -9.879  11.133 0.0000000000
86337  52.071  -9.914  11.268 0.0000000000
85234  52.458  -10.564  11.835 0.0000000000
90833  52.681  -5.587  5.362 0.0000000000
53635  28.817  -37.911  40.748 0.0000000000
53591  29.685  -38.149  43.153 0.0000000000
50941  14.830  -40.822  50.327 0.0000000000
49702  15.255  -40.693  51.006 0.0000000000
49712  14.921  -40.811  50.708 0.0000000000
49703  14.803  -40.872  51.262 0.0000000000
49694  14.280  -41.483  52.176 0.0000000000
47255  12.950  -43.755  53.172 0.0000000000
84034  47.990  -11.601  13.082 0.0000000000
82888  48.671  -12.328  13.745 0.0000000000
82879  48.277  -13.015  14.683 0.0000000000
84009  46.323  -11.813  16.122 0.0000000000
84008  46.811  -11.926  16.376 0.0000000000
83999  47.284  -11.660  16.611 0.0000000000
85176  48.521  -10.957  17.158 0.0000000000
85139  49.785  -10.962  18.581 0.0000000000
85140  49.034  -10.981  18.365 0.0000000000
83932  49.086  -12.205  18.902 0.0000000000
74736  43.874  -19.836  24.237 0.0000000000
75888  44.302  -19.442  24.517 0.0000000000
74716  44.655  -19.611  25.617 0.0000000000
75850  45.009  -19.413  26.722 0.0000000000
74677  45.291  -19.472  28.098 0.0000000000
75770  45.676  -18.719  31.685 0.0000000000
85210  47.711  -10.990  12.707 0.0000000000
45000  8.550  -44.630  51.394 0.0000000000
43824  8.884  -45.559  51.421 0.0000000000
42622  7.957  -46.189  52.850 0.0000000000
77134  39.516  -18.597  20.551 0.0000000000
75948  40.388  -18.828  21.034 0.0000000000
75931  40.665  -19.145  21.527 0.0000000000
74779  40.421  -20.149  21.828 0.0000000000
72405  38.668  -21.881  23.848 0.0000000000
72404  39.187  -21.824  24.182 0.0000000000
73551  40.350  -20.460  26.491 0.0000000000
74698  40.809  -19.754  27.503 0.0000000000
74699  40.273  -19.960  26.955 0.0000000000
77068  40.155  -18.520  27.017 0.0000000000
77050  40.317  -18.037  27.621 0.0000000000
58339  31.139  -33.666  32.938 0.0000000000
56067  31.999  -36.249  35.756 0.0000000000
56066  32.680  -35.800  36.376 0.0000000000
56065  33.247  -35.320  36.983 0.0000000000
56052  33.789  -35.587  37.603 0.0000000000
54874  34.516  -36.534  38.595 0.0000000000
51094  30.521  -40.240  40.581 0.0000000000
51118  30.486  -39.928  39.565 0.0000000000
51093  31.037  -40.472  40.293 0.0000000000
49863  31.502  -40.817  40.224 0.0000000000
48623  32.319  -41.255  40.303 0.0000000000
52325  35.629  -38.439  41.034 0.0000000000
54726  25.451  -36.681  47.310 0.0000000000
54742  24.762  -36.482  46.505 0.0000000000
54757  20.865  -37.491  45.153 0.0000000000
52224  18.565  -38.897  46.519 0.0000000000
53575  15.536  -38.296  43.930 0.0000000000
52212  16.376  -39.373  46.625 0.0000000000
58230  23.851  -33.949  37.545 0.0000000000
57138  24.478  -34.471  37.052 0.0000000000
57137  24.912  -35.001  37.283 0.0000000000
57120  25.141  -35.004  38.068 0.0000000000
56034  25.861  -35.394  39.017 0.0000000000
56033  26.507  -35.936  39.365 0.0000000000
55990  25.383  -35.598  40.858 0.0000000000
55904  26.216  -36.369  45.004 0.0000000000
55905  25.486  -36.083  45.252 0.0000000000
42606  9.637  -47.066  54.283 0.0000000000
42605  10.408  -46.325  54.381 0.0000000000
42594  10.375  -46.896  55.778 0.0000000000
85187  58.048  -10.746  16.043 0.0000000000
85172  58.408  -11.473  17.446 0.0000000000
82813  58.473  -12.304  18.144 0.0000000000
82799  58.166  -12.077  18.700 0.0000000000
82853  52.143  -12.839  16.319 0.0000000000
86252  56.129  -9.705  22.517 0.0000000000
85090  56.350  -10.007  21.021 0.0000000000
80548  45.658  -14.767  19.566 0.0000000000
80565  45.601  -14.790  18.651 0.0000000000
80547  46.570  -14.191  20.020 0.0000000000
81716  47.411  -13.807  19.884 0.0000000000
81697  47.965  -13.465  20.288 0.0000000000
81698  47.453  -13.508  21.042 0.0000000000
82755  48.312  -12.830  22.775 0.0000000000
78165  45.929  -16.850  25.685 0.0000000000
80445  46.965  -14.974  26.274 0.0000000000
82722  49.321  -12.395  26.129 0.0000000000
73552  35.628  -21.438  25.681 0.0000000000
73534  36.344  -21.257  26.473 0.0000000000
69971  39.546  -22.762  29.168 0.0000000000
71104  39.181  -22.335  28.863 0.0000000000
71103  39.816  -22.276  29.258 0.0000000000
72345  39.962  -21.678  29.499 0.0000000000
72327  40.316  -21.289  30.070 0.0000000000
73464  39.508  -20.509  30.018 0.0000000000
72313  40.731  -20.989  30.552 0.0000000000
73450  41.650  -20.896  31.208 0.0000000000
72295  42.408  -21.328  32.062 0.0000000000
61783  37.195  -31.031  35.699 0.0000000000
61797  36.838  -30.771  35.079 0.0000000000
61796  37.531  -30.591  35.298 0.0000000000
62874  37.560  -29.767  34.802 0.0000000000
64022  38.126  -28.369  34.616 0.0000000000
64023  37.712  -27.807  33.926 0.0000000000
64009  38.676  -27.649  35.091 0.0000000000
65147  38.212  -27.210  35.683 0.0000000000
59339  40.264  -32.697  42.205 0.0000000000
60533  40.472  -31.898  41.570 0.0000000000
61711  40.580  -30.734  40.960 0.0000000000
66354  40.020  -26.876  38.383 0.0000000000
66355  39.778  -26.846  37.561 0.0000000000
67561  40.209  -26.443  37.671 0.0000000000
68728  40.132  -26.154  37.171 0.0000000000
69833  40.157  -25.619  36.637 0.0000000000
69832  40.575  -25.478  36.775 0.0000000000
69831  41.341  -25.157  36.868 0.0000000000
69830  42.207  -24.687  37.077 0.0000000000
88605  49.593  -7.149  8.776 0.0000000000
89774  50.856  -5.993  6.743 0.0000000000
89773  51.796  -6.254  6.742 0.0000000000
89744  53.014  -6.877  8.059 0.0000000000
87437  54.805  -9.294  10.946 0.0000000000
87436  55.400  -8.922  11.111 0.0000000000
87448  56.485  -7.815  10.852 0.0000000000
88560  57.263  -7.592  11.084 0.0000000000
91868  55.658  -5.029  3.206 0.0000000000
91867  56.124  -4.896  3.002 0.0000000000
90859  56.686  -5.379  3.371 0.0000000000
90797  56.943  -5.536  7.267 0.0000000000
90789  57.493  -5.694  7.717 0.0000000000
88597  58.124  -7.077  8.292 0.0000000000
54787  27.985  -36.937  43.751 0.0000000000
54786  28.526  -37.348  43.991 0.0000000000
54768  28.492  -37.447  44.471 0.0000000000
53547  29.514  -37.982  45.108 0.0000000000
53538  28.717  -37.754  46.430 0.0000000000
49715  13.089  -41.440  49.838 0.0000000000
48452  12.702  -42.664  51.731 0.0000000000
47281  12.580  -42.968  52.013 0.0000000000
47273  12.298  -43.472  52.422 0.0000000000
47264  12.650  -43.721  52.803 0.0000000000
46126  12.385  -44.126  53.543 0.0000000000
43790  12.660  -45.455  54.636 0.0000000000
82883  44.927  -12.453  15.069 0.0000000000
84010  45.578  -11.831  15.767 0.0000000000
85190  45.889  -11.482  16.255 0.0000000000
85161  46.075  -11.181  17.212 0.0000000000
73505  43.788  -20.474  28.006 0.0000000000
74631  44.124  -19.539  29.753 0.0000000000
77000  43.896  -17.619  30.962 0.0000000000
75788  44.348  -18.402  31.137 0.0000000000
75771  44.850  -18.523  31.697 0.0000000000
44983  7.673  -44.053  53.195 0.0000000000
43793  7.026  -45.089  55.049 0.0000000000
43794  6.808  -45.672  55.439 0.0000000000
72400  38.153  -21.600  24.346 0.0000000000
74738  38.169  -20.329  25.507 0.0000000000
54917  30.557  -37.086  35.306 0.0000000000
54902  31.505  -37.099  35.591 0.0000000000
52393  32.801  -38.707  37.758 0.0000000000
55930  22.978  -36.274  44.297 0.0000000000
54789  21.636  -36.625  44.021 0.0000000000
55952  21.634  -36.291  43.290 0.0000000000
54774  20.225  -37.372  44.411 0.0000000000
53576  14.982  -38.643  43.779 0.0000000000
52268  14.414  -38.927  43.930 0.0000000000
52245  14.067  -39.373  44.453 0.0000000000
51036  13.639  -39.490  44.499 0.0000000000
58204  23.159  -33.586  38.677 0.0000000000
57040  25.004  -34.842  40.388 0.0000000000
57021  23.835  -34.836  41.743 0.0000000000
86314  55.901  -9.707  13.108 0.0000000000
86313  56.730  -9.517  13.473 0.0000000000
85198  56.429  -10.475  14.621 0.0000000000
84026  55.091  -11.111  13.845 0.0000000000
84004  56.741  -10.616  15.617 0.0000000000
85174  57.351  -10.849  16.607 0.0000000000
85136  52.261  -10.969  18.799 0.0000000000
85135  53.271  -10.890  18.882 0.0000000000
85092  54.098  -10.305  20.588 0.0000000000
85074  55.621  -9.764  22.011 0.0000000000
80568  43.199  -14.998  17.828 0.0000000000
80550  44.178  -15.471  18.900 0.0000000000
80535  44.331  -15.488  19.568 0.0000000000
80519  45.563  -14.499  21.575 0.0000000000
81666  45.845  -14.045  22.460 0.0000000000
79225  47.153  -16.034  29.065 0.0000000000
79235  46.961  -15.879  28.383 0.0000000000
70011  36.036  -23.934  27.203 0.0000000000
70010  36.618  -23.885  27.673 0.0000000000
69995  37.345  -23.830  28.149 0.0000000000
69948  38.039  -24.024  30.126 0.0000000000
58313  34.275  -32.897  35.392 0.0000000000
59491  34.585  -32.326  34.701 0.0000000000
59469  34.919  -32.571  35.507 0.0000000000
59468  35.653  -32.296  35.734 0.0000000000
60606  36.322  -31.951  35.907 0.0000000000
59420  36.074  -32.901  37.260 0.0000000000
59441  36.891  -32.380  36.767 0.0000000000
60605  37.159  -31.773  36.309 0.0000000000
60604  37.887  -31.417  36.439 0.0000000000
61768  38.924  -30.897  36.965 0.0000000000
88587  49.254  -7.677  9.438 0.0000000000
87474  49.949  -8.109  9.813 0.0000000000
88586  50.214  -7.658  9.298 0.0000000000
88585  51.138  -7.733  9.180 0.0000000000
87451  53.333  -9.096  10.061 0.0000000000
86350  52.684  -9.600  10.615 0.0000000000
86349  53.837  -9.587  10.701 0.0000000000
86348  54.475  -9.429  10.863 0.0000000000
86323  55.324  -9.739  12.485 0.0000000000
91901  53.693  -4.318  1.624 0.0000000000
91883  54.064  -4.882  2.197 0.0000000000
90876  52.903  -4.894  2.808 0.0000000000
90874  54.359  -5.114  2.934 0.0000000000
90829  56.849  -5.683  5.301 0.0000000000
90812  56.062  -5.403  6.517 0.0000000000
53670  28.233  -37.699  37.849 0.0000000000
53669  29.122  -37.966  37.699 0.0000000000
53653  28.579  -37.614  38.752 0.0000000000
52346  29.460  -38.794  39.626 0.0000000000
52328  29.502  -39.131  40.224 0.0000000000
53634  29.244  -38.597  40.664 0.0000000000
52327  29.833  -39.587  40.524 0.0000000000
52314  30.041  -39.700  41.598 0.0000000000
51075  30.392  -40.251  41.915 0.0000000000
53592  29.134  -37.651  43.576 0.0000000000
53567  30.197  -38.529  43.614 0.0000000000
52284  30.641  -38.966  43.368 0.0000000000
50924  17.282  -40.427  51.025 0.0000000000
50914  16.718  -40.475  51.670 0.0000000000
50889  16.182  -40.415  52.849 0.0000000000
49692  15.481  -40.626  51.689 0.0000000000
49668  15.842  -40.728  53.414 0.0000000000
49658  15.660  -41.242  53.564 0.0000000000
48459  13.668  -41.881  51.923 0.0000000000
48450  13.883  -41.919  52.231 0.0000000000
48429  14.234  -42.345  52.668 0.0000000000
47254  13.576  -43.515  53.023 0.0000000000
48417  14.357  -42.688  52.751 0.0000000000
84030  51.832  -11.447  13.568 0.0000000000
84031  50.896  -11.546  13.460 0.0000000000
84020  51.521  -11.919  13.957 0.0000000000
82890  46.469  -12.435  14.372 0.0000000000
81773  48.398  -13.214  15.586 0.0000000000
82857  47.849  -12.399  16.318 0.0000000000
81762  49.556  -12.922  16.416 0.0000000000
83973  51.288  -11.618  17.708 0.0000000000
83947  51.794  -11.340  18.303 0.0000000000
85116  51.838  -10.938  19.152 0.0000000000
85118  50.382  -11.083  19.036 0.0000000000
83894  51.779  -11.678  21.306 0.0000000000
83882  51.825  -11.515  22.356 0.0000000000
83871  51.776  -11.401  23.411 0.0000000000
78199  43.569  -18.006  21.726 0.0000000000
77093  44.915  -17.926  24.472 0.0000000000
75887  44.791  -19.027  24.845 0.0000000000
77081  45.177  -18.269  25.278 0.0000000000
77080  45.534  -17.688  25.477 0.0000000000
77065  45.700  -17.846  26.363 0.0000000000
78147  46.362  -17.020  27.386 0.0000000000
74654  45.391  -19.475  28.870 0.0000000000
75829  45.791  -18.612  28.409 0.0000000000
74591  46.061  -19.079  30.932 0.0000000000
74628  46.169  -18.696  29.593 0.0000000000
75828  46.168  -17.886  28.923 0.0000000000
78134  46.716  -16.554  28.801 0.0000000000
78119  47.572  -16.745  29.955 0.0000000000
69914  35.587  -24.674  32.325 0.0000000000
69899  36.671  -25.061  33.062 0.0000000000
57014  37.848  -35.450  42.287 0.0000000000
57030  37.944  -34.739  41.408 0.0000000000
58123  38.915  -34.511  42.799 0.0000000000
86325  47.969  -9.747  11.783 0.0000000000
85238  48.691  -9.724  11.519 0.0000000000
85237  49.422  -10.077  11.505 0.0000000000
92873  51.134  -3.596  3.207 0.0000000000
92874  50.628  -3.593  3.718 0.0000000000
45007  10.405  -44.758  50.262 0.0000000000
44998  10.741  -45.028  50.780 0.0000000000
43822  10.351  -45.480  51.100 0.0000000000
42620  9.524  -46.428  52.663 0.0000000000
41343  9.170  -47.314  55.158 0.0000000000
42615  7.325  -46.439  53.508 0.0000000000
41359  7.529  -47.242  53.839 0.0000000000
41351  7.882  -47.495  54.546 0.0000000000
40073  8.377  -48.088  55.739 0.0000000000
79374  42.059  -16.992  18.601 0.0000000000
79364  42.370  -17.540  18.952 0.0000000000
78238  42.821  -17.732  19.750 0.0000000000
78227  41.542  -17.984  20.489 0.0000000000
78216  42.168  -18.150  20.870 0.0000000000
77116  43.071  -18.572  21.684 0.0000000000
75917  43.122  -19.052  22.380 0.0000000000
74756  43.022  -19.685  23.185 0.0000000000
74777  42.007  -19.804  22.279 0.0000000000
74757  42.460  -19.983  22.816 0.0000000000
74737  43.412  -20.021  23.782 0.0000000000
73565  43.432  -20.399  24.750 0.0000000000
73632  39.476  -20.777  21.790 0.0000000000
73549  42.274  -20.880  26.395 0.0000000000
73506  42.724  -20.462  28.189 0.0000000000
74657  42.272  -19.720  28.674 0.0000000000
74679  41.278  -19.597  27.967 0.0000000000
75831  41.769  -18.677  28.341 0.0000000000
77030  42.454  -17.921  29.103 0.0000000000
77018  42.076  -17.724  29.430 0.0000000000
78109  41.569  -17.227  30.445 0.0000000000
76967  41.765  -17.517  31.586 0.0000000000
59512  32.942  -32.400  32.816 0.0000000000
58336  33.366  -32.949  34.019 0.0000000000
57205  31.454  -34.179  33.481 0.0000000000
58316  32.109  -33.766  33.773 0.0000000000
58315  32.746  -33.646  34.386 0.0000000000
58314  33.681  -33.116  34.817 0.0000000000
58251  35.020  -33.854  37.428 0.0000000000
57136  34.304  -34.716  37.583 0.0000000000
57135  34.963  -34.343  37.837 0.0000000000
57134  35.581  -34.346  38.288 0.0000000000
57115  35.663  -34.800  38.903 0.0000000000
57090  36.078  -34.948  39.712 0.0000000000
57058  36.789  -35.192  40.399 0.0000000000
52395  31.023  -38.941  37.507 0.0000000000
51139  30.595  -39.611  38.929 0.0000000000
52367  31.293  -39.349  37.878 0.0000000000
52394  31.844  -39.014  37.376 0.0000000000
52366  33.074  -38.990  38.310 0.0000000000
48641  32.968  -41.093  39.677 0.0000000000
49861  34.170  -40.985  40.151 0.0000000000
51115  33.511  -39.506  39.061 0.0000000000
52344  34.105  -39.048  38.961 0.0000000000
52365  33.733  -38.527  38.433 0.0000000000
52364  34.386  -37.959  38.724 0.0000000000
53641  34.638  -37.291  39.110 0.0000000000
54855  34.922  -36.783  39.685 0.0000000000
53631  35.375  -37.573  40.702 0.0000000000
54854  35.456  -36.653  40.258 0.0000000000
54853  36.117  -36.532  40.758 0.0000000000
56011  36.618  -36.024  40.879 0.0000000000
57032  37.031  -35.602  40.961 0.0000000000
53518  27.567  -37.416  48.292 0.0000000000
54692  26.091  -36.910  49.005 0.0000000000
54679  25.716  -37.107  49.262 0.0000000000
53504  24.791  -37.410  49.201 0.0000000000
54695  23.999  -37.390  48.982 0.0000000000
53506  23.533  -37.741  49.133 0.0000000000
53507  22.785  -38.587  49.328 0.0000000000
54754  23.529  -36.472  45.680 0.0000000000
54745  22.196  -37.591  46.105 0.0000000000
53539  22.701  -37.695  46.864 0.0000000000
54729  23.012  -37.578  47.019 0.0000000000
53530  22.843  -37.810  47.503 0.0000000000
53520  22.674  -38.066  48.440 0.0000000000
53508  22.217  -38.812  49.101 0.0000000000
52183  21.582  -38.937  49.165 0.0000000000
50967  19.338  -39.693  48.946 0.0000000000
56015  19.964  -35.793  40.789 0.0000000000
55993  19.430  -36.114  41.125 0.0000000000
55972  19.479  -36.187  41.938 0.0000000000
54813  19.595  -36.656  42.654 0.0000000000
54775  19.163  -37.435  43.920 0.0000000000
53593  17.944  -37.543  43.559 0.0000000000
52225  17.547  -38.900  46.457 0.0000000000
52210  17.937  -39.361  47.342 0.0000000000
52197  18.044  -39.777  47.837 0.0000000000
50969  17.866  -39.861  48.410 0.0000000000
50953  17.339  -39.929  49.384 0.0000000000
50954  16.418  -40.271  49.361 0.0000000000
50955  15.574  -40.695  49.413 0.0000000000
50956  14.670  -40.834  49.698 0.0000000000
50957  14.115  -40.883  49.505 0.0000000000
49722  13.612  -40.976  49.419 0.0000000000
49731  13.418  -40.774  48.448 0.0000000000
48479  12.069  -42.584  49.657 0.0000000000
46165  11.072  -43.949  49.517 0.0000000000
46166  10.188  -43.748  49.245 0.0000000000
45015  10.245  -44.370  49.757 0.0000000000
45009  8.701  -44.023  50.617 0.0000000000
46158  8.535  -43.193  50.430 0.0000000000
46149  8.347  -43.386  51.226 0.0000000000
56113  28.496  -35.675  33.666 0.0000000000
57186  27.244  -35.548  34.052 0.0000000000
56099  27.434  -35.803  34.448 0.0000000000
56085  25.782  -35.420  35.808 0.0000000000
56070  25.340  -35.328  36.580 0.0000000000
56069  26.053  -35.952  36.547 0.0000000000
54889  27.665  -37.242  37.769 0.0000000000
54835  27.650  -36.829  41.667 0.0000000000
54770  27.445  -36.910  44.523 0.0000000000
54739  27.453  -37.016  46.368 0.0000000000
44990  10.818  -45.156  51.453 0.0000000000
43814  11.094  -45.206  52.539 0.0000000000
44975  11.281  -45.145  53.709 0.0000000000
43800  11.170  -45.446  54.529 0.0000000000
43799  11.691  -44.904  54.476 0.0000000000
43781  12.206  -46.226  55.255 0.0000000000
86307  57.283  -9.590  14.085 0.0000000000
84018  52.983  -11.691  14.171 0.0000000000
82874  53.266  -11.998  14.523 0.0000000000
82861  54.186  -11.936  15.334 0.0000000000
83994  54.779  -11.829  16.505 0.0000000000
85134  54.470  -10.808  18.925 0.0000000000
85112  56.180  -10.423  20.024 0.0000000000
85132  57.090  -10.413  19.085 0.0000000000
83943  58.007  -11.411  18.869 0.0000000000
83977  45.752  -11.354  17.590 0.0000000000
83953  46.555  -11.505  17.992 0.0000000000
81742  44.434  -13.696  17.379 0.0000000000
82835  45.103  -13.094  17.518 0.0000000000
80583  45.417  -14.526  17.894 0.0000000000
81740  45.872  -13.829  17.744 0.0000000000
82818  45.984  -12.791  17.750 0.0000000000
82816  48.440  -12.666  18.643 0.0000000000
82786  48.660  -13.067  20.704 0.0000000000
82785  49.929  -12.718  20.555 0.0000000000
82766  50.520  -12.288  21.493 0.0000000000
83883  50.719  -11.811  22.628 0.0000000000
78213  43.965  -16.732  22.392 0.0000000000
79314  44.480  -15.866  23.005 0.0000000000
79313  44.908  -15.278  23.454 0.0000000000
80488  44.772  -14.962  23.005 0.0000000000
80500  45.691  -14.133  23.045 0.0000000000
81665  46.312  -13.705  22.887 0.0000000000
80426  47.032  -15.200  26.896 0.0000000000
80444  47.443  -14.260  26.051 0.0000000000
80476  47.177  -13.970  24.644 0.0000000000
81664  47.081  -13.313  23.176 0.0000000000
82746  47.738  -12.952  23.438 0.0000000000
82734  49.274  -12.301  25.271 0.0000000000
82744  49.316  -12.234  24.265 0.0000000000
83873  50.152  -11.896  24.008 0.0000000000
83872  50.926  -11.609  23.772 0.0000000000
83859  51.812  -11.224  24.511 0.0000000000
74740  36.498  -20.567  24.881 0.0000000000
75892  37.756  -18.950  25.913 0.0000000000
72374  37.308  -22.125  27.452 0.0000000000
73533  37.186  -21.122  27.230 0.0000000000
72360  38.303  -21.753  28.381 0.0000000000
73510  37.840  -20.890  28.160 0.0000000000
74681  37.399  -20.107  27.030 0.0000000000
75856  37.311  -19.552  26.791 0.0000000000
75874  37.689  -18.845  26.556 0.0000000000
75873  38.380  -18.715  26.389 0.0000000000
75853  38.915  -18.507  26.902 0.0000000000
77051  39.446  -18.222  27.423 0.0000000000
77021  39.915  -17.732  29.108 0.0000000000
74612  39.735  -19.350  30.072 0.0000000000
75791  40.007  -18.395  30.069 0.0000000000
77003  40.565  -17.570  30.021 0.0000000000
76986  40.754  -17.929  30.589 0.0000000000
60636  34.797  -31.665  34.129 0.0000000000
60657  35.238  -31.159  33.934 0.0000000000
61810  36.562  -30.508  34.498 0.0000000000
62889  35.983  -30.063  33.737 0.0000000000
67613  35.730  -26.130  33.104 0.0000000000
66405  37.207  -26.787  33.784 0.0000000000
66392  36.988  -26.382  33.750 0.0000000000
67604  36.305  -26.122  33.500 0.0000000000
68781  36.660  -25.897  33.594 0.0000000000
69885  36.747  -25.556  33.474 0.0000000000
69884  37.733  -25.404  34.131 0.0000000000
58155  38.368  -34.321  41.320 0.0000000000
58171  38.453  -33.605  40.289 0.0000000000
59379  38.649  -33.108  39.501 0.0000000000
59365  39.630  -32.847  40.436 0.0000000000
59395  39.082  -32.456  38.708 0.0000000000
60573  39.741  -31.542  38.414 0.0000000000
61755  39.905  -30.995  37.953 0.0000000000
62849  40.239  -30.155  37.386 0.0000000000
63965  40.733  -28.628  40.245 0.0000000000
62807  40.620  -29.672  40.076 0.0000000000
62835  40.355  -29.890  37.746 0.0000000000
62850  40.120  -29.637  36.896 0.0000000000
63996  39.757  -28.434  36.833 0.0000000000
63997  39.183  -27.782  36.529 0.0000000000
65139  38.336  -27.039  36.311 0.0000000000
66363  39.233  -26.734  36.905 0.0000000000
67572  38.837  -26.254  36.456 0.0000000000
67584  38.165  -26.180  36.121 0.0000000000
68769  38.065  -25.534  35.478 0.0000000000
69869  38.010  -25.393  35.022 0.0000000000
69895  40.846  -23.938  32.944 0.0000000000
69894  41.985  -23.723  32.684 0.0000000000
69849  42.744  -24.414  35.935 0.0000000000
69893  42.765  -23.121  32.380 0.0000000000
71051  42.612  -22.175  32.205 0.0000000000
72280  42.914  -21.385  32.649 0.0000000000
73436  42.528  -20.539  32.425 0.0000000000
73426  43.334  -20.522  33.718 0.0000000000
73427  42.956  -20.552  33.074 0.0000000000
91858  50.743  -4.388  4.284 0.0000000000
91842  51.277  -4.900  4.791 0.0000000000
89753  55.388  -6.058  8.012 0.0000000000
88601  53.683  -7.402  8.528 0.0000000000
88600  54.782  -7.243  8.638 0.0000000000
88599  55.442  -6.907  8.783 0.0000000000
89741  56.121  -6.397  8.760 0.0000000000
89732  56.982  -6.538  9.799 0.0000000000
89724  57.776  -6.784  10.236 0.0000000000
88559  57.956  -7.499  11.128 0.0000000000
42583  11.540  -46.694  55.520 0.0000000000
42584  11.208  -46.826  55.808 0.0000000000
42585  10.848  -46.802  55.962 0.0000000000
42586  10.530  -47.183  56.010 0.0000000000
42608  6.762  -46.165  55.088 0.0000000000
42623  7.561  -45.955  53.032 0.0000000000
43773  11.577  -46.429  55.604 0.0000000000
43774  11.365  -46.480  55.796 0.0000000000
43775  11.110  -46.606  56.071 0.0000000000
43807  11.101  -45.429  52.909 0.0000000000
43829  10.203  -45.174  50.575 0.0000000000
44982  11.221  -45.303  53.311 0.0000000000
44992  7.623  -45.038  53.041 0.0000000000
45014  10.694  -44.402  49.967 0.0000000000
46120  12.832  -43.998  53.775 0.0000000000
48418  13.815  -43.115  52.651 0.0000000000
48441  13.926  -42.242  52.486 0.0000000000
48624  31.728  -41.078  40.724 0.0000000000
48642  32.502  -41.011  39.613 0.0000000000
49669  14.941  -41.259  53.562 0.0000000000
49670  14.698  -41.872  52.998 0.0000000000
49721  14.083  -40.889  49.916 0.0000000000
49845  30.865  -40.412  41.014 0.0000000000
49862  32.119  -40.933  39.622 0.0000000000
49864  31.059  -40.504  40.713 0.0000000000
49895  32.604  -39.857  38.882 0.0000000000
50888  16.758  -40.432  53.089 0.0000000000
50904  16.127  -40.445  52.167 0.0000000000
51003  13.078  -40.442  46.275 0.0000000000
51154  32.121  -39.415  37.912 0.0000000000
52185  19.644  -39.631  49.082 0.0000000000
52206  21.326  -38.631  47.645 0.0000000000
53505  24.359  -37.528  49.310 0.0000000000
53548  28.662  -37.686  45.433 0.0000000000
53550  21.895  -37.672  46.006 0.0000000000
53570  28.465  -37.516  44.812 0.0000000000
53633  29.511  -39.049  40.889 0.0000000000
53704  29.614  -37.574  35.824 0.0000000000
54680  25.537  -37.349  49.330 0.0000000000
54693  25.160  -37.014  49.075 0.0000000000
54694  24.414  -37.218  48.907 0.0000000000
54864  35.200  -36.284  39.678 0.0000000000
54921  27.137  -36.552  35.944 0.0000000000
55889  23.778  -36.358  45.763 0.0000000000
55908  23.055  -36.317  44.978 0.0000000000
55984  37.044  -35.957  41.457 0.0000000000
56012  36.080  -35.897  40.387 0.0000000000
56030  35.652  -35.763  39.826 0.0000000000
56043  26.735  -36.316  38.657 0.0000000000
56101  26.095  -35.462  35.324 0.0000000000
56114  27.970  -35.678  34.008 0.0000000000
56996  38.900  -34.648  43.197 0.0000000000
57031  37.488  -35.157  41.262 0.0000000000
57089  36.595  -34.761  39.929 0.0000000000
57152  24.930  -34.824  36.626 0.0000000000
58156  37.800  -34.625  41.131 0.0000000000
58193  38.309  -33.464  39.746 0.0000000000
58249  36.626  -33.011  38.078 0.0000000000
59366  38.969  -33.231  40.162 0.0000000000
59378  39.520  -32.515  39.433 0.0000000000
59394  39.592  -32.136  38.957 0.0000000000
59418  37.758  -32.455  37.656 0.0000000000
60546  39.943  -32.336  39.828 0.0000000000
60559  40.374  -31.331  39.161 0.0000000000
60587  39.665  -31.117  37.867 0.0000000000
61766  40.219  -30.339  37.658 0.0000000000
61767  39.887  -30.668  37.393 0.0000000000
61769  38.333  -31.101  36.517 0.0000000000
62863  37.917  -30.255  35.312 0.0000000000
62887  37.268  -29.566  34.396 0.0000000000
63966  40.085  -28.235  39.548 0.0000000000
64021  38.469  -28.888  35.182 0.0000000000
65146  38.748  -27.434  36.182 0.0000000000
65160  37.815  -27.182  34.279 0.0000000000
66339  40.742  -27.230  39.883 0.0000000000
66364  38.550  -26.651  36.418 0.0000000000
66377  37.801  -26.594  35.361 0.0000000000
67560  40.406  -26.322  38.469 0.0000000000
68719  40.759  -25.849  38.515 0.0000000000
68738  40.268  -25.871  36.984 0.0000000000
68754  39.711  -25.725  36.515 0.0000000000
68757  37.948  -25.853  35.744 0.0000000000
68770  37.688  -25.851  35.079 0.0000000000
68779  37.807  -25.586  34.819 0.0000000000
68782  35.970  -25.877  33.141 0.0000000000
68789  35.215  -25.434  32.918 0.0000000000
68796  34.496  -24.954  32.955 0.0000000000
69853  38.879  -25.394  35.882 0.0000000000
69878  43.503  -22.890  34.092 0.0000000000
69907  42.364  -22.727  31.760 0.0000000000
69923  41.926  -22.680  31.284 0.0000000000
69993  38.743  -23.005  28.382 0.0000000000
71034  43.533  -22.014  33.702 0.0000000000
71035  43.204  -22.335  33.044 0.0000000000
71067  42.301  -22.280  31.741 0.0000000000
71068  42.077  -22.073  31.367 0.0000000000
71083  40.437  -22.172  29.674 0.0000000000
71105  38.724  -22.192  28.513 0.0000000000
71126  38.871  -22.687  28.517 0.0000000000
72263  43.590  -21.345  34.090 0.0000000000
72296  42.085  -21.373  31.523 0.0000000000
72312  41.263  -21.343  30.715 0.0000000000
72326  40.858  -21.400  30.364 0.0000000000
72328  39.651  -21.216  29.685 0.0000000000
72346  39.304  -21.547  29.248 0.0000000000
72398  39.088  -21.655  24.523 0.0000000000
72399  38.773  -21.610  24.508 0.0000000000
73437  41.909  -20.581  31.889 0.0000000000
73452  40.194  -20.502  30.682 0.0000000000
73484  38.587  -20.653  29.165 0.0000000000
73507  41.901  -20.241  28.171 0.0000000000
73508  41.491  -20.004  28.144 0.0000000000
73509  38.093  -20.287  28.614 0.0000000000
73511  37.561  -21.518  27.679 0.0000000000
73532  37.511  -20.518  27.538 0.0000000000
73581  43.426  -20.260  24.154 0.0000000000
74570  42.951  -20.015  33.445 0.0000000000
74583  41.018  -19.946  31.436 0.0000000000
74593  44.726  -18.849  31.148 0.0000000000
74594  41.012  -18.927  31.388 0.0000000000
74596  39.864  -19.976  30.574 0.0000000000
74607  46.210  -18.936  30.063 0.0000000000
74610  43.971  -19.046  30.201 0.0000000000
74611  40.149  -18.901  30.443 0.0000000000
74633  38.666  -19.483  29.065 0.0000000000
74660  37.855  -19.816  28.291 0.0000000000
74696  44.621  -19.856  26.388 0.0000000000
74717  44.109  -19.831  25.115 0.0000000000
74718  39.867  -20.150  26.368 0.0000000000
74721  37.939  -19.659  25.662 0.0000000000
74776  42.620  -19.512  22.497 0.0000000000
75742  42.070  -18.632  32.788 0.0000000000
75757  41.770  -18.322  32.217 0.0000000000
75773  40.875  -18.413  30.969 0.0000000000
75808  46.070  -18.488  29.218 0.0000000000
75811  38.880  -18.749  29.018 0.0000000000
75832  41.452  -19.116  28.097 0.0000000000
75833  39.113  -18.177  28.695 0.0000000000
75852  41.137  -18.757  27.719 0.0000000000
75855  37.524  -19.203  27.295 0.0000000000
75875  37.261  -19.251  26.485 0.0000000000
75889  39.599  -19.674  26.136 0.0000000000
75891  38.540  -19.029  25.719 0.0000000000
76965  44.862  -18.017  32.152 0.0000000000
76984  44.524  -17.505  31.705 0.0000000000
76985  41.191  -17.498  30.811 0.0000000000
77004  39.935  -17.945  29.692 0.0000000000
77019  41.446  -17.663  29.260 0.0000000000
77020  40.786  -17.624  29.193 0.0000000000
77028  46.319  -17.168  28.543 0.0000000000
77029  46.056  -17.712  28.256 0.0000000000
77034  39.667  -17.916  28.216 0.0000000000
77048  41.615  -18.048  28.165 0.0000000000
77049  41.081  -18.063  27.854 0.0000000000
77052  38.667  -18.355  27.559 0.0000000000
77092  45.293  -17.745  24.987 0.0000000000
77094  44.496  -18.224  23.931 0.0000000000
78095  41.882  -16.919  31.149 0.0000000000
78110  41.101  -17.179  30.092 0.0000000000
78120  47.148  -16.629  29.437 0.0000000000
78122  42.163  -17.436  30.106 0.0000000000
78225  43.654  -17.643  20.799 0.0000000000
79361  44.242  -15.599  19.910 0.0000000000
79389  43.364  -15.361  18.185 0.0000000000
80478  45.801  -14.804  24.161 0.0000000000
80518  45.978  -14.207  21.436 0.0000000000
80532  46.115  -14.249  21.025 0.0000000000
80546  47.019  -14.007  19.739 0.0000000000
81597  48.020  -13.708  27.302 0.0000000000
81642  47.041  -13.757  24.327 0.0000000000
81682  45.753  -14.222  22.080 0.0000000000
81763  48.628  -12.984  16.254 0.0000000000
81764  48.100  -13.011  16.031 0.0000000000
81770  50.796  -13.140  16.203 0.0000000000
81778  48.867  -13.205  14.885 0.0000000000
81779  48.680  -13.266  15.178 0.0000000000
82783  51.363  -11.942  20.814 0.0000000000
82803  50.847  -12.157  19.897 0.0000000000
82819  45.098  -12.283  17.676 0.0000000000
82820  44.803  -12.040  17.724 0.0000000000
82832  50.761  -12.022  17.267 0.0000000000
82834  45.540  -13.400  17.627 0.0000000000
82858  47.164  -12.147  16.370 0.0000000000
82862  53.554  -12.279  15.082 0.0000000000
82870  45.181  -12.288  15.303 0.0000000000
82871  44.875  -12.249  15.197 0.0000000000
82882  45.289  -12.562  14.907 0.0000000000
83869  53.489  -10.840  23.462 0.0000000000
83911  51.119  -12.014  20.006 0.0000000000
83928  52.112  -11.018  19.474 0.0000000000
83929  51.667  -11.262  19.516 0.0000000000
83950  49.297  -11.146  18.748 0.0000000000
83974  50.258  -11.196  17.520 0.0000000000
83975  49.604  -10.978  17.349 0.0000000000
83976  46.297  -11.149  17.616 0.0000000000
83996  49.971  -11.544  17.180 0.0000000000
84000  46.740  -11.634  16.468 0.0000000000
84011  44.947  -11.895  15.467 0.0000000000
84022  44.674  -12.145  14.907 0.0000000000
84032  50.071  -11.676  13.299 0.0000000000
85051  54.146  -10.605  23.569 0.0000000000
85157  49.534  -10.857  17.841 0.0000000000
85159  47.880  -10.925  17.627 0.0000000000
85189  56.791  -10.454  15.230 0.0000000000
87427  56.802  -8.762  12.072 0.0000000000
87468  55.600  -7.648  10.055 0.0000000000
88561  56.775  -7.711  10.972 0.0000000000
89749  47.996  -6.191  8.588 0.0000000000
89775  50.348  -5.766  6.760 0.0000000000
90875  53.484  -5.043  2.824 0.0000000000
93887  50.808  -3.105  3.355 0.0000000000
