#!ascii label  , from subject ernie vox2ras=TkReg
1926
73564  49.242  -20.261  26.012 0.0000000000
53663  37.550  -37.373  37.971 0.0000000000
52329  24.201  -38.398  41.333 0.0000000000
48543  17.517  -41.451  45.290 0.0000000000
43902  33.354  -44.719  42.262 0.0000000000
49992  28.907  -40.375  32.983 0.0000000000
71160  50.232  -22.637  26.511 0.0000000000
80561  52.875  -14.526  18.476 0.0000000000
71007  46.567  -22.595  35.464 0.0000000000
64071  39.776  -29.041  31.673 0.0000000000
59637  30.931  -33.252  27.497 0.0000000000
51014  26.393  -39.131  46.133 0.0000000000
51051  21.217  -39.317  43.287 0.0000000000
50949  23.204  -39.709  49.062 0.0000000000
48606  28.195  -41.605  41.631 0.0000000000
75721  49.785  -18.546  35.745 0.0000000000
52297  40.565  -38.594  42.612 0.0000000000
57086  42.855  -34.281  39.565 0.0000000000
62859  43.310  -29.956  36.677 0.0000000000
58311  39.742  -33.166  34.555 0.0000000000
59593  36.642  -32.026  29.141 0.0000000000
56125  34.678  -34.960  32.425 0.0000000000
52511  23.398  -37.767  31.624 0.0000000000
52557  25.691  -38.468  28.175 0.0000000000
79348  48.931  -15.736  21.812 0.0000000000
75988  48.510  -18.416  16.459 0.0000000000
53707  21.673  -36.898  35.557 0.0000000000
52375  18.208  -38.453  38.537 0.0000000000
47478  36.260  -42.168  38.782 0.0000000000
51209  33.290  -39.793  34.511 0.0000000000
46323  30.933  -42.615  37.366 0.0000000000
48673  26.102  -40.577  37.089 0.0000000000
74624  55.281  -19.857  29.102 0.0000000000
47286  19.631  -41.591  51.473 0.0000000000
46179  14.224  -43.563  47.618 0.0000000000
80442  51.798  -14.536  26.569 0.0000000000
75785  48.781  -18.607  30.359 0.0000000000
71044  53.087  -22.121  32.619 0.0000000000
72323  48.169  -21.892  30.913 0.0000000000
69970  44.623  -24.244  28.631 0.0000000000
67559  47.794  -25.263  38.441 0.0000000000
66429  44.388  -26.142  32.393 0.0000000000
67679  40.611  -25.770  26.611 0.0000000000
64159  36.017  -28.222  25.938 0.0000000000
53807  30.073  -37.677  30.180 0.0000000000
50962  27.475  -38.829  48.079 0.0000000000
52204  24.515  -38.636  47.572 0.0000000000
50946  25.828  -38.603  49.359 0.0000000000
48539  28.416  -40.799  46.120 0.0000000000
52340  39.497  -38.283  40.517 0.0000000000
56038  40.576  -35.499  38.651 0.0000000000
57144  41.213  -33.656  36.940 0.0000000000
56062  38.543  -34.845  36.783 0.0000000000
57203  36.964  -34.197  33.520 0.0000000000
54915  36.136  -36.065  35.162 0.0000000000
52513  21.238  -38.298  31.195 0.0000000000
51304  22.426  -39.450  28.958 0.0000000000
75903  47.406  -18.665  23.985 0.0000000000
74799  47.516  -18.668  21.354 0.0000000000
74752  49.479  -19.828  23.711 0.0000000000
52371  22.518  -37.999  38.728 0.0000000000
53674  20.031  -37.290  37.181 0.0000000000
52349  21.025  -38.013  39.508 0.0000000000
49793  19.122  -40.507  44.241 0.0000000000
49848  17.967  -40.069  41.984 0.0000000000
48590  16.366  -41.217  42.614 0.0000000000
47402  15.010  -42.606  43.409 0.0000000000
47413  37.532  -42.557  42.191 0.0000000000
45113  34.555  -43.991  40.719 0.0000000000
46320  33.248  -43.270  37.732 0.0000000000
46291  32.354  -43.572  39.660 0.0000000000
49866  26.037  -40.086  40.861 0.0000000000
48644  26.876  -41.173  39.247 0.0000000000
49898  25.307  -39.835  38.819 0.0000000000
51175  24.295  -39.001  36.245 0.0000000000
71139  53.209  -21.838  27.868 0.0000000000
73541  54.895  -20.639  26.870 0.0000000000
71174  52.340  -22.068  25.164 0.0000000000
43834  13.070  -45.472  49.141 0.0000000000
73435  51.105  -20.093  32.191 0.0000000000
75740  50.800  -18.387  33.478 0.0000000000
73398  47.326  -20.179  35.772 0.0000000000
72276  48.669  -21.321  33.454 0.0000000000
72278  46.469  -21.756  33.209 0.0000000000
71100  46.066  -22.102  29.711 0.0000000000
69906  45.720  -23.848  32.136 0.0000000000
64038  41.691  -29.436  34.288 0.0000000000
65158  43.945  -27.683  35.400 0.0000000000
66432  41.513  -27.079  32.643 0.0000000000
66472  42.933  -25.941  29.663 0.0000000000
66491  39.459  -26.414  28.996 0.0000000000
66533  37.503  -26.234  25.888 0.0000000000
65243  37.680  -28.072  28.664 0.0000000000
60785  34.432  -31.185  26.112 0.0000000000
48748  31.079  -41.248  33.664 0.0000000000
52483  31.965  -38.592  32.637 0.0000000000
51265  29.401  -39.701  30.889 0.0000000000
52580  26.239  -38.472  26.464 0.0000000000
80620  54.821  -14.226  14.604 0.0000000000
80603  52.977  -14.899  16.091 0.0000000000
51061  25.109  -38.812  43.021 0.0000000000
52304  22.635  -38.481  42.318 0.0000000000
52264  23.615  -38.653  44.384 0.0000000000
49775  22.182  -40.206  45.758 0.0000000000
48524  20.410  -40.861  46.301 0.0000000000
45057  31.976  -43.053  43.926 0.0000000000
46248  31.081  -43.063  42.454 0.0000000000
47379  29.839  -42.204  44.121 0.0000000000
49806  27.448  -40.670  43.734 0.0000000000
76932  51.011  -17.129  35.121 0.0000000000
73357  47.829  -20.574  38.232 0.0000000000
60585  43.461  -31.892  37.652 0.0000000000
60633  41.873  -31.894  35.149 0.0000000000
60675  39.983  -31.525  32.745 0.0000000000
61889  38.512  -30.830  30.022 0.0000000000
59530  38.029  -32.709  31.829 0.0000000000
58376  35.223  -33.718  30.939 0.0000000000
57249  32.970  -34.530  30.191 0.0000000000
52466  26.431  -38.663  33.086 0.0000000000
51287  28.225  -39.232  30.803 0.0000000000
53810  25.476  -37.236  30.037 0.0000000000
80531  51.036  -14.980  20.208 0.0000000000
79400  50.477  -15.684  17.339 0.0000000000
78250  48.504  -16.644  19.597 0.0000000000
51099  19.839  -38.642  40.953 0.0000000000
49841  38.828  -40.613  41.532 0.0000000000
51135  36.928  -39.411  38.572 0.0000000000
52414  35.377  -38.547  36.406 0.0000000000
49909  34.891  -41.159  36.951 0.0000000000
47529  32.497  -42.537  36.044 0.0000000000
47532  30.359  -41.777  35.684 0.0000000000
47473  29.483  -42.203  39.611 0.0000000000
48671  28.049  -41.426  37.575 0.0000000000
49944  27.122  -40.267  35.594 0.0000000000
51215  25.014  -39.437  34.578 0.0000000000
53734  22.889  -37.420  34.226 0.0000000000
73524  51.959  -19.857  27.415 0.0000000000
74730  52.544  -18.954  25.227 0.0000000000
75845  55.077  -18.457  27.611 0.0000000000
48465  22.076  -40.755  50.514 0.0000000000
47335  18.786  -42.040  48.358 0.0000000000
47310  16.676  -42.698  49.200 0.0000000000
47353  15.705  -42.588  46.091 0.0000000000
81663  52.272  -13.793  22.100 0.0000000000
79292  50.130  -15.030  23.881 0.0000000000
78155  48.627  -16.745  26.301 0.0000000000
74675  48.570  -19.555  27.977 0.0000000000
73480  51.390  -20.444  29.657 0.0000000000
72322  54.308  -21.873  31.120 0.0000000000
69966  52.155  -23.196  29.947 0.0000000000
73409  51.024  -20.136  34.871 0.0000000000
71063  50.531  -22.358  31.503 0.0000000000
71120  49.181  -22.618  28.489 0.0000000000
71144  47.498  -22.385  27.459 0.0000000000
71165  44.828  -22.567  26.662 0.0000000000
69845  48.235  -24.129  36.911 0.0000000000
65137  45.422  -27.610  37.461 0.0000000000
66389  46.733  -26.409  35.368 0.0000000000
67612  46.783  -25.278  33.327 0.0000000000
66441  45.142  -25.724  30.921 0.0000000000
66505  43.740  -25.554  27.948 0.0000000000
61944  36.431  -30.182  26.959 0.0000000000
53718  33.870  -37.514  34.367 0.0000000000
54969  32.220  -36.452  31.520 0.0000000000
57260  31.146  -35.102  29.357 0.0000000000
52554  28.373  -38.762  28.741 0.0000000000
55039  28.563  -36.317  27.823 0.0000000000
50945  26.962  -38.684  49.091 0.0000000000
52170  27.591  -38.325  50.246 0.0000000000
53640  38.461  -37.587  39.072 0.0000000000
54863  39.895  -36.684  39.410 0.0000000000
54872  38.763  -36.580  38.492 0.0000000000
56048  39.590  -35.288  37.724 0.0000000000
54898  37.305  -35.984  36.829 0.0000000000
56064  36.823  -35.531  35.575 0.0000000000
54899  36.582  -36.340  36.260 0.0000000000
74735  47.851  -19.413  24.415 0.0000000000
74754  47.650  -19.249  23.245 0.0000000000
74733  49.933  -19.884  24.756 0.0000000000
52347  23.198  -38.221  39.533 0.0000000000
52348  22.021  -38.031  39.558 0.0000000000
52331  22.423  -38.105  40.477 0.0000000000
48555  18.478  -40.829  44.491 0.0000000000
48572  18.086  -40.560  43.814 0.0000000000
48574  16.504  -41.384  43.434 0.0000000000
47426  15.346  -42.003  42.458 0.0000000000
47382  16.105  -42.036  44.563 0.0000000000
45054  33.952  -44.130  44.092 0.0000000000
45085  34.755  -44.740  42.769 0.0000000000
45084  35.466  -44.394  42.221 0.0000000000
45100  33.556  -44.539  41.595 0.0000000000
45130  33.183  -43.741  40.154 0.0000000000
45115  33.147  -43.947  41.078 0.0000000000
51077  25.447  -39.513  41.287 0.0000000000
51119  25.303  -39.597  39.800 0.0000000000
51120  24.789  -39.313  39.384 0.0000000000
51121  24.229  -38.591  38.992 0.0000000000
71140  51.982  -22.512  27.623 0.0000000000
71158  52.534  -22.146  26.458 0.0000000000
71175  51.600  -22.361  25.468 0.0000000000
78087  51.822  -16.023  32.557 0.0000000000
76943  50.680  -17.856  33.180 0.0000000000
76942  51.060  -17.362  33.578 0.0000000000
73399  46.856  -20.854  35.295 0.0000000000
73413  46.811  -21.004  34.407 0.0000000000
72262  46.209  -21.689  34.018 0.0000000000
71049  46.099  -22.373  32.775 0.0000000000
69877  45.876  -23.227  33.375 0.0000000000
64055  40.625  -29.046  33.035 0.0000000000
65185  41.412  -27.918  33.505 0.0000000000
65205  40.831  -27.495  31.999 0.0000000000
66459  40.350  -27.049  31.095 0.0000000000
66460  39.725  -27.467  30.732 0.0000000000
66492  38.533  -27.215  29.113 0.0000000000
65217  38.872  -28.728  30.115 0.0000000000
48749  30.295  -41.099  33.426 0.0000000000
50006  30.431  -40.632  32.605 0.0000000000
50007  29.657  -40.591  32.411 0.0000000000
80602  53.958  -14.640  16.520 0.0000000000
80580  52.819  -14.899  17.279 0.0000000000
51031  26.225  -39.141  45.126 0.0000000000
52286  24.521  -38.498  43.725 0.0000000000
52262  25.431  -38.644  44.858 0.0000000000
50965  23.791  -38.758  48.036 0.0000000000
50983  23.366  -39.069  47.235 0.0000000000
49757  22.808  -39.757  46.988 0.0000000000
49759  21.670  -40.457  46.360 0.0000000000
48505  21.854  -40.482  47.471 0.0000000000
47361  31.257  -42.183  45.555 0.0000000000
46212  30.694  -42.663  43.835 0.0000000000
48536  30.171  -41.625  45.648 0.0000000000
49756  27.501  -40.221  45.856 0.0000000000
49773  28.157  -40.664  45.450 0.0000000000
51030  26.790  -39.706  44.607 0.0000000000
51047  26.816  -39.772  43.930 0.0000000000
57056  42.473  -35.074  40.110 0.0000000000
57029  43.519  -34.521  41.250 0.0000000000
58168  44.058  -32.951  39.924 0.0000000000
59376  44.182  -32.305  39.180 0.0000000000
58218  43.049  -33.425  38.175 0.0000000000
58288  40.528  -33.315  35.457 0.0000000000
59466  42.011  -33.129  36.011 0.0000000000
58330  40.857  -32.801  34.541 0.0000000000
60655  41.073  -31.756  33.832 0.0000000000
59509  39.725  -32.491  33.348 0.0000000000
59547  39.068  -32.154  31.791 0.0000000000
58351  38.607  -32.951  32.867 0.0000000000
56109  35.664  -34.974  33.260 0.0000000000
57222  36.031  -34.270  32.530 0.0000000000
57223  35.349  -34.443  32.232 0.0000000000
57247  34.595  -33.989  30.925 0.0000000000
56138  33.486  -35.228  31.516 0.0000000000
52488  24.950  -38.412  32.868 0.0000000000
52509  25.592  -37.765  31.829 0.0000000000
53783  24.030  -37.623  30.969 0.0000000000
79347  49.516  -15.488  21.383 0.0000000000
79370  49.405  -15.913  19.551 0.0000000000
79371  48.837  -16.138  20.285 0.0000000000
74841  47.844  -19.273  20.077 0.0000000000
53722  20.301  -36.836  34.257 0.0000000000
54922  19.811  -36.778  34.937 0.0000000000
51050  22.028  -38.859  42.945 0.0000000000
51079  21.089  -38.494  41.574 0.0000000000
51064  20.185  -39.443  42.668 0.0000000000
49868  16.263  -40.224  40.552 0.0000000000
51102  17.065  -39.651  40.328 0.0000000000
47456  36.758  -42.794  40.700 0.0000000000
48599  37.932  -41.927  41.519 0.0000000000
48639  37.390  -41.457  40.171 0.0000000000
49878  37.495  -40.461  39.670 0.0000000000
48666  36.223  -41.201  38.368 0.0000000000
49907  36.014  -40.494  37.953 0.0000000000
47492  35.327  -42.058  37.785 0.0000000000
46321  32.522  -43.286  37.544 0.0000000000
46340  32.899  -43.372  36.865 0.0000000000
46355  31.833  -42.820  36.318 0.0000000000
47531  31.163  -42.305  35.636 0.0000000000
47513  30.901  -42.389  36.427 0.0000000000
47419  29.711  -42.472  42.443 0.0000000000
47458  30.269  -42.627  40.533 0.0000000000
47459  28.946  -42.276  40.726 0.0000000000
48656  26.332  -40.589  37.819 0.0000000000
48654  27.754  -41.546  38.682 0.0000000000
48672  26.899  -40.841  37.321 0.0000000000
48688  27.559  -40.648  36.461 0.0000000000
49923  26.628  -40.424  36.189 0.0000000000
49970  25.585  -39.777  35.179 0.0000000000
49946  25.416  -40.117  35.835 0.0000000000
52433  23.226  -37.919  36.454 0.0000000000
53705  23.390  -38.003  35.266 0.0000000000
53720  22.491  -37.084  34.754 0.0000000000
73499  53.759  -19.542  28.881 0.0000000000
74690  53.743  -18.761  27.465 0.0000000000
74647  55.460  -19.534  28.466 0.0000000000
73540  55.617  -19.649  26.682 0.0000000000
48467  20.207  -41.501  50.507 0.0000000000
48491  19.848  -41.498  48.843 0.0000000000
47320  19.432  -41.662  49.668 0.0000000000
46164  14.802  -43.856  49.610 0.0000000000
46162  16.004  -42.900  48.840 0.0000000000
47324  16.615  -42.527  48.290 0.0000000000
46178  15.084  -42.958  46.931 0.0000000000
46200  14.604  -43.033  45.534 0.0000000000
46187  14.352  -43.285  46.440 0.0000000000
81678  53.041  -13.679  21.477 0.0000000000
80474  51.793  -14.144  24.502 0.0000000000
80461  51.190  -14.751  25.742 0.0000000000
79274  49.024  -15.922  25.181 0.0000000000
79259  49.668  -15.763  26.066 0.0000000000
77026  49.351  -17.005  28.966 0.0000000000
77045  48.739  -17.360  27.695 0.0000000000
75805  48.595  -18.519  29.535 0.0000000000
73503  49.394  -20.123  28.824 0.0000000000
73482  49.435  -20.215  29.965 0.0000000000
73433  52.834  -21.164  32.696 0.0000000000
73445  53.688  -21.152  31.720 0.0000000000
71058  54.043  -22.231  31.685 0.0000000000
71093  53.901  -22.395  30.378 0.0000000000
71074  52.939  -22.770  31.013 0.0000000000
75720  50.576  -18.008  35.677 0.0000000000
74546  51.088  -18.740  35.231 0.0000000000
73397  50.457  -19.785  35.114 0.0000000000
72293  48.115  -21.633  32.383 0.0000000000
72291  50.105  -21.965  32.548 0.0000000000
71064  49.646  -22.145  31.446 0.0000000000
71077  50.160  -22.546  30.599 0.0000000000
71098  48.570  -22.315  29.437 0.0000000000
71121  48.058  -22.314  28.446 0.0000000000
71099  47.379  -22.024  29.460 0.0000000000
71101  44.955  -22.949  29.362 0.0000000000
71123  45.676  -22.446  28.491 0.0000000000
71147  44.605  -22.963  27.424 0.0000000000
70019  44.240  -24.018  26.725 0.0000000000
68736  48.408  -24.450  37.854 0.0000000000
62847  44.458  -29.512  37.775 0.0000000000
62846  44.966  -28.797  38.122 0.0000000000
63995  44.902  -28.313  37.544 0.0000000000
65182  44.868  -26.856  33.937 0.0000000000
65169  45.250  -27.004  34.954 0.0000000000
66402  45.616  -26.760  34.364 0.0000000000
66400  47.064  -25.986  34.504 0.0000000000
66415  46.269  -25.963  33.204 0.0000000000
67620  46.298  -25.368  32.445 0.0000000000
66428  45.235  -25.965  32.165 0.0000000000
67661  41.487  -25.664  28.421 0.0000000000
66488  42.963  -25.679  28.816 0.0000000000
67671  41.855  -25.569  27.316 0.0000000000
67677  42.697  -25.175  26.145 0.0000000000
67688  40.624  -25.435  25.468 0.0000000000
67689  39.629  -25.605  25.646 0.0000000000
66534  36.759  -27.043  26.185 0.0000000000
66545  37.128  -26.093  24.823 0.0000000000
60724  37.572  -31.415  29.167 0.0000000000
61906  37.726  -30.616  28.926 0.0000000000
60743  36.683  -31.303  28.138 0.0000000000
61969  34.393  -30.482  25.389 0.0000000000
51192  34.548  -39.838  35.792 0.0000000000
52430  34.351  -38.623  35.427 0.0000000000
52448  33.591  -38.535  34.349 0.0000000000
53754  31.494  -38.070  32.150 0.0000000000
53753  32.310  -37.407  32.486 0.0000000000
54970  31.509  -36.990  31.382 0.0000000000
56150  31.489  -35.833  30.329 0.0000000000
54984  30.637  -36.633  30.156 0.0000000000
52539  26.864  -38.461  29.081 0.0000000000
51302  28.089  -39.259  29.955 0.0000000000
52555  27.604  -38.856  28.725 0.0000000000
55041  27.612  -37.354  27.343 0.0000000000
56203  28.665  -35.343  26.888 0.0000000000
78275  49.178  -16.900  16.562 0.0000000000
79407  50.500  -15.693  16.440 0.0000000000
74749  52.352  -18.891  24.362 0.0000000000
50996  27.197  -39.770  46.633 0.0000000000
52219  25.768  -38.780  46.583 0.0000000000
50981  26.030  -38.805  47.892 0.0000000000
50964  25.565  -38.643  48.698 0.0000000000
50948  23.782  -38.886  49.078 0.0000000000
49740  28.137  -40.267  46.867 0.0000000000
52322  40.497  -38.402  41.594 0.0000000000
53619  41.472  -37.676  41.808 0.0000000000
53637  40.410  -37.256  40.450 0.0000000000
54861  41.280  -36.263  40.280 0.0000000000
57088  41.568  -34.986  39.225 0.0000000000
57130  42.044  -34.297  38.185 0.0000000000
57132  40.563  -34.435  37.545 0.0000000000
57146  39.612  -34.271  36.539 0.0000000000
57164  38.749  -33.998  35.391 0.0000000000
57201  38.361  -33.525  34.292 0.0000000000
56076  37.406  -34.942  35.051 0.0000000000
56092  36.469  -35.080  34.304 0.0000000000
56093  35.453  -35.751  34.047 0.0000000000
52512  22.228  -37.880  31.480 0.0000000000
52527  22.946  -37.948  30.671 0.0000000000
52544  21.410  -39.326  29.865 0.0000000000
78196  47.650  -17.057  23.165 0.0000000000
78224  47.857  -17.034  21.370 0.0000000000
75915  47.277  -18.538  22.933 0.0000000000
74774  48.182  -19.435  22.395 0.0000000000
53671  22.612  -37.732  37.359 0.0000000000
53691  20.797  -36.948  36.374 0.0000000000
53655  21.297  -37.267  38.162 0.0000000000
52373  20.647  -37.578  38.721 0.0000000000
52350  20.028  -38.094  39.358 0.0000000000
49809  19.982  -39.892  44.065 0.0000000000
51065  19.130  -39.676  42.361 0.0000000000
49811  18.722  -40.344  43.623 0.0000000000
49833  16.986  -40.744  42.210 0.0000000000
47447  14.617  -42.237  41.522 0.0000000000
46262  36.172  -43.673  41.210 0.0000000000
46288  35.652  -43.362  39.874 0.0000000000
47480  34.747  -42.837  38.162 0.0000000000
45142  34.148  -43.690  39.069 0.0000000000
46303  32.989  -43.649  38.720 0.0000000000
46304  32.112  -43.130  38.429 0.0000000000
48607  27.323  -41.147  41.435 0.0000000000
48626  28.113  -41.502  40.683 0.0000000000
49884  26.693  -40.793  39.875 0.0000000000
49885  25.954  -40.336  39.567 0.0000000000
49911  25.346  -39.662  37.829 0.0000000000
49926  25.030  -39.664  36.723 0.0000000000
51156  24.763  -39.216  37.447 0.0000000000
52396  23.641  -38.248  37.534 0.0000000000
72359  54.165  -21.610  28.745 0.0000000000
73522  55.106  -20.543  27.891 0.0000000000
72381  53.941  -21.380  27.054 0.0000000000
72391  52.976  -21.627  25.749 0.0000000000
45012  14.208  -44.416  49.666 0.0000000000
45020  13.773  -44.265  48.456 0.0000000000
46188  13.606  -43.860  46.811 0.0000000000
43858  12.629  -45.264  47.328 0.0000000000
76980  49.996  -17.702  31.638 0.0000000000
73449  49.882  -19.990  31.311 0.0000000000
74580  49.942  -18.915  32.099 0.0000000000
74578  51.191  -19.814  32.661 0.0000000000
73422  51.917  -20.429  33.600 0.0000000000
74549  48.587  -19.334  35.432 0.0000000000
74558  49.340  -19.979  34.866 0.0000000000
73412  47.780  -20.279  34.800 0.0000000000
72277  47.398  -21.394  33.119 0.0000000000
72309  47.673  -21.794  31.550 0.0000000000
72343  47.250  -21.843  30.163 0.0000000000
72310  46.746  -21.985  31.349 0.0000000000
71081  45.374  -22.975  30.478 0.0000000000
69944  44.956  -23.895  30.143 0.0000000000
62872  42.480  -30.004  35.490 0.0000000000
64019  43.301  -28.574  35.729 0.0000000000
64036  42.922  -28.147  34.949 0.0000000000
65183  42.905  -27.264  34.266 0.0000000000
66430  43.316  -26.263  32.634 0.0000000000
66443  43.542  -26.002  31.416 0.0000000000
66444  42.465  -26.342  31.729 0.0000000000
66473  41.754  -25.859  29.856 0.0000000000
66507  39.497  -26.265  27.770 0.0000000000
67681  39.080  -26.030  26.475 0.0000000000
66508  38.477  -26.592  28.035 0.0000000000
66509  37.788  -27.272  28.262 0.0000000000
65258  36.732  -28.211  27.211 0.0000000000
59612  35.091  -32.152  28.269 0.0000000000
60744  35.695  -31.679  27.651 0.0000000000
60764  34.160  -31.837  26.994 0.0000000000
60806  32.657  -31.293  25.526 0.0000000000
60824  32.286  -31.065  24.483 0.0000000000
49965  32.343  -40.833  34.100 0.0000000000
51226  33.017  -39.195  33.634 0.0000000000
51228  31.462  -39.998  32.893 0.0000000000
51263  30.734  -39.563  31.646 0.0000000000
52523  30.085  -38.686  30.615 0.0000000000
52570  26.128  -38.704  27.365 0.0000000000
51355  25.476  -39.267  26.309 0.0000000000
80612  55.022  -14.271  15.729 0.0000000000
80613  53.919  -14.660  15.405 0.0000000000
80615  52.268  -14.857  14.659 0.0000000000
51078  24.845  -38.770  41.892 0.0000000000
52316  23.443  -38.268  41.719 0.0000000000
52302  24.316  -38.428  42.783 0.0000000000
52288  22.808  -38.637  43.270 0.0000000000
51033  22.177  -39.255  44.255 0.0000000000
52221  24.003  -38.942  46.314 0.0000000000
51015  23.059  -39.178  44.961 0.0000000000
49790  21.363  -40.046  44.827 0.0000000000
49777  20.759  -40.483  45.413 0.0000000000
48540  20.183  -40.702  45.533 0.0000000000
48542  18.194  -41.305  45.689 0.0000000000
45073  32.695  -43.984  43.585 0.0000000000
45102  32.137  -43.801  41.946 0.0000000000
45089  31.454  -43.182  43.196 0.0000000000
46231  30.317  -42.704  42.988 0.0000000000
47420  28.962  -42.066  42.662 0.0000000000
48538  28.863  -41.135  45.641 0.0000000000
48569  28.737  -41.527  43.672 0.0000000000
48587  27.910  -41.368  42.400 0.0000000000
49827  26.527  -40.391  42.554 0.0000000000
51060  25.643  -39.489  42.394 0.0000000000
71177  49.737  -22.675  25.580 0.0000000000
70027  50.406  -22.583  25.086 0.0000000000
70035  49.297  -22.778  24.165 0.0000000000
78056  50.982  -16.408  34.465 0.0000000000
75710  48.725  -18.107  36.414 0.0000000000
75711  47.966  -18.835  36.644 0.0000000000
73383  47.342  -20.449  36.770 0.0000000000
72234  47.176  -21.498  36.550 0.0000000000
60570  44.243  -31.505  38.435 0.0000000000
61765  43.616  -30.823  37.529 0.0000000000
59440  42.167  -33.094  36.869 0.0000000000
60603  42.634  -32.344  36.821 0.0000000000
62860  42.795  -30.620  36.015 0.0000000000
61808  41.991  -31.005  34.824 0.0000000000
61830  40.971  -30.839  33.625 0.0000000000
61871  39.736  -30.413  31.694 0.0000000000
62937  39.309  -29.974  30.756 0.0000000000
60695  39.209  -31.531  31.490 0.0000000000
59569  38.411  -32.159  30.763 0.0000000000
59570  37.660  -32.411  30.449 0.0000000000
58335  37.189  -33.639  32.899 0.0000000000
58374  36.743  -33.062  31.550 0.0000000000
59572  35.725  -32.653  29.875 0.0000000000
58405  34.397  -33.132  29.704 0.0000000000
58415  33.184  -33.310  28.816 0.0000000000
57268  31.962  -33.808  28.908 0.0000000000
51229  28.250  -39.602  33.424 0.0000000000
51246  28.482  -39.735  32.279 0.0000000000
52485  27.549  -38.781  31.837 0.0000000000
53809  26.466  -37.681  30.117 0.0000000000
53834  25.988  -37.860  29.182 0.0000000000
52542  23.163  -38.427  29.426 0.0000000000
52558  24.411  -38.622  28.490 0.0000000000
80544  51.800  -14.760  19.290 0.0000000000
80562  51.921  -14.958  18.147 0.0000000000
79369  50.310  -15.626  19.089 0.0000000000
79388  49.659  -15.949  18.599 0.0000000000
78271  48.883  -17.072  17.694 0.0000000000
77155  47.634  -17.955  19.955 0.0000000000
75975  48.008  -18.623  18.758 0.0000000000
52318  21.687  -38.331  41.301 0.0000000000
52333  20.439  -38.290  40.349 0.0000000000
52352  18.446  -38.657  39.419 0.0000000000
51082  18.526  -39.601  41.776 0.0000000000
51123  17.521  -39.256  39.822 0.0000000000
51072  39.749  -39.619  41.745 0.0000000000
51112  38.596  -39.491  40.399 0.0000000000
51134  37.504  -39.301  39.085 0.0000000000
52362  37.317  -38.400  38.318 0.0000000000
52413  36.016  -37.933  36.799 0.0000000000
51153  35.911  -39.643  37.392 0.0000000000
49921  35.223  -40.187  36.614 0.0000000000
49941  34.167  -40.824  35.580 0.0000000000
47509  34.112  -42.691  36.887 0.0000000000
48685  33.853  -42.084  36.433 0.0000000000
48726  32.963  -41.476  34.964 0.0000000000
48727  32.237  -41.608  34.629 0.0000000000
48729  30.607  -41.506  34.313 0.0000000000
48730  29.756  -41.223  34.566 0.0000000000
45117  31.830  -43.453  41.310 0.0000000000
46277  30.700  -42.772  39.842 0.0000000000
46306  30.337  -42.183  38.192 0.0000000000
47483  28.597  -41.726  39.183 0.0000000000
47482  29.362  -41.780  38.741 0.0000000000
47495  29.969  -41.917  37.526 0.0000000000
48686  29.668  -41.543  36.542 0.0000000000
48707  28.654  -40.652  35.432 0.0000000000
49967  28.513  -40.041  34.292 0.0000000000
51213  26.881  -39.516  34.308 0.0000000000
51232  25.408  -39.108  33.918 0.0000000000
51249  24.380  -38.454  33.274 0.0000000000
51194  23.990  -39.265  35.473 0.0000000000
51234  23.961  -38.689  34.131 0.0000000000
52490  22.837  -37.672  32.541 0.0000000000
53785  21.931  -37.530  32.219 0.0000000000
73545  49.960  -20.369  26.731 0.0000000000
74713  50.509  -19.854  25.258 0.0000000000
74692  52.296  -19.522  26.607 0.0000000000
73521  55.552  -19.855  27.495 0.0000000000
74689  56.111  -19.010  27.207 0.0000000000
71186  51.096  -22.525  24.704 0.0000000000
52160  25.872  -38.370  50.021 0.0000000000
50919  24.797  -38.824  50.753 0.0000000000
49709  23.790  -39.557  50.510 0.0000000000
49700  22.378  -40.144  51.053 0.0000000000
49719  22.956  -40.517  49.493 0.0000000000
48490  21.046  -41.155  48.483 0.0000000000
48507  20.211  -41.336  47.583 0.0000000000
47364  17.805  -41.577  46.413 0.0000000000
47298  18.128  -41.917  50.721 0.0000000000
47322  18.138  -42.149  48.908 0.0000000000
47337  17.372  -42.207  47.722 0.0000000000
47366  16.385  -42.161  45.478 0.0000000000
47367  15.758  -42.651  45.112 0.0000000000
81713  53.536  -13.719  19.770 0.0000000000
81695  52.837  -13.947  20.446 0.0000000000
80516  51.587  -14.131  21.615 0.0000000000
80499  50.869  -14.609  22.239 0.0000000000
81650  53.221  -13.606  23.633 0.0000000000
80485  50.918  -14.640  23.321 0.0000000000
79311  49.400  -15.450  23.208 0.0000000000
79294  48.615  -16.192  24.364 0.0000000000
77090  48.065  -17.326  25.220 0.0000000000
75867  47.847  -18.529  26.314 0.0000000000
78145  48.839  -16.793  27.037 0.0000000000
75847  48.193  -18.082  27.153 0.0000000000
73546  49.091  -20.331  26.992 0.0000000000
73526  49.801  -20.204  27.765 0.0000000000
73501  51.736  -20.289  28.553 0.0000000000
73478  54.007  -20.053  29.569 0.0000000000
73461  50.979  -20.510  30.667 0.0000000000
73459  53.360  -20.541  30.746 0.0000000000
73477  54.870  -20.562  29.457 0.0000000000
72342  54.289  -21.876  29.610 0.0000000000
71117  52.474  -22.547  28.809 0.0000000000
71118  51.399  -22.790  28.649 0.0000000000
76931  51.152  -17.286  34.630 0.0000000000
74556  51.256  -19.445  34.491 0.0000000000
72273  52.038  -21.789  33.699 0.0000000000
72259  50.661  -21.095  34.290 0.0000000000
71031  51.167  -22.135  33.089 0.0000000000
71046  51.667  -22.356  32.504 0.0000000000
71076  51.118  -22.734  30.749 0.0000000000
71096  50.968  -22.982  29.790 0.0000000000
71142  49.738  -22.708  27.501 0.0000000000
71161  49.190  -22.715  26.431 0.0000000000
71162  48.064  -22.495  26.391 0.0000000000
71122  46.850  -22.209  28.499 0.0000000000
71164  45.749  -22.211  26.581 0.0000000000
70983  47.843  -22.369  37.575 0.0000000000
71006  47.232  -22.886  36.139 0.0000000000
66353  46.855  -26.328  38.463 0.0000000000
65145  45.037  -27.551  36.730 0.0000000000
65144  45.912  -26.995  36.836 0.0000000000
66373  47.688  -25.899  37.076 0.0000000000
67593  48.183  -25.326  36.488 0.0000000000
68766  47.806  -24.545  35.667 0.0000000000
68778  46.775  -24.326  34.262 0.0000000000
68794  46.468  -24.760  32.617 0.0000000000
68803  45.919  -24.730  31.465 0.0000000000
68825  45.016  -24.863  29.649 0.0000000000
66455  44.519  -26.310  30.010 0.0000000000
66470  44.356  -26.019  29.082 0.0000000000
68855  44.409  -24.936  27.916 0.0000000000
67676  43.576  -25.097  26.747 0.0000000000
67706  37.919  -25.809  25.040 0.0000000000
66557  37.541  -26.056  23.791 0.0000000000
64084  38.506  -29.358  29.856 0.0000000000
62986  36.764  -29.476  27.781 0.0000000000
64144  36.065  -28.844  26.252 0.0000000000
60784  35.402  -31.013  26.256 0.0000000000
63023  35.793  -29.634  26.120 0.0000000000
53701  35.343  -37.511  35.741 0.0000000000
53716  35.190  -37.286  35.106 0.0000000000
54942  34.074  -36.226  33.633 0.0000000000
52464  33.088  -38.326  33.594 0.0000000000
53752  32.915  -37.083  33.110 0.0000000000
56126  33.834  -35.791  32.785 0.0000000000
56149  32.405  -35.331  30.531 0.0000000000
56158  31.961  -34.904  29.797 0.0000000000
58418  31.132  -33.925  28.303 0.0000000000
50024  28.961  -39.912  31.063 0.0000000000
51285  29.225  -39.364  30.310 0.0000000000
53808  29.588  -38.199  29.803 0.0000000000
52568  27.827  -38.450  28.208 0.0000000000
53852  28.235  -37.904  28.167 0.0000000000
55001  29.548  -37.083  29.183 0.0000000000
56168  29.605  -35.695  28.319 0.0000000000
57287  29.785  -34.824  27.782 0.0000000000
79399  51.223  -15.364  16.925 0.0000000000
79417  51.488  -15.115  14.909 0.0000000000
79424  51.213  -15.286  13.862 0.0000000000
74732  50.888  -19.619  24.704 0.0000000000
53648  38.124  -37.414  38.623 0.0000000000
53647  38.875  -37.111  38.936 0.0000000000
54873  38.096  -36.706  38.175 0.0000000000
54884  38.624  -35.994  38.007 0.0000000000
54885  37.710  -36.358  37.525 0.0000000000
54886  36.932  -36.633  37.072 0.0000000000
74715  47.999  -19.454  25.639 0.0000000000
74734  48.817  -20.023  24.984 0.0000000000
51097  23.939  -38.927  39.824 0.0000000000
52330  23.566  -38.297  40.653 0.0000000000
48556  17.696  -41.254  44.794 0.0000000000
47381  16.958  -41.587  44.827 0.0000000000
47400  16.503  -41.508  44.016 0.0000000000
45086  33.610  -44.701  43.162 0.0000000000
43891  34.074  -44.808  43.482 0.0000000000
43901  33.727  -44.831  42.795 0.0000000000
43910  34.210  -44.900  42.559 0.0000000000
43912  33.375  -44.720  41.932 0.0000000000
45101  32.957  -44.398  41.797 0.0000000000
51096  24.737  -38.999  40.527 0.0000000000
71159  51.305  -22.513  26.508 0.0000000000
78072  51.476  -16.382  33.251 0.0000000000
72235  46.693  -21.593  35.794 0.0000000000
72247  46.319  -21.679  34.938 0.0000000000
71017  45.972  -22.626  34.369 0.0000000000
71018  45.799  -22.945  33.657 0.0000000000
64064  40.185  -29.004  32.319 0.0000000000
65197  40.500  -28.349  32.634 0.0000000000
65206  40.137  -27.960  31.779 0.0000000000
65207  39.685  -28.562  31.288 0.0000000000
65216  39.356  -28.163  30.629 0.0000000000
64072  39.530  -29.136  30.995 0.0000000000
49991  29.535  -40.721  33.130 0.0000000000
48767  30.046  -40.860  32.849 0.0000000000
80579  53.936  -14.463  17.674 0.0000000000
52237  25.599  -38.743  45.825 0.0000000000
50966  23.237  -39.336  48.322 0.0000000000
49741  22.789  -39.748  47.796 0.0000000000
49742  22.298  -40.200  47.438 0.0000000000
49730  22.400  -40.164  48.140 0.0000000000
47345  31.332  -41.890  46.060 0.0000000000
47362  30.435  -42.055  45.293 0.0000000000
47347  30.412  -41.516  45.840 0.0000000000
51013  26.918  -39.715  45.584 0.0000000000
49774  27.396  -40.250  45.043 0.0000000000
57055  43.004  -34.612  40.266 0.0000000000
56008  43.040  -35.184  41.147 0.0000000000
58169  43.689  -33.704  40.544 0.0000000000
58191  43.294  -33.540  39.369 0.0000000000
58190  43.825  -32.890  39.437 0.0000000000
58289  40.008  -33.290  35.120 0.0000000000
58310  40.462  -33.005  34.782 0.0000000000
58331  40.483  -32.928  34.142 0.0000000000
58332  39.670  -32.867  33.825 0.0000000000
58350  39.205  -32.717  33.278 0.0000000000
58333  38.593  -33.055  33.712 0.0000000000
56124  35.426  -34.674  32.613 0.0000000000
56137  34.283  -34.660  31.749 0.0000000000
52510  24.459  -37.804  31.879 0.0000000000
79360  48.888  -16.035  21.091 0.0000000000
53708  20.392  -36.739  35.247 0.0000000000
51063  21.343  -38.786  42.220 0.0000000000
47470  36.452  -42.479  39.608 0.0000000000
47455  37.145  -42.136  40.490 0.0000000000
47469  36.985  -41.928  39.977 0.0000000000
48640  36.915  -41.486  39.630 0.0000000000
48653  36.155  -41.855  38.405 0.0000000000
47479  35.547  -42.516  38.512 0.0000000000
46322  31.734  -43.047  37.394 0.0000000000
46341  32.178  -43.192  36.610 0.0000000000
46342  31.434  -42.820  36.718 0.0000000000
46343  30.933  -42.628  36.877 0.0000000000
47441  28.828  -42.222  41.782 0.0000000000
48605  28.498  -41.885  41.130 0.0000000000
48689  26.489  -40.584  36.717 0.0000000000
48690  25.989  -40.478  36.705 0.0000000000
49924  25.987  -40.394  36.304 0.0000000000
49925  25.555  -40.221  36.568 0.0000000000
53689  22.606  -37.611  36.824 0.0000000000
53706  22.873  -37.452  35.771 0.0000000000
53721  21.415  -36.815  34.480 0.0000000000
74625  54.862  -19.752  29.242 0.0000000000
74649  54.360  -19.294  28.749 0.0000000000
74623  55.392  -19.686  28.816 0.0000000000
48457  20.186  -41.400  51.451 0.0000000000
47306  19.539  -41.674  50.401 0.0000000000
46173  14.655  -43.777  48.781 0.0000000000
46163  15.392  -43.484  49.213 0.0000000000
46172  15.356  -42.944  48.129 0.0000000000
81676  54.707  -12.829  22.405 0.0000000000
82752  55.273  -12.385  22.870 0.0000000000
80441  52.766  -13.962  26.191 0.0000000000
80460  52.057  -14.055  25.372 0.0000000000
79273  50.137  -15.220  25.168 0.0000000000
80443  51.273  -14.858  26.271 0.0000000000
77013  49.173  -17.567  29.515 0.0000000000
77014  48.785  -18.040  28.960 0.0000000000
74651  48.916  -19.864  29.522 0.0000000000
74626  48.954  -19.781  30.183 0.0000000000
72290  53.012  -21.726  32.722 0.0000000000
73432  53.555  -21.492  32.202 0.0000000000
71043  53.530  -22.134  32.321 0.0000000000
71060  53.188  -22.531  31.981 0.0000000000
74547  50.623  -19.243  35.346 0.0000000000
72308  48.674  -21.885  31.534 0.0000000000
71078  49.008  -22.182  30.519 0.0000000000
71079  47.982  -21.994  30.203 0.0000000000
71102  44.661  -23.510  28.729 0.0000000000
71124  44.843  -22.902  28.282 0.0000000000
71125  44.596  -23.694  27.990 0.0000000000
71148  44.469  -23.621  27.254 0.0000000000
69992  44.534  -24.461  28.122 0.0000000000
67569  48.231  -24.939  38.119 0.0000000000
62848  43.895  -30.222  37.527 0.0000000000
62858  43.909  -29.226  36.938 0.0000000000
66417  44.194  -26.529  33.607 0.0000000000
65181  45.166  -26.934  34.214 0.0000000000
66416  45.327  -26.583  33.457 0.0000000000
66401  46.241  -26.500  34.283 0.0000000000
67672  41.150  -25.690  27.769 0.0000000000
67660  42.059  -25.513  28.233 0.0000000000
67678  41.703  -25.507  26.291 0.0000000000
65283  36.033  -27.618  25.417 0.0000000000
66546  36.575  -26.646  25.195 0.0000000000
60725  37.097  -31.475  28.746 0.0000000000
51193  33.840  -39.838  35.283 0.0000000000
52431  33.621  -39.157  34.996 0.0000000000
53779  30.910  -37.698  31.266 0.0000000000
53806  30.677  -37.115  30.655 0.0000000000
52538  27.551  -38.965  29.516 0.0000000000
52556  26.659  -38.529  28.253 0.0000000000
77170  48.859  -17.238  16.544 0.0000000000
77177  48.670  -17.651  15.731 0.0000000000
50980  26.941  -39.171  47.575 0.0000000000
50997  26.363  -38.984  47.029 0.0000000000
52181  24.460  -38.674  48.925 0.0000000000
50947  24.799  -38.757  49.362 0.0000000000
50978  28.535  -40.013  47.242 0.0000000000
50979  27.900  -39.805  47.273 0.0000000000
53629  40.915  -37.744  41.072 0.0000000000
53630  40.024  -37.850  40.706 0.0000000000
54870  40.323  -36.203  39.143 0.0000000000
54862  40.541  -36.447  39.883 0.0000000000
56029  40.768  -35.753  39.295 0.0000000000
56028  41.442  -35.570  39.680 0.0000000000
56037  41.132  -35.225  39.116 0.0000000000
57113  41.514  -34.718  38.644 0.0000000000
56047  40.345  -35.172  38.041 0.0000000000
56061  39.236  -34.819  37.172 0.0000000000
57147  38.663  -34.351  36.054 0.0000000000
57163  39.657  -33.711  35.726 0.0000000000
57165  38.213  -34.392  35.006 0.0000000000
57148  38.094  -34.568  35.507 0.0000000000
56077  36.636  -35.325  35.074 0.0000000000
54931  35.821  -35.863  34.537 0.0000000000
52528  22.042  -38.371  30.434 0.0000000000
52529  21.060  -38.993  30.399 0.0000000000
77103  47.400  -17.810  23.549 0.0000000000
77115  47.378  -17.688  22.603 0.0000000000
74753  48.444  -19.625  23.548 0.0000000000
74773  49.102  -19.739  22.538 0.0000000000
74772  50.226  -19.768  22.689 0.0000000000
52397  22.773  -37.906  37.864 0.0000000000
53672  22.032  -37.439  37.594 0.0000000000
52398  22.167  -37.669  38.257 0.0000000000
52372  21.631  -37.734  38.748 0.0000000000
49810  19.468  -40.184  43.815 0.0000000000
48589  17.038  -40.832  42.767 0.0000000000
49850  16.495  -40.699  41.709 0.0000000000
48608  16.149  -41.067  41.881 0.0000000000
48610  15.196  -41.674  41.323 0.0000000000
48609  15.696  -41.417  41.844 0.0000000000
47401  15.833  -41.822  43.472 0.0000000000
46268  13.888  -42.915  42.026 0.0000000000
47403  14.483  -42.836  43.152 0.0000000000
46226  36.028  -43.434  43.006 0.0000000000
45098  35.545  -44.031  41.312 0.0000000000
46274  35.911  -43.613  40.692 0.0000000000
45112  35.195  -43.746  40.415 0.0000000000
46289  35.012  -43.473  39.540 0.0000000000
45128  34.488  -43.677  39.756 0.0000000000
45144  33.340  -43.746  39.487 0.0000000000
46290  32.973  -43.741  39.455 0.0000000000
49846  26.507  -40.511  41.724 0.0000000000
49865  26.660  -40.623  40.598 0.0000000000
49886  25.339  -39.785  39.357 0.0000000000
49897  25.844  -40.255  38.326 0.0000000000
51140  24.800  -39.243  38.420 0.0000000000
52370  23.479  -38.178  38.450 0.0000000000
51141  24.288  -38.641  37.990 0.0000000000
72373  54.070  -21.295  27.940 0.0000000000
72382  53.234  -21.617  26.514 0.0000000000
72397  52.954  -21.694  24.686 0.0000000000
45013  13.502  -44.830  49.186 0.0000000000
45021  13.169  -44.901  48.512 0.0000000000
45028  13.155  -44.569  47.518 0.0000000000
75767  49.805  -18.450  31.834 0.0000000000
76960  50.054  -17.961  32.164 0.0000000000
74569  50.728  -18.905  33.076 0.0000000000
74568  51.216  -19.391  33.359 0.0000000000
74550  47.888  -19.572  35.542 0.0000000000
74560  48.214  -19.735  35.202 0.0000000000
73425  46.811  -21.269  33.692 0.0000000000
73424  47.600  -20.976  33.916 0.0000000000
72294  46.900  -21.866  32.318 0.0000000000
71050  45.612  -22.938  32.463 0.0000000000
71066  45.372  -22.989  31.549 0.0000000000
69921  45.463  -23.873  31.042 0.0000000000
62885  41.832  -30.039  34.603 0.0000000000
64020  42.737  -29.172  35.443 0.0000000000
64037  42.306  -28.774  34.669 0.0000000000
65195  41.606  -27.247  33.150 0.0000000000
65184  42.248  -27.472  33.834 0.0000000000
66419  42.450  -26.903  33.518 0.0000000000
66418  42.996  -26.711  33.728 0.0000000000
66431  42.129  -26.603  32.969 0.0000000000
66458  41.509  -26.274  30.937 0.0000000000
66474  40.511  -26.336  29.974 0.0000000000
66490  40.740  -25.907  28.655 0.0000000000
65242  38.119  -27.706  29.102 0.0000000000
66493  37.990  -27.520  28.818 0.0000000000
65257  37.086  -27.850  27.556 0.0000000000
59613  33.998  -32.235  28.014 0.0000000000
60825  31.588  -31.355  24.964 0.0000000000
48747  31.774  -41.087  33.934 0.0000000000
49988  32.065  -40.433  33.671 0.0000000000
49989  31.469  -40.516  33.304 0.0000000000
50022  30.217  -40.190  31.786 0.0000000000
50021  30.826  -40.160  32.142 0.0000000000
52506  30.575  -38.777  31.160 0.0000000000
51264  29.935  -39.462  31.020 0.0000000000
80614  52.888  -14.875  15.062 0.0000000000
79416  52.194  -14.918  15.087 0.0000000000
52263  24.529  -38.493  44.696 0.0000000000
52287  23.621  -38.482  43.460 0.0000000000
52265  23.045  -38.807  43.945 0.0000000000
51032  22.983  -38.984  44.379 0.0000000000
52203  25.460  -38.713  47.308 0.0000000000
52220  24.869  -38.685  46.608 0.0000000000
50998  23.172  -39.580  46.052 0.0000000000
51016  22.558  -39.759  45.328 0.0000000000
49789  22.013  -40.031  45.097 0.0000000000
49776  21.540  -40.340  45.562 0.0000000000
48523  21.119  -40.636  46.486 0.0000000000
49760  21.118  -40.590  46.012 0.0000000000
48541  19.457  -40.933  45.350 0.0000000000
46195  32.138  -42.481  45.142 0.0000000000
46209  32.877  -43.048  44.828 0.0000000000
45056  32.524  -43.340  44.013 0.0000000000
45074  31.867  -43.229  43.561 0.0000000000
45088  32.048  -43.552  42.849 0.0000000000
46213  30.282  -42.584  43.537 0.0000000000
47397  29.602  -42.267  43.275 0.0000000000
47380  29.246  -41.801  43.755 0.0000000000
48521  28.917  -40.775  46.465 0.0000000000
48520  29.562  -41.211  46.032 0.0000000000
49787  27.900  -40.679  44.430 0.0000000000
48553  28.348  -41.048  44.314 0.0000000000
48570  28.071  -41.124  43.504 0.0000000000
48571  27.300  -40.841  43.308 0.0000000000
48588  27.082  -40.971  42.645 0.0000000000
51048  25.978  -39.259  43.773 0.0000000000
49808  26.180  -39.943  42.865 0.0000000000
75699  48.034  -18.315  37.603 0.0000000000
74523  47.765  -19.480  38.240 0.0000000000
74534  47.672  -19.486  37.319 0.0000000000
73372  47.657  -20.508  37.684 0.0000000000
72224  47.665  -21.522  37.523 0.0000000000
54831  41.917  -37.010  41.525 0.0000000000
59392  44.085  -32.155  38.563 0.0000000000
60558  44.654  -31.132  39.371 0.0000000000
60584  43.905  -31.220  37.914 0.0000000000
58248  41.604  -33.722  37.336 0.0000000000
58247  42.185  -33.636  37.540 0.0000000000
58267  41.664  -33.426  36.655 0.0000000000
59488  41.754  -32.568  35.471 0.0000000000
60618  42.319  -32.132  35.851 0.0000000000
61779  42.830  -31.305  36.407 0.0000000000
61795  42.400  -31.172  35.597 0.0000000000
60656  40.472  -31.583  33.358 0.0000000000
61831  40.501  -30.753  32.946 0.0000000000
61849  40.013  -30.713  32.224 0.0000000000
61850  39.545  -30.986  31.758 0.0000000000
60676  39.525  -31.552  32.109 0.0000000000
59529  38.581  -32.620  32.147 0.0000000000
59568  38.893  -32.043  31.224 0.0000000000
59548  38.503  -32.414  31.456 0.0000000000
59549  37.720  -32.604  31.241 0.0000000000
57202  37.775  -33.794  33.934 0.0000000000
58334  37.799  -33.421  33.241 0.0000000000
57237  35.692  -34.075  31.929 0.0000000000
58354  36.227  -33.724  31.938 0.0000000000
58375  35.871  -33.601  31.347 0.0000000000
58390  36.431  -33.025  30.907 0.0000000000
58391  35.808  -33.192  30.594 0.0000000000
59573  34.952  -32.788  29.622 0.0000000000
58392  34.820  -33.380  30.291 0.0000000000
57248  33.790  -34.138  30.479 0.0000000000
58393  34.138  -33.467  30.037 0.0000000000
57257  33.109  -33.968  29.822 0.0000000000
58407  32.947  -33.690  29.246 0.0000000000
57258  32.313  -34.279  29.492 0.0000000000
51248  27.022  -38.817  33.171 0.0000000000
51247  27.737  -39.113  32.632 0.0000000000
52486  27.012  -38.561  32.455 0.0000000000
53781  25.959  -37.466  30.883 0.0000000000
52508  27.002  -38.024  31.293 0.0000000000
52543  21.887  -38.994  29.685 0.0000000000
53812  23.608  -37.720  30.255 0.0000000000
52559  23.563  -38.886  28.763 0.0000000000
80545  50.911  -15.259  19.454 0.0000000000
78249  49.038  -16.335  18.883 0.0000000000
78263  49.191  -16.453  18.135 0.0000000000
78264  48.618  -16.931  18.579 0.0000000000
75947  47.318  -18.050  21.281 0.0000000000
77144  47.637  -17.438  20.789 0.0000000000
75962  47.441  -18.341  20.612 0.0000000000
75971  47.848  -18.940  19.310 0.0000000000
53692  19.786  -37.053  36.179 0.0000000000
53675  19.296  -37.413  36.794 0.0000000000
52317  22.633  -38.216  41.411 0.0000000000
52305  22.056  -38.474  41.927 0.0000000000
51080  20.425  -38.622  41.672 0.0000000000
51098  20.410  -38.515  40.996 0.0000000000
52334  19.482  -38.420  40.136 0.0000000000
52335  18.787  -38.611  39.950 0.0000000000
51066  18.730  -39.796  42.238 0.0000000000
51124  16.775  -39.573  39.540 0.0000000000
51101  17.767  -39.479  40.853 0.0000000000
47391  37.449  -42.287  42.607 0.0000000000
47390  37.931  -41.944  42.502 0.0000000000
48618  38.329  -41.041  41.250 0.0000000000
48598  38.376  -41.455  41.742 0.0000000000
48597  38.911  -40.920  41.901 0.0000000000
51073  39.344  -40.146  41.633 0.0000000000
51090  39.143  -39.669  41.212 0.0000000000
49893  37.133  -39.903  39.026 0.0000000000
51113  38.050  -39.316  39.806 0.0000000000
52363  36.758  -38.957  38.082 0.0000000000
51152  36.429  -39.567  38.027 0.0000000000
49908  35.365  -40.615  37.174 0.0000000000
49922  34.804  -40.723  36.354 0.0000000000
48703  34.191  -41.480  36.125 0.0000000000
46319  34.120  -43.081  37.779 0.0000000000
47510  33.224  -42.696  36.461 0.0000000000
47528  32.979  -42.327  36.148 0.0000000000
48704  33.331  -41.817  35.768 0.0000000000
48705  32.645  -41.991  35.289 0.0000000000
47548  32.151  -42.272  35.292 0.0000000000
47550  30.866  -41.976  34.937 0.0000000000
47551  30.371  -41.711  34.846 0.0000000000
46263  31.611  -43.413  41.927 0.0000000000
45103  31.743  -43.469  41.617 0.0000000000
46264  31.360  -43.194  41.441 0.0000000000
47472  30.169  -42.527  39.764 0.0000000000
46293  30.472  -42.360  39.142 0.0000000000
46294  29.925  -42.014  38.896 0.0000000000
48627  27.248  -41.089  40.229 0.0000000000
48643  27.824  -41.497  39.658 0.0000000000
47497  28.572  -41.653  38.423 0.0000000000
47496  29.178  -41.634  37.996 0.0000000000
47481  29.779  -41.832  38.248 0.0000000000
48669  29.760  -41.769  37.032 0.0000000000
48670  29.237  -41.533  37.245 0.0000000000
48708  27.839  -40.353  35.749 0.0000000000
49943  27.947  -40.163  35.227 0.0000000000
51212  27.852  -39.552  34.120 0.0000000000
49968  27.463  -39.879  34.793 0.0000000000
51214  25.909  -39.494  34.459 0.0000000000
52468  25.130  -38.774  33.530 0.0000000000
51233  24.615  -38.851  33.851 0.0000000000
49927  24.595  -39.446  36.359 0.0000000000
49948  24.468  -39.583  35.979 0.0000000000
53719  23.196  -37.679  34.748 0.0000000000
52449  23.634  -38.577  34.808 0.0000000000
52469  23.332  -37.902  33.728 0.0000000000
52470  22.697  -37.451  33.192 0.0000000000
73543  51.696  -19.793  26.652 0.0000000000
74674  52.628  -19.459  27.319 0.0000000000
75846  54.396  -18.666  27.846 0.0000000000
75865  54.357  -18.304  27.085 0.0000000000
75863  56.236  -18.058  26.561 0.0000000000
70034  50.052  -22.708  24.369 0.0000000000
70033  50.519  -22.604  24.752 0.0000000000
70044  50.832  -22.693  23.834 0.0000000000
53471  26.099  -38.112  49.905 0.0000000000
52161  25.074  -38.631  50.497 0.0000000000
50920  24.160  -39.393  50.766 0.0000000000
49698  23.622  -39.628  50.773 0.0000000000
49711  22.673  -40.525  50.229 0.0000000000
48475  22.040  -41.138  49.430 0.0000000000
48492  19.245  -41.830  48.561 0.0000000000
48508  19.356  -41.782  47.943 0.0000000000
48525  19.103  -41.417  46.781 0.0000000000
47349  18.718  -41.887  47.653 0.0000000000
47300  16.599  -42.746  50.180 0.0000000000
47299  17.309  -42.259  50.459 0.0000000000
47309  17.366  -42.331  49.521 0.0000000000
47308  18.119  -42.001  49.811 0.0000000000
47339  15.813  -42.412  47.167 0.0000000000
47338  16.597  -42.207  47.419 0.0000000000
47352  16.497  -42.141  46.468 0.0000000000
47351  17.235  -41.789  46.869 0.0000000000
46218  14.338  -43.096  44.715 0.0000000000
45036  12.777  -44.468  46.215 0.0000000000
81712  54.515  -13.227  19.976 0.0000000000
81714  53.050  -13.942  19.945 0.0000000000
81694  53.817  -13.476  20.785 0.0000000000
81679  52.280  -13.807  21.081 0.0000000000
81649  54.062  -13.270  24.063 0.0000000000
80475  51.057  -14.472  24.550 0.0000000000
80484  51.696  -14.256  23.759 0.0000000000
79310  50.182  -15.085  22.787 0.0000000000
79312  48.670  -15.937  23.501 0.0000000000
79293  49.289  -15.574  24.226 0.0000000000
78163  48.470  -16.656  25.448 0.0000000000
79275  48.550  -16.396  24.902 0.0000000000
77079  47.803  -17.910  25.578 0.0000000000
77064  48.050  -17.827  26.221 0.0000000000
79245  49.991  -15.857  26.915 0.0000000000
78144  49.633  -16.455  27.664 0.0000000000
75826  48.420  -18.441  28.230 0.0000000000
75827  48.026  -18.946  27.855 0.0000000000
74695  48.044  -19.410  26.734 0.0000000000
74694  48.498  -19.870  27.242 0.0000000000
73527  49.054  -19.938  27.841 0.0000000000
73502  50.558  -20.378  28.671 0.0000000000
73479  52.617  -20.202  29.652 0.0000000000
73448  50.564  -20.166  31.544 0.0000000000
73462  50.036  -20.359  30.695 0.0000000000
73447  51.540  -20.453  31.595 0.0000000000
73444  54.132  -21.651  31.436 0.0000000000
73458  54.314  -21.073  30.705 0.0000000000
72341  54.458  -21.648  30.273 0.0000000000
71094  52.797  -22.910  29.889 0.0000000000
78042  51.067  -16.661  34.560 0.0000000000
74557  51.101  -19.407  35.090 0.0000000000
73408  51.921  -20.676  34.295 0.0000000000
72258  51.606  -21.211  34.327 0.0000000000
73411  48.946  -20.400  34.477 0.0000000000
73410  49.982  -20.315  34.795 0.0000000000
72260  49.568  -21.003  34.104 0.0000000000
71048  50.090  -22.069  32.073 0.0000000000
72275  50.201  -21.729  33.294 0.0000000000
71047  50.747  -22.169  32.409 0.0000000000
71062  51.388  -22.514  31.693 0.0000000000
71097  49.697  -22.640  29.566 0.0000000000
71119  50.299  -22.794  28.588 0.0000000000
71143  48.641  -22.609  27.448 0.0000000000
71179  47.319  -22.441  25.404 0.0000000000
71163  46.887  -22.193  26.480 0.0000000000
72344  46.805  -21.845  29.940 0.0000000000
71146  45.273  -22.477  27.511 0.0000000000
69826  48.331  -23.658  37.543 0.0000000000
69827  47.965  -22.979  37.331 0.0000000000
70995  47.561  -22.443  36.848 0.0000000000
69846  47.821  -23.614  36.592 0.0000000000
63994  45.386  -28.138  38.169 0.0000000000
63983  45.410  -28.148  38.844 0.0000000000
63993  45.813  -27.492  38.415 0.0000000000
65135  46.370  -26.861  38.081 0.0000000000
64018  44.040  -28.055  35.885 0.0000000000
65157  44.650  -27.531  35.728 0.0000000000
66390  45.925  -26.678  35.114 0.0000000000
65156  45.515  -27.060  35.865 0.0000000000
66375  46.227  -26.711  35.939 0.0000000000
66374  46.907  -26.496  36.569 0.0000000000
66387  47.982  -25.612  36.743 0.0000000000
66388  47.733  -25.970  35.915 0.0000000000
66414  46.900  -25.715  33.773 0.0000000000
67603  47.653  -25.389  35.091 0.0000000000
68777  47.444  -24.796  34.613 0.0000000000
68767  47.191  -24.164  34.971 0.0000000000
68786  47.137  -24.876  33.884 0.0000000000
68787  46.615  -24.527  33.431 0.0000000000
66440  45.615  -25.527  31.392 0.0000000000
67628  46.007  -25.330  31.674 0.0000000000
67629  45.622  -25.308  30.998 0.0000000000
68814  45.492  -24.751  30.529 0.0000000000
67640  45.254  -25.450  30.151 0.0000000000
66457  42.722  -26.015  30.640 0.0000000000
66456  43.749  -26.323  30.280 0.0000000000
66487  43.665  -25.745  28.460 0.0000000000
66486  44.058  -25.666  28.228 0.0000000000
67657  44.408  -25.493  28.623 0.0000000000
66504  43.885  -25.499  27.747 0.0000000000
67668  44.036  -25.300  27.572 0.0000000000
67669  43.473  -25.393  27.297 0.0000000000
67687  41.613  -25.263  25.221 0.0000000000
66519  38.558  -26.282  26.739 0.0000000000
67690  38.689  -25.790  25.893 0.0000000000
66532  38.169  -25.992  26.075 0.0000000000
66558  36.686  -26.520  24.298 0.0000000000
65311  37.221  -26.806  23.191 0.0000000000
62950  38.800  -30.064  30.247 0.0000000000
62951  38.409  -30.208  29.795 0.0000000000
61925  36.702  -30.254  27.681 0.0000000000
62985  37.111  -29.633  28.248 0.0000000000
64113  36.684  -29.149  27.564 0.0000000000
63022  36.303  -29.581  26.674 0.0000000000
60763  35.195  -31.570  26.823 0.0000000000
61985  34.380  -30.070  24.233 0.0000000000
61957  35.342  -30.310  25.893 0.0000000000
61968  34.863  -29.875  25.065 0.0000000000
52447  34.118  -38.053  34.719 0.0000000000
53717  34.609  -37.515  34.792 0.0000000000
54933  34.251  -36.599  34.145 0.0000000000
54934  33.648  -36.980  34.027 0.0000000000
51227  32.026  -39.559  33.143 0.0000000000
52465  32.583  -38.492  33.098 0.0000000000
54955  32.454  -36.719  32.146 0.0000000000
54954  32.914  -36.361  32.361 0.0000000000
54968  32.837  -35.938  31.667 0.0000000000
56139  32.769  -35.769  31.277 0.0000000000
56160  30.832  -35.738  29.600 0.0000000000
56159  31.578  -35.282  29.814 0.0000000000
57269  31.528  -34.148  28.875 0.0000000000
57270  30.678  -34.727  28.622 0.0000000000
51267  28.114  -39.254  31.654 0.0000000000
51266  28.603  -39.706  31.324 0.0000000000
51301  28.484  -39.231  29.566 0.0000000000
51300  28.882  -39.059  29.710 0.0000000000
52536  29.200  -38.646  29.650 0.0000000000
52553  28.928  -38.432  29.089 0.0000000000
52579  26.717  -38.267  27.090 0.0000000000
52569  27.141  -38.434  27.791 0.0000000000
55040  28.098  -36.874  27.602 0.0000000000
55020  28.520  -37.325  28.268 0.0000000000
55019  29.053  -36.692  28.549 0.0000000000
55018  29.709  -36.161  28.759 0.0000000000
57304  28.561  -34.893  26.474 0.0000000000
57303  29.079  -34.832  27.040 0.0000000000
58438  29.994  -34.169  27.618 0.0000000000
80628  55.739  -14.148  13.676 0.0000000000
79386  51.163  -15.336  17.788 0.0000000000
80581  51.845  -15.142  17.354 0.0000000000
79418  50.493  -15.613  15.459 0.0000000000
79425  50.511  -15.646  14.450 0.0000000000
74712  51.214  -19.767  25.521 0.0000000000
74731  51.746  -19.330  24.906 0.0000000000
50944  27.827  -38.445  49.046 0.0000000000
50930  27.257  -38.464  49.846 0.0000000000
53639  38.858  -37.633  39.440 0.0000000000
53638  39.687  -37.467  39.943 0.0000000000
54871  39.657  -36.387  38.768 0.0000000000
54883  39.314  -35.984  38.269 0.0000000000
56039  39.935  -35.719  38.250 0.0000000000
56049  38.574  -35.441  37.407 0.0000000000
56050  37.884  -35.511  36.998 0.0000000000
56063  37.574  -35.168  36.180 0.0000000000
48573  17.252  -40.901  43.712 0.0000000000
47425  15.835  -41.653  42.733 0.0000000000
47383  15.475  -42.575  44.275 0.0000000000
45070  35.301  -44.146  42.955 0.0000000000
45069  35.944  -43.884  42.480 0.0000000000
45099  34.480  -44.572  41.773 0.0000000000
45129  33.840  -43.754  40.058 0.0000000000
45114  33.794  -44.125  40.897 0.0000000000
45131  32.674  -43.665  40.503 0.0000000000
51095  25.521  -39.698  40.391 0.0000000000
78088  51.347  -16.475  32.053 0.0000000000
76959  50.700  -17.441  32.539 0.0000000000
76958  51.305  -16.948  33.029 0.0000000000
71032  45.954  -22.339  33.528 0.0000000000
71033  45.870  -22.868  33.129 0.0000000000
69892  45.963  -23.412  32.944 0.0000000000
64054  41.352  -28.948  33.776 0.0000000000
65186  40.812  -28.292  33.249 0.0000000000
65196  40.928  -27.565  32.664 0.0000000000
66445  41.351  -26.988  31.934 0.0000000000
66446  40.684  -27.357  31.721 0.0000000000
66475  39.485  -27.216  30.022 0.0000000000
65228  39.078  -27.786  29.949 0.0000000000
65229  38.477  -28.211  29.563 0.0000000000
49990  30.877  -40.844  33.097 0.0000000000
50023  29.454  -40.036  31.390 0.0000000000
80601  55.000  -14.196  16.881 0.0000000000
79398  52.061  -15.111  16.562 0.0000000000
51049  25.234  -38.716  43.639 0.0000000000
52285  25.179  -38.613  44.126 0.0000000000
50982  23.886  -38.712  47.470 0.0000000000
52205  24.064  -38.700  47.023 0.0000000000
49758  22.417  -40.146  46.484 0.0000000000
49743  21.935  -40.459  46.991 0.0000000000
48506  21.281  -40.734  47.244 0.0000000000
46196  31.590  -42.542  44.794 0.0000000000
46211  31.380  -42.753  44.098 0.0000000000
47377  31.018  -42.466  44.871 0.0000000000
47378  30.526  -42.434  44.489 0.0000000000
47363  29.997  -42.088  44.804 0.0000000000
49755  27.973  -40.429  46.396 0.0000000000
49788  27.250  -40.212  44.170 0.0000000000
49807  26.841  -40.268  43.342 0.0000000000
56009  42.385  -35.605  40.727 0.0000000000
58152  44.068  -32.819  40.830 0.0000000000
59363  44.362  -32.053  40.135 0.0000000000
59377  43.727  -32.827  39.142 0.0000000000
59393  43.622  -32.628  38.509 0.0000000000
57161  41.142  -33.671  36.314 0.0000000000
58286  41.541  -33.501  36.182 0.0000000000
58287  41.239  -33.436  35.760 0.0000000000
58309  40.921  -32.927  35.180 0.0000000000
59489  41.296  -32.512  34.882 0.0000000000
60634  41.537  -31.834  34.401 0.0000000000
59507  41.061  -32.533  34.118 0.0000000000
59508  40.416  -32.423  33.649 0.0000000000
59527  39.943  -32.067  33.220 0.0000000000
59528  39.341  -32.296  32.676 0.0000000000
56108  36.363  -34.705  33.546 0.0000000000
57221  36.673  -34.047  32.875 0.0000000000
57238  34.971  -34.230  31.614 0.0000000000
57239  34.220  -34.462  31.255 0.0000000000
56148  33.205  -34.863  30.635 0.0000000000
52467  25.699  -38.699  33.331 0.0000000000
52487  26.106  -38.310  32.527 0.0000000000
53782  24.973  -37.478  30.982 0.0000000000
79346  50.257  -15.263  20.853 0.0000000000
79358  50.230  -15.435  19.946 0.0000000000
79359  49.508  -15.685  20.518 0.0000000000
74821  48.235  -19.446  20.509 0.0000000000
74822  47.679  -19.036  20.616 0.0000000000
52399  19.293  -37.512  37.354 0.0000000000
51062  22.018  -38.659  42.347 0.0000000000
51081  19.473  -39.109  41.733 0.0000000000
49849  17.238  -40.153  41.540 0.0000000000
49867  17.096  -39.900  40.810 0.0000000000
49887  16.015  -39.988  39.116 0.0000000000
47438  36.804  -42.999  41.210 0.0000000000
47437  37.422  -42.490  41.464 0.0000000000
48619  37.855  -41.539  40.959 0.0000000000
49858  37.819  -41.038  40.316 0.0000000000
49857  38.282  -40.496  40.653 0.0000000000
49879  36.861  -40.992  39.263 0.0000000000
49894  36.673  -40.450  38.737 0.0000000000
48667  35.693  -41.501  37.914 0.0000000000
48668  35.091  -41.599  37.366 0.0000000000
46339  33.585  -43.236  37.015 0.0000000000
46354  32.041  -42.850  36.200 0.0000000000
47530  31.803  -42.572  35.781 0.0000000000
47512  31.460  -42.577  36.186 0.0000000000
47418  30.335  -42.669  42.116 0.0000000000
47439  30.671  -42.768  41.497 0.0000000000
47440  29.778  -42.503  41.514 0.0000000000
48645  26.331  -40.805  38.619 0.0000000000
48655  27.026  -41.060  38.206 0.0000000000
49969  26.479  -39.874  35.013 0.0000000000
49945  26.150  -40.219  35.678 0.0000000000
49971  24.827  -39.689  35.329 0.0000000000
52416  23.746  -38.347  36.703 0.0000000000
52432  23.684  -38.336  35.797 0.0000000000
53735  22.355  -37.121  33.756 0.0000000000
73500  52.959  -19.781  28.516 0.0000000000
74673  53.226  -19.261  27.817 0.0000000000
74672  53.941  -18.948  28.157 0.0000000000
75825  54.395  -18.910  28.285 0.0000000000
75823  55.400  -18.929  28.143 0.0000000000
73561  54.106  -20.617  26.040 0.0000000000
48456  21.499  -40.703  51.524 0.0000000000
48466  21.082  -41.011  50.493 0.0000000000
48476  20.720  -41.286  49.595 0.0000000000
48477  19.954  -41.472  49.821 0.0000000000
47321  18.939  -41.892  49.171 0.0000000000
46154  15.212  -43.789  50.268 0.0000000000
46153  15.927  -43.121  49.796 0.0000000000
46171  15.983  -42.624  48.332 0.0000000000
47325  16.051  -42.465  47.892 0.0000000000
46186  14.993  -42.885  46.106 0.0000000000
81677  53.931  -13.254  21.893 0.0000000000
81662  53.085  -13.516  22.551 0.0000000000
81639  53.421  -13.669  24.648 0.0000000000
81623  52.889  -13.917  25.120 0.0000000000
78162  48.970  -16.239  25.943 0.0000000000
78133  49.829  -16.529  28.693 0.0000000000
77044  49.291  -16.991  28.310 0.0000000000
77027  48.937  -17.567  28.606 0.0000000000
74652  48.521  -19.433  28.816 0.0000000000
73504  48.879  -19.770  28.355 0.0000000000
73481  50.270  -20.475  29.743 0.0000000000
73434  51.786  -20.378  32.598 0.0000000000
73446  52.651  -20.666  31.733 0.0000000000
71072  54.140  -22.188  31.442 0.0000000000
71092  54.243  -22.154  30.986 0.0000000000
71073  53.841  -22.420  31.354 0.0000000000
69941  52.186  -23.100  30.388 0.0000000000
76921  50.691  -17.143  35.444 0.0000000000
76920  51.046  -17.641  35.254 0.0000000000
72292  49.354  -21.855  32.407 0.0000000000
71182  44.435  -22.909  25.931 0.0000000000
71166  44.378  -23.189  26.689 0.0000000000
70030  44.021  -23.444  26.116 0.0000000000
69813  48.478  -23.636  38.438 0.0000000000
68752  48.328  -24.635  36.975 0.0000000000
61752  45.150  -29.954  38.817 0.0000000000
62833  45.109  -29.260  38.661 0.0000000000
65170  44.432  -27.014  34.651 0.0000000000
66427  45.764  -25.664  31.962 0.0000000000
66489  42.015  -25.684  28.976 0.0000000000
67659  42.817  -25.454  27.975 0.0000000000
67670  42.692  -25.480  27.116 0.0000000000
67704  39.610  -25.371  24.659 0.0000000000
66520  37.498  -26.997  27.047 0.0000000000
60723  38.143  -31.501  29.768 0.0000000000
61905  38.129  -30.775  29.472 0.0000000000
60742  37.327  -31.112  28.628 0.0000000000
61970  33.634  -30.753  25.285 0.0000000000
61958  34.939  -30.781  25.907 0.0000000000
61986  33.644  -30.528  24.591 0.0000000000
52415  34.814  -39.180  36.015 0.0000000000
52429  34.955  -38.088  35.763 0.0000000000
52484  31.542  -38.847  32.315 0.0000000000
53778  31.676  -37.304  31.789 0.0000000000
54982  31.825  -36.010  30.847 0.0000000000
54983  31.274  -36.588  30.832 0.0000000000
56151  31.063  -36.190  30.235 0.0000000000
52525  27.671  -38.815  30.399 0.0000000000
51320  27.940  -39.348  29.258 0.0000000000
51319  28.096  -39.334  28.937 0.0000000000
53883  26.834  -37.752  26.605 0.0000000000
55066  27.800  -36.537  27.027 0.0000000000
56182  28.375  -36.177  27.410 0.0000000000
79408  49.877  -16.230  16.905 0.0000000000
75885  53.115  -18.636  25.509 0.0000000000
75902  53.120  -18.481  24.900 0.0000000000
50963  26.502  -38.775  48.486 0.0000000000
52191  25.159  -38.605  48.112 0.0000000000
52192  24.421  -38.631  48.418 0.0000000000
49739  28.627  -40.341  46.945 0.0000000000
49754  28.419  -40.485  46.647 0.0000000000
50995  27.784  -40.132  46.842 0.0000000000
52309  40.602  -38.535  42.069 0.0000000000
53620  40.890  -38.085  41.651 0.0000000000
53628  41.544  -37.309  41.310 0.0000000000
54851  41.694  -36.681  40.857 0.0000000000
54852  40.953  -36.852  40.543 0.0000000000
56010  41.792  -35.883  40.329 0.0000000000
56027  42.101  -35.367  40.043 0.0000000000
57087  42.256  -34.716  39.405 0.0000000000
58219  42.583  -34.090  38.617 0.0000000000
57112  42.128  -34.455  38.683 0.0000000000
57131  41.465  -34.192  37.734 0.0000000000
57133  39.912  -34.511  37.178 0.0000000000
57145  40.518  -33.962  36.776 0.0000000000
57162  40.537  -33.755  36.083 0.0000000000
57178  39.370  -33.474  35.151 0.0000000000
58312  38.999  -33.070  34.320 0.0000000000
57179  38.715  -33.627  34.811 0.0000000000
57180  37.855  -34.238  34.542 0.0000000000
56091  37.231  -34.676  34.532 0.0000000000
56110  34.586  -35.797  33.486 0.0000000000
51288  21.133  -39.591  29.957 0.0000000000
51305  21.530  -39.747  29.391 0.0000000000
78211  48.170  -16.418  22.843 0.0000000000
78223  48.379  -16.414  21.813 0.0000000000
78212  47.785  -17.017  22.252 0.0000000000
77130  47.506  -17.574  21.714 0.0000000000
75928  47.392  -18.260  22.016 0.0000000000
74775  47.613  -18.950  22.227 0.0000000000
74798  47.958  -19.209  21.411 0.0000000000
74797  48.732  -19.584  21.415 0.0000000000
53690  21.863  -37.181  36.593 0.0000000000
53673  21.085  -37.147  37.330 0.0000000000
53656  20.492  -37.257  37.968 0.0000000000
52374  19.471  -37.655  38.247 0.0000000000
52351  19.054  -38.281  39.288 0.0000000000
51052  20.443  -39.633  43.606 0.0000000000
49829  19.960  -40.008  43.372 0.0000000000
49830  19.385  -40.076  43.028 0.0000000000
49831  18.510  -40.065  42.604 0.0000000000
49812  18.017  -40.444  43.271 0.0000000000
49832  17.559  -40.439  42.589 0.0000000000
48628  15.975  -40.839  41.403 0.0000000000
45083  36.162  -43.919  41.904 0.0000000000
45097  36.164  -43.789  41.503 0.0000000000
46261  36.650  -43.355  41.575 0.0000000000
46273  36.450  -43.325  40.963 0.0000000000
46287  36.298  -43.205  40.348 0.0000000000
47471  35.737  -42.895  39.305 0.0000000000
46300  35.310  -43.158  39.205 0.0000000000
46301  34.648  -43.340  38.793 0.0000000000
46302  33.784  -43.510  38.550 0.0000000000
45143  33.742  -43.752  39.253 0.0000000000
46305  31.225  -42.596  38.261 0.0000000000
49910  25.706  -40.196  37.365 0.0000000000
51174  24.612  -39.253  36.739 0.0000000000
51157  24.303  -38.750  37.087 0.0000000000
52417  23.066  -37.998  37.122 0.0000000000
73498  55.091  -20.544  28.711 0.0000000000
72372  54.646  -21.029  28.373 0.0000000000
72380  54.536  -20.969  27.613 0.0000000000
71157  53.243  -21.755  26.957 0.0000000000
72390  53.575  -21.172  26.266 0.0000000000
72396  53.517  -21.140  25.337 0.0000000000
45005  14.693  -44.402  50.434 0.0000000000
45027  13.663  -44.047  47.772 0.0000000000
46180  13.650  -43.985  47.431 0.0000000000
43844  12.740  -45.581  48.139 0.0000000000
75784  49.336  -18.350  31.036 0.0000000000
74605  48.902  -19.200  30.629 0.0000000000
74590  49.668  -19.274  31.516 0.0000000000
74579  50.509  -19.331  32.370 0.0000000000
75751  50.137  -18.423  32.411 0.0000000000
72272  52.535  -21.665  33.172 0.0000000000
75722  48.998  -18.806  35.721 0.0000000000
74548  49.602  -19.487  35.310 0.0000000000
74559  48.735  -19.827  34.984 0.0000000000
73423  48.346  -20.768  34.137 0.0000000000
72324  47.414  -21.809  30.781 0.0000000000
72325  46.665  -21.877  30.485 0.0000000000
71080  46.001  -22.381  30.923 0.0000000000
71065  46.039  -22.436  31.920 0.0000000000
69969  44.692  -24.027  29.299 0.0000000000
66352  47.334  -25.722  38.830 0.0000000000
62871  42.930  -29.404  35.851 0.0000000000
64006  43.637  -29.013  36.548 0.0000000000
64053  41.824  -28.265  33.968 0.0000000000
65172  42.728  -27.804  34.539 0.0000000000
65171  43.395  -27.511  34.788 0.0000000000
66403  43.660  -26.820  34.289 0.0000000000
66506  40.261  -26.052  27.380 0.0000000000
66517  40.012  -26.097  26.772 0.0000000000
65271  36.979  -27.487  27.007 0.0000000000
65272  36.541  -27.905  26.619 0.0000000000
59594  35.482  -32.377  29.050 0.0000000000
59611  35.937  -31.901  28.445 0.0000000000
60745  34.860  -31.957  27.512 0.0000000000
60786  33.440  -31.478  26.346 0.0000000000
60805  33.563  -31.071  25.730 0.0000000000
61971  33.210  -30.966  25.367 0.0000000000
49964  32.856  -40.803  34.488 0.0000000000
51210  32.647  -40.123  33.887 0.0000000000
50005  31.085  -40.340  32.703 0.0000000000
51245  31.340  -39.583  32.379 0.0000000000
51244  31.726  -39.152  32.621 0.0000000000
52505  31.152  -38.795  31.774 0.0000000000
53780  30.371  -38.217  30.839 0.0000000000
52571  25.173  -38.959  27.642 0.0000000000
51337  25.877  -38.977  26.711 0.0000000000
51354  25.850  -38.886  26.374 0.0000000000
52581  25.767  -38.816  25.949 0.0000000000
80621  53.740  -14.500  14.368 0.0000000000
80622  52.810  -14.673  14.135 0.0000000000
80623  51.980  -14.856  14.016 0.0000000000
52315  24.108  -38.314  42.048 0.0000000000
52303  23.486  -38.373  42.600 0.0000000000
52238  24.698  -38.635  45.628 0.0000000000
52239  23.814  -38.843  45.360 0.0000000000
51034  20.972  -39.541  44.200 0.0000000000
51035  20.430  -39.711  44.165 0.0000000000
49791  20.461  -40.084  44.658 0.0000000000
49792  19.689  -40.447  44.556 0.0000000000
49778  20.114  -40.557  45.094 0.0000000000
48554  19.208  -40.720  44.647 0.0000000000
45055  33.296  -43.792  44.067 0.0000000000
45087  32.996  -44.442  42.785 0.0000000000
46229  31.270  -42.893  43.593 0.0000000000
46230  30.932  -42.889  43.324 0.0000000000
46249  30.368  -42.704  42.557 0.0000000000
47442  28.462  -41.779  42.278 0.0000000000
48519  29.935  -41.449  45.802 0.0000000000
48537  29.704  -41.607  45.350 0.0000000000
48551  29.638  -41.823  44.684 0.0000000000
49772  28.635  -40.998  45.123 0.0000000000
48552  28.938  -41.442  44.510 0.0000000000
47399  28.552  -41.490  43.324 0.0000000000
47421  28.483  -41.583  42.890 0.0000000000
49828  26.143  -40.085  42.248 0.0000000000
49847  25.950  -39.958  41.698 0.0000000000
71176  50.618  -22.535  25.459 0.0000000000
70029  49.580  -22.751  24.871 0.0000000000
78028  50.171  -16.486  35.454 0.0000000000
76906  50.045  -17.180  35.825 0.0000000000
75709  49.820  -17.783  35.959 0.0000000000
76907  49.343  -17.276  36.307 0.0000000000
74539  48.282  -18.966  36.001 0.0000000000
74540  47.628  -19.472  36.307 0.0000000000
74533  47.844  -18.940  37.636 0.0000000000
73384  46.968  -20.863  36.057 0.0000000000
70996  46.980  -22.205  36.197 0.0000000000
61740  44.875  -30.514  39.180 0.0000000000
61753  44.765  -30.402  38.714 0.0000000000
58246  42.814  -33.259  37.666 0.0000000000
59416  43.165  -32.827  37.746 0.0000000000
60586  42.966  -32.507  37.398 0.0000000000
60602  42.970  -31.664  37.019 0.0000000000
61809  41.615  -30.965  34.091 0.0000000000
62886  41.347  -30.032  33.997 0.0000000000
62906  40.859  -29.916  33.340 0.0000000000
62907  40.460  -29.881  32.573 0.0000000000
62921  40.028  -29.821  31.944 0.0000000000
62936  39.680  -29.856  31.346 0.0000000000
61872  39.307  -30.720  31.236 0.0000000000
61888  38.866  -30.775  30.608 0.0000000000
60708  38.878  -31.500  30.930 0.0000000000
60709  38.546  -31.529  30.328 0.0000000000
59591  38.158  -32.041  30.139 0.0000000000
59592  37.561  -32.112  29.748 0.0000000000
58352  37.771  -33.066  32.474 0.0000000000
58353  36.836  -33.513  32.333 0.0000000000
58373  37.400  -32.910  31.915 0.0000000000
59550  37.054  -32.679  30.870 0.0000000000
59571  36.754  -32.684  30.172 0.0000000000
59595  34.496  -32.773  28.951 0.0000000000
58406  33.704  -33.419  29.477 0.0000000000
59596  33.687  -32.924  28.694 0.0000000000
52507  27.801  -38.788  31.185 0.0000000000
52526  27.068  -38.384  29.955 0.0000000000
53833  26.618  -38.110  29.558 0.0000000000
53853  25.826  -38.180  28.642 0.0000000000
53784  23.464  -37.733  30.884 0.0000000000
53811  24.421  -37.393  30.145 0.0000000000
51303  23.133  -39.161  28.816 0.0000000000
52541  23.999  -37.955  29.055 0.0000000000
53835  24.764  -37.631  29.186 0.0000000000
53854  25.334  -38.060  28.652 0.0000000000
79368  51.107  -15.310  18.682 0.0000000000
79387  50.398  -15.619  18.211 0.0000000000
79401  49.773  -16.018  17.746 0.0000000000
78270  49.342  -16.640  17.360 0.0000000000
78276  49.043  -17.076  17.120 0.0000000000
78237  47.849  -17.063  20.952 0.0000000000
77154  47.980  -17.273  20.130 0.0000000000
77160  47.998  -17.594  19.172 0.0000000000
75972  47.662  -18.811  19.814 0.0000000000
77161  47.752  -18.342  19.385 0.0000000000
77167  48.420  -17.713  18.101 0.0000000000
53709  19.436  -37.026  35.252 0.0000000000
52332  21.412  -38.155  40.380 0.0000000000
52319  20.924  -38.470  41.020 0.0000000000
51100  18.879  -38.996  40.769 0.0000000000
51122  18.237  -39.003  40.015 0.0000000000
51142  17.997  -38.964  39.307 0.0000000000
52376  17.489  -38.732  38.292 0.0000000000
48581  38.363  -41.482  42.278 0.0000000000
49820  39.847  -39.721  42.691 0.0000000000
51056  40.144  -39.231  42.461 0.0000000000
52310  40.161  -38.925  41.819 0.0000000000
52323  39.793  -38.697  41.295 0.0000000000
52324  39.168  -38.927  40.676 0.0000000000
49877  38.235  -40.011  40.010 0.0000000000
52341  38.826  -38.468  40.024 0.0000000000
52342  38.079  -38.259  39.257 0.0000000000
52389  37.089  -37.921  37.774 0.0000000000
53664  36.992  -37.348  37.487 0.0000000000
52390  36.407  -38.472  37.425 0.0000000000
52391  35.762  -39.065  37.031 0.0000000000
51172  35.484  -39.640  36.789 0.0000000000
51173  35.069  -39.700  36.311 0.0000000000
49942  33.448  -40.802  35.052 0.0000000000
47493  34.793  -42.401  37.576 0.0000000000
48684  34.533  -41.757  36.797 0.0000000000
48728  31.350  -41.625  34.420 0.0000000000
47549  31.579  -42.189  35.043 0.0000000000
48750  29.814  -40.902  33.570 0.0000000000
49966  29.384  -40.574  33.838 0.0000000000
45116  32.404  -43.626  41.128 0.0000000000
46275  32.217  -43.530  40.451 0.0000000000
47457  31.019  -42.867  40.962 0.0000000000
46276  31.475  -43.239  40.495 0.0000000000
46292  31.400  -42.905  39.303 0.0000000000
48625  28.497  -41.866  40.778 0.0000000000
47474  28.577  -41.817  40.051 0.0000000000
46307  29.885  -41.910  38.570 0.0000000000
46324  30.461  -42.304  37.508 0.0000000000
47494  30.525  -42.428  37.055 0.0000000000
47514  30.215  -41.999  36.725 0.0000000000
48706  29.494  -41.214  35.787 0.0000000000
48687  28.784  -41.130  36.558 0.0000000000
48731  29.112  -40.634  34.534 0.0000000000
51211  28.272  -39.671  33.975 0.0000000000
51230  27.366  -39.234  33.595 0.0000000000
51231  26.363  -39.073  33.730 0.0000000000
52489  23.920  -38.073  32.780 0.0000000000
49947  24.847  -39.926  35.965 0.0000000000
49972  24.370  -39.638  35.487 0.0000000000
51216  24.152  -39.399  34.745 0.0000000000
51250  24.036  -38.459  33.531 0.0000000000
53786  21.264  -37.711  31.839 0.0000000000
53756  21.211  -37.222  32.525 0.0000000000
53787  20.741  -38.088  31.676 0.0000000000
73563  49.993  -20.141  25.674 0.0000000000
73544  50.988  -20.067  26.413 0.0000000000
74693  51.679  -19.821  26.154 0.0000000000
74711  52.129  -19.526  25.693 0.0000000000
74691  53.091  -19.134  26.991 0.0000000000
74710  52.978  -18.995  26.066 0.0000000000
73497  55.501  -19.984  28.250 0.0000000000
74671  55.711  -19.276  27.880 0.0000000000
75844  55.773  -18.503  27.425 0.0000000000
75864  55.394  -17.756  26.578 0.0000000000
71185  51.687  -22.339  24.540 0.0000000000
71196  51.304  -22.535  24.177 0.0000000000
53469  27.640  -37.919  50.379 0.0000000000
50931  25.980  -38.439  49.904 0.0000000000
50918  25.390  -38.587  50.247 0.0000000000
50932  25.024  -39.024  50.113 0.0000000000
50933  24.076  -39.367  50.020 0.0000000000
50934  23.408  -39.647  49.628 0.0000000000
49688  23.596  -39.572  51.156 0.0000000000
49710  23.203  -39.837  50.317 0.0000000000
49729  22.772  -40.089  48.626 0.0000000000
48489  21.977  -40.613  48.215 0.0000000000
48526  18.293  -41.459  46.519 0.0000000000
47297  18.961  -41.818  50.949 0.0000000000
47307  18.863  -41.768  50.128 0.0000000000
47336  18.122  -42.192  48.042 0.0000000000
47323  17.399  -42.367  48.605 0.0000000000
47350  18.085  -41.702  47.181 0.0000000000
47365  17.218  -41.694  45.852 0.0000000000
46217  15.111  -42.875  44.863 0.0000000000
46235  14.926  -42.968  44.173 0.0000000000
46201  13.635  -43.501  45.603 0.0000000000
80560  53.969  -13.973  18.859 0.0000000000
81726  54.953  -13.569  19.234 0.0000000000
80542  53.400  -13.882  19.365 0.0000000000
80543  52.857  -14.106  19.624 0.0000000000
80529  52.571  -14.132  20.185 0.0000000000
80530  51.995  -14.241  20.455 0.0000000000
81696  52.363  -14.003  20.645 0.0000000000
80517  50.956  -14.690  21.186 0.0000000000
79327  50.168  -15.028  21.783 0.0000000000
79328  49.458  -15.378  22.257 0.0000000000
81660  54.674  -12.832  23.465 0.0000000000
81661  53.936  -13.206  23.009 0.0000000000
81651  52.346  -13.841  23.185 0.0000000000
81640  52.502  -13.986  24.317 0.0000000000
80498  51.580  -14.195  22.709 0.0000000000
79329  48.771  -15.809  22.572 0.0000000000
78195  48.141  -16.595  23.742 0.0000000000
78179  47.728  -17.197  23.943 0.0000000000
78178  48.157  -16.875  24.605 0.0000000000
77091  47.610  -17.777  24.593 0.0000000000
75886  47.525  -18.717  25.117 0.0000000000
78154  49.269  -16.298  26.658 0.0000000000
77063  48.340  -17.416  26.715 0.0000000000
74714  48.554  -19.995  26.266 0.0000000000
73525  50.825  -20.265  27.578 0.0000000000
73463  49.407  -19.879  30.757 0.0000000000
73460  52.126  -20.464  30.698 0.0000000000
72358  54.746  -21.273  29.243 0.0000000000
71116  53.551  -22.237  29.238 0.0000000000
71141  50.823  -22.689  27.561 0.0000000000
78055  51.085  -16.557  34.040 0.0000000000
75739  51.120  -18.341  34.159 0.0000000000
75731  51.220  -18.245  34.923 0.0000000000
73421  52.323  -21.052  33.729 0.0000000000
71029  52.454  -22.072  33.070 0.0000000000
72274  51.294  -21.734  33.706 0.0000000000
71030  51.867  -22.167  33.183 0.0000000000
71045  52.457  -22.347  32.571 0.0000000000
71061  52.291  -22.624  31.848 0.0000000000
71075  51.919  -22.812  31.028 0.0000000000
69967  51.683  -23.193  30.030 0.0000000000
71095  51.920  -23.059  29.510 0.0000000000
71145  46.332  -22.273  27.508 0.0000000000
72210  47.854  -21.083  38.008 0.0000000000
66361  47.434  -25.811  38.002 0.0000000000
64005  44.231  -28.451  36.638 0.0000000000
65143  46.440  -26.770  37.377 0.0000000000
66362  47.004  -26.382  37.594 0.0000000000
67583  47.931  -25.509  37.232 0.0000000000
67582  48.177  -25.212  37.260 0.0000000000
68765  48.285  -24.890  36.257 0.0000000000
67594  48.108  -25.310  35.832 0.0000000000
68753  48.151  -24.415  36.490 0.0000000000
69861  47.171  -23.577  35.619 0.0000000000
69862  46.514  -23.528  34.786 0.0000000000
69876  46.044  -23.645  33.758 0.0000000000
69891  46.216  -24.077  32.867 0.0000000000
69905  46.164  -24.327  32.424 0.0000000000
68802  46.370  -25.012  31.978 0.0000000000
68795  46.179  -24.574  32.104 0.0000000000
68826  44.737  -24.704  29.065 0.0000000000
66442  44.407  -25.869  31.137 0.0000000000
66471  43.777  -26.224  29.327 0.0000000000
66454  44.899  -25.960  29.743 0.0000000000
66469  44.656  -25.897  29.336 0.0000000000
67656  44.631  -25.355  28.945 0.0000000000
68841  44.625  -24.966  28.614 0.0000000000
68865  43.748  -24.556  26.515 0.0000000000
67680  39.584  -25.912  26.374 0.0000000000
67705  38.742  -25.584  24.890 0.0000000000
67721  38.133  -25.626  24.352 0.0000000000
64083  39.083  -29.229  30.435 0.0000000000
64098  38.002  -29.150  29.245 0.0000000000
62966  38.099  -29.992  29.332 0.0000000000
64099  37.558  -28.993  28.662 0.0000000000
64112  36.980  -28.771  27.933 0.0000000000
64131  36.573  -28.796  27.140 0.0000000000
60762  36.148  -30.997  26.917 0.0000000000
60783  35.774  -30.701  26.365 0.0000000000
61956  36.039  -30.293  26.439 0.0000000000
53682  36.451  -37.350  36.917 0.0000000000
53683  35.890  -37.383  36.361 0.0000000000
54900  35.823  -36.776  35.804 0.0000000000
53702  34.920  -37.818  35.332 0.0000000000
54916  35.559  -36.852  35.265 0.0000000000
54932  35.269  -36.544  34.623 0.0000000000
56094  34.882  -36.161  34.098 0.0000000000
53732  33.321  -37.535  33.751 0.0000000000
53733  32.833  -37.771  33.220 0.0000000000
54943  33.579  -36.551  33.422 0.0000000000
56111  33.978  -36.048  33.365 0.0000000000
58436  31.280  -33.449  27.870 0.0000000000
50008  28.955  -40.219  31.851 0.0000000000
51286  28.687  -39.481  30.520 0.0000000000
50039  28.991  -39.737  30.658 0.0000000000
51284  29.759  -39.094  30.487 0.0000000000
52524  29.663  -38.641  30.163 0.0000000000
53869  27.704  -37.844  27.712 0.0000000000
53851  28.778  -37.853  28.653 0.0000000000
53832  29.416  -37.767  29.275 0.0000000000
53831  29.749  -37.280  29.493 0.0000000000
55000  29.980  -36.610  29.341 0.0000000000
56167  30.145  -35.678  28.840 0.0000000000
56181  28.880  -35.696  27.563 0.0000000000
57271  30.058  -35.217  28.388 0.0000000000
57286  30.241  -34.364  27.926 0.0000000000
58437  30.493  -33.767  27.674 0.0000000000
58447  30.163  -33.451  27.113 0.0000000000
79406  51.315  -15.306  15.999 0.0000000000
79405  52.150  -15.003  15.637 0.0000000000
80632  51.749  -15.025  13.222 0.0000000000
77185  48.949  -17.434  15.046 0.0000000000
74751  50.567  -19.702  23.786 0.0000000000
74750  51.555  -19.408  23.988 0.0000000000
43892  33.896  -44.828  43.314 0.0000000000
43900  34.206  -44.900  43.166 0.0000000000
43911  33.758  -44.814  42.143 0.0000000000
45072  33.649  -44.535  43.599 0.0000000000
45075  31.414  -43.035  43.419 0.0000000000
45127  35.055  -43.607  39.951 0.0000000000
46155  14.662  -44.039  50.053 0.0000000000
46199  15.260  -42.787  45.517 0.0000000000
46210  32.045  -42.812  44.341 0.0000000000
46247  31.713  -43.471  42.292 0.0000000000
47296  19.653  -41.740  51.104 0.0000000000
47348  29.997  -41.321  46.010 0.0000000000
47398  28.946  -41.765  43.248 0.0000000000
47412  38.049  -42.110  42.021 0.0000000000
47436  37.979  -42.044  41.719 0.0000000000
47460  28.513  -41.857  40.532 0.0000000000
47511  32.646  -43.030  36.537 0.0000000000
48474  22.567  -40.733  48.820 0.0000000000
48488  22.422  -40.416  48.484 0.0000000000
48522  28.418  -40.623  46.422 0.0000000000
48591  15.810  -41.576  42.411 0.0000000000
48652  36.551  -41.566  38.915 0.0000000000
48768  29.870  -40.883  33.047 0.0000000000
49699  23.124  -39.749  50.911 0.0000000000
49720  22.578  -40.924  49.940 0.0000000000
49786  28.447  -40.911  44.770 0.0000000000
49839  39.849  -39.855  42.292 0.0000000000
50038  29.162  -39.793  30.852 0.0000000000
50999  22.641  -40.014  45.883 0.0000000000
51071  40.128  -39.289  42.112 0.0000000000
51083  17.862  -39.806  41.553 0.0000000000
51089  39.574  -39.347  41.455 0.0000000000
52158  27.805  -38.086  50.482 0.0000000000
52180  24.890  -38.587  48.731 0.0000000000
52537  28.765  -38.875  29.324 0.0000000000
52540  26.235  -38.307  28.629 0.0000000000
53470  27.288  -37.932  50.291 0.0000000000
53485  27.692  -37.805  50.022 0.0000000000
53618  41.986  -37.166  41.850 0.0000000000
53646  39.380  -37.041  39.300 0.0000000000
53654  21.793  -37.469  38.223 0.0000000000
53755  22.076  -37.162  32.856 0.0000000000
53836  23.950  -37.737  29.568 0.0000000000
53870  27.238  -37.784  27.225 0.0000000000
57114  40.885  -34.744  38.157 0.0000000000
57143  41.405  -33.513  36.568 0.0000000000
57160  41.355  -33.548  36.362 0.0000000000
57181  37.250  -34.410  34.171 0.0000000000
57204  36.336  -34.459  33.141 0.0000000000
57259  31.511  -34.707  29.360 0.0000000000
58192  42.772  -34.187  39.225 0.0000000000
58268  41.618  -33.538  37.120 0.0000000000
58416  32.441  -33.460  28.635 0.0000000000
58417  31.713  -33.647  28.420 0.0000000000
59417  42.656  -32.963  37.333 0.0000000000
59467  41.414  -32.947  35.467 0.0000000000
59633  33.659  -32.012  27.419 0.0000000000
59657  30.062  -33.321  26.819 0.0000000000
60571  43.938  -32.074  38.254 0.0000000000
60804  34.012  -30.858  25.649 0.0000000000
61739  45.099  -30.151  39.194 0.0000000000
61764  44.194  -30.625  37.994 0.0000000000
61778  43.157  -31.110  37.110 0.0000000000
61924  37.244  -30.481  28.373 0.0000000000
61987  33.047  -30.873  24.883 0.0000000000
62834  44.913  -29.789  38.593 0.0000000000
62967  37.664  -29.817  28.777 0.0000000000
63007  36.576  -29.583  27.302 0.0000000000
64130  36.820  -28.386  27.482 0.0000000000
65136  45.919  -27.298  37.753 0.0000000000
65215  39.867  -27.624  31.095 0.0000000000
65230  37.889  -28.580  29.075 0.0000000000
66343  47.226  -25.597  39.271 0.0000000000
66372  47.966  -25.572  36.993 0.0000000000
66404  43.247  -27.036  34.288 0.0000000000
66476  38.906  -27.597  29.657 0.0000000000
66518  39.517  -26.210  26.877 0.0000000000
66521  36.918  -27.335  26.723 0.0000000000
67570  47.880  -25.411  37.675 0.0000000000
67611  47.258  -25.387  34.157 0.0000000000
67650  44.780  -25.573  29.344 0.0000000000
67651  44.539  -25.791  29.130 0.0000000000
67658  43.348  -25.466  27.784 0.0000000000
67675  43.959  -25.001  26.967 0.0000000000
67691  38.041  -25.909  25.726 0.0000000000
68840  44.786  -25.124  29.124 0.0000000000
68864  44.203  -24.754  27.168 0.0000000000
69942  51.572  -23.026  30.424 0.0000000000
69943  51.236  -22.973  30.282 0.0000000000
69968  51.360  -23.092  30.118 0.0000000000
70009  44.444  -24.282  27.509 0.0000000000
70028  50.143  -22.662  25.030 0.0000000000
70982  48.162  -22.652  37.879 0.0000000000
71028  52.695  -22.007  32.958 0.0000000000
71059  53.862  -22.214  31.996 0.0000000000
72223  47.922  -22.106  37.941 0.0000000000
72257  52.169  -21.266  33.992 0.0000000000
72261  48.868  -20.936  34.094 0.0000000000
72289  53.479  -21.839  32.376 0.0000000000
72306  54.159  -22.035  31.620 0.0000000000
72307  53.953  -21.749  31.966 0.0000000000
73396  50.765  -19.717  35.117 0.0000000000
73407  52.221  -21.024  34.119 0.0000000000
73476  55.395  -20.034  28.847 0.0000000000
73523  52.687  -19.598  27.753 0.0000000000
73542  54.131  -20.964  26.602 0.0000000000
73562  50.662  -19.995  25.691 0.0000000000
73579  49.485  -20.096  25.199 0.0000000000
73580  49.343  -20.174  25.458 0.0000000000
74524  47.740  -19.995  37.915 0.0000000000
74589  50.148  -19.709  31.686 0.0000000000
74606  48.543  -18.913  30.153 0.0000000000
74627  48.578  -19.327  29.841 0.0000000000
74648  55.151  -19.343  28.763 0.0000000000
74650  53.642  -19.320  28.454 0.0000000000
74653  48.211  -19.175  28.128 0.0000000000
74676  48.131  -19.334  27.562 0.0000000000
75700  47.953  -18.641  37.149 0.0000000000
75708  50.183  -17.646  35.803 0.0000000000
75719  51.068  -18.141  35.337 0.0000000000
75750  50.476  -18.392  32.911 0.0000000000
75804  49.084  -18.037  30.225 0.0000000000
75824  54.831  -18.867  28.290 0.0000000000
75848  47.964  -18.794  27.335 0.0000000000
75866  48.087  -17.961  26.600 0.0000000000
75976  47.803  -18.694  19.318 0.0000000000
77078  48.190  -17.298  25.920 0.0000000000
77143  47.909  -17.157  20.541 0.0000000000
77176  48.821  -17.248  16.227 0.0000000000
78043  50.886  -16.562  34.941 0.0000000000
78073  51.444  -16.624  32.707 0.0000000000
78236  48.179  -16.782  20.724 0.0000000000
78285  48.878  -17.263  15.331 0.0000000000
78293  48.901  -17.096  15.068 0.0000000000
81727  54.214  -13.592  19.411 0.0000000000
