#!ascii label  , from subject ernie vox2ras=TkReg
1251
127575  39.184  32.460  -1.173 0.0000000000
132307  49.319  38.141  -1.471 0.0000000000
123383  47.773  27.401  1.314 0.0000000000
125836  38.648  30.862  3.176 0.0000000000
122582  41.887  26.255  0.885 0.0000000000
132328  43.188  38.793  -3.976 0.0000000000
133808  46.906  40.454  4.861 0.0000000000
135240  43.210  42.394  1.590 0.0000000000
121719  47.317  25.662  7.187 0.0000000000
120073  49.110  22.591  2.980 0.0000000000
128409  43.947  33.842  -3.305 0.0000000000
125011  43.766  29.334  -2.361 0.0000000000
129177  47.101  34.648  1.241 0.0000000000
126679  50.096  32.338  5.655 0.0000000000
138735  47.309  47.288  2.787 0.0000000000
133926  46.161  39.952  -5.059 0.0000000000
120913  44.922  24.517  -0.314 0.0000000000
126734  38.223  31.322  0.375 0.0000000000
124969  41.366  29.035  2.587 0.0000000000
124174  40.789  28.926  0.003 0.0000000000
130003  40.567  34.753  -2.688 0.0000000000
129199  38.423  34.062  -0.614 0.0000000000
132994  42.336  39.006  5.128 0.0000000000
120809  48.749  24.583  10.589 0.0000000000
120009  50.891  23.350  6.726 0.0000000000
119231  51.363  22.416  10.204 0.0000000000
140047  48.609  49.545  0.236 0.0000000000
129236  47.685  35.045  -3.538 0.0000000000
128385  46.182  33.953  -0.868 0.0000000000
130733  49.642  36.229  -0.593 0.0000000000
131416  45.796  37.042  5.556 0.0000000000
129936  48.926  35.713  4.549 0.0000000000
128327  47.254  33.696  6.125 0.0000000000
125767  50.364  31.056  9.068 0.0000000000
132297  45.714  38.205  -0.265 0.0000000000
134631  44.773  41.415  -2.041 0.0000000000
131512  45.381  37.624  -2.644 0.0000000000
130783  45.441  36.523  -5.424 0.0000000000
123398  46.000  27.721  -1.166 0.0000000000
121814  44.418  25.424  -4.061 0.0000000000
120943  48.147  24.466  -2.232 0.0000000000
121756  40.160  25.774  3.536 0.0000000000
119335  39.815  23.150  1.165 0.0000000000
135324  44.805  42.323  -5.431 0.0000000000
134659  42.452  41.691  -3.758 0.0000000000
133851  48.268  40.901  1.677 0.0000000000
133837  50.719  40.818  2.033 0.0000000000
138036  40.471  46.782  5.606 0.0000000000
137346  43.325  45.222  4.072 0.0000000000
133041  44.489  39.651  2.407 0.0000000000
121755  48.092  26.076  3.686 0.0000000000
120908  49.994  24.119  0.561 0.0000000000
120865  50.584  23.778  3.667 0.0000000000
118560  51.397  21.572  5.025 0.0000000000
128402  41.136  33.467  -1.949 0.0000000000
125868  41.492  30.673  -0.810 0.0000000000
127571  43.001  32.731  -0.128 0.0000000000
125851  44.595  30.881  0.836 0.0000000000
125841  46.014  30.410  2.121 0.0000000000
130707  49.086  36.868  2.078 0.0000000000
128355  48.688  33.681  3.417 0.0000000000
124961  48.174  29.768  4.150 0.0000000000
124115  48.523  28.770  6.931 0.0000000000
123319  48.252  27.963  9.444 0.0000000000
140701  48.287  50.046  4.259 0.0000000000
138069  48.249  46.890  -0.149 0.0000000000
136704  46.480  44.811  -1.965 0.0000000000
135307  47.579  42.393  -4.559 0.0000000000
133143  45.255  39.331  -6.565 0.0000000000
130020  42.683  35.330  -4.629 0.0000000000
123417  42.177  27.664  -2.133 0.0000000000
120110  41.537  23.789  -1.132 0.0000000000
120063  41.824  23.591  3.003 0.0000000000
120896  47.067  23.932  1.274 0.0000000000
126746  38.588  31.624  -0.214 0.0000000000
125860  39.337  30.565  0.358 0.0000000000
125871  39.472  30.810  -0.212 0.0000000000
129229  39.785  33.736  -2.577 0.0000000000
129197  39.925  34.676  -1.537 0.0000000000
128393  38.159  33.254  -1.083 0.0000000000
128394  37.776  32.837  -0.525 0.0000000000
120801  49.095  24.634  11.737 0.0000000000
119987  50.247  23.463  9.754 0.0000000000
119973  50.663  23.545  11.675 0.0000000000
119314  38.348  22.348  3.204 0.0000000000
131509  48.977  36.906  -2.639 0.0000000000
130001  49.036  35.638  -2.467 0.0000000000
131493  50.381  38.220  -1.337 0.0000000000
129911  45.324  35.246  5.745 0.0000000000
129142  46.454  34.711  5.487 0.0000000000
132295  47.839  38.255  -0.636 0.0000000000
131498  45.479  37.841  -1.522 0.0000000000
131496  47.586  37.232  -1.947 0.0000000000
130764  46.927  36.355  -3.575 0.0000000000
123390  46.852  27.618  -0.050 0.0000000000
122602  47.455  25.836  -2.332 0.0000000000
122594  48.263  25.615  -1.014 0.0000000000
125831  38.194  31.009  4.608 0.0000000000
124964  39.854  30.018  4.344 0.0000000000
123379  41.729  27.420  2.294 0.0000000000
123371  41.226  27.203  2.996 0.0000000000
121765  41.060  25.604  2.095 0.0000000000
121775  39.884  24.676  1.747 0.0000000000
120901  40.816  24.760  0.699 0.0000000000
133940  44.081  40.565  -5.366 0.0000000000
134670  43.671  41.404  -4.759 0.0000000000
133124  42.896  40.153  -4.144 0.0000000000
126718  37.414  31.607  2.141 0.0000000000
126708  36.517  31.656  3.359 0.0000000000
133826  47.070  40.476  3.805 0.0000000000
134565  49.385  41.885  3.778 0.0000000000
134542  48.117  41.895  6.066 0.0000000000
132234  44.638  38.958  5.345 0.0000000000
133012  43.642  39.135  4.152 0.0000000000
133026  45.445  39.383  3.757 0.0000000000
133039  46.363  39.948  3.111 0.0000000000
121735  47.648  25.679  5.140 0.0000000000
120867  48.943  24.908  3.735 0.0000000000
120844  48.728  24.651  5.346 0.0000000000
119261  52.248  22.247  6.652 0.0000000000
119280  51.953  22.581  5.802 0.0000000000
118530  52.467  21.129  6.220 0.0000000000
128411  42.099  33.761  -2.935 0.0000000000
128389  42.185  33.603  -0.889 0.0000000000
129209  43.365  34.172  -1.546 0.0000000000
129184  46.919  34.304  0.119 0.0000000000
128379  44.985  32.857  0.492 0.0000000000
127558  45.443  32.442  1.637 0.0000000000
125842  45.337  30.958  1.808 0.0000000000
127551  46.051  32.434  2.411 0.0000000000
133024  50.284  40.130  3.354 0.0000000000
132272  49.632  38.993  1.565 0.0000000000
131435  49.062  38.253  3.263 0.0000000000
129148  50.171  34.560  5.027 0.0000000000
129156  50.339  34.562  4.075 0.0000000000
127533  49.509  32.356  4.563 0.0000000000
126693  48.277  31.124  4.335 0.0000000000
125821  48.991  30.854  5.271 0.0000000000
124133  48.198  28.990  4.951 0.0000000000
125811  49.872  31.079  6.504 0.0000000000
125756  50.194  30.754  10.144 0.0000000000
124912  50.011  29.929  9.363 0.0000000000
139360  48.344  48.899  4.172 0.0000000000
138738  48.621  48.059  1.404 0.0000000000
138063  47.637  47.220  1.023 0.0000000000
135911  43.409  43.410  2.993 0.0000000000
137353  44.317  45.306  3.127 0.0000000000
136679  43.524  44.134  1.368 0.0000000000
133898  45.309  40.809  -3.221 0.0000000000
135278  45.537  42.783  -2.091 0.0000000000
135286  46.500  42.766  -3.025 0.0000000000
135969  47.448  43.838  -3.284 0.0000000000
134656  47.226  41.824  -4.355 0.0000000000
134696  46.927  41.009  -6.074 0.0000000000
133141  46.596  39.489  -6.214 0.0000000000
129261  44.944  34.999  -5.237 0.0000000000
130028  44.251  35.562  -5.399 0.0000000000
128430  43.251  33.920  -4.517 0.0000000000
129254  41.858  33.964  -4.349 0.0000000000
125878  42.456  29.824  -1.819 0.0000000000
125026  41.609  29.065  -2.352 0.0000000000
124212  42.803  28.250  -3.336 0.0000000000
120936  44.490  24.160  -2.389 0.0000000000
120937  43.382  24.321  -2.260 0.0000000000
120108  42.964  23.583  -0.884 0.0000000000
120088  42.187  23.625  1.127 0.0000000000
120887  42.983  24.138  1.528 0.0000000000
120085  49.739  22.649  1.622 0.0000000000
120098  48.759  23.515  0.375 0.0000000000
120074  48.267  23.141  2.454 0.0000000000
126717  38.026  31.195  1.811 0.0000000000
124971  40.023  30.119  3.431 0.0000000000
125843  39.317  30.428  1.916 0.0000000000
124976  41.276  29.028  1.565 0.0000000000
124172  41.956  28.066  0.283 0.0000000000
130767  42.176  36.359  -3.318 0.0000000000
127566  37.059  32.217  0.770 0.0000000000
120818  47.922  24.806  8.311 0.0000000000
120834  49.477  24.058  6.559 0.0000000000
120816  49.406  23.879  8.541 0.0000000000
119990  51.012  22.974  8.764 0.0000000000
129238  45.753  34.332  -3.672 0.0000000000
129223  45.603  34.320  -2.581 0.0000000000
129221  47.649  34.566  -2.815 0.0000000000
129191  47.729  34.745  -0.815 0.0000000000
129971  47.981  35.449  -0.226 0.0000000000
131414  47.437  38.265  5.123 0.0000000000
131425  48.474  38.095  4.219 0.0000000000
129938  47.181  36.351  4.620 0.0000000000
129140  48.554  34.521  5.522 0.0000000000
128324  49.814  33.422  6.014 0.0000000000
126648  50.294  32.034  7.135 0.0000000000
127495  49.079  32.976  7.179 0.0000000000
126637  48.999  32.018  8.779 0.0000000000
125768  48.278  31.116  9.629 0.0000000000
139355  46.941  48.168  4.838 0.0000000000
133085  44.214  39.798  0.159 0.0000000000
134618  43.833  41.348  -0.326 0.0000000000
133095  44.496  39.609  -0.846 0.0000000000
132318  44.918  38.457  -2.334 0.0000000000
132326  45.149  38.436  -3.666 0.0000000000
132335  45.757  38.206  -4.884 0.0000000000
131527  45.702  37.093  -3.960 0.0000000000
130018  46.364  35.625  -4.496 0.0000000000
124189  45.058  28.193  -2.010 0.0000000000
123426  44.293  27.673  -3.724 0.0000000000
122612  45.873  26.494  -3.706 0.0000000000
120945  46.515  24.508  -2.928 0.0000000000
120924  45.962  24.376  -1.285 0.0000000000
119297  48.762  22.476  4.826 0.0000000000
120042  46.893  23.330  4.609 0.0000000000
122549  38.835  25.998  4.887 0.0000000000
124963  40.461  29.451  4.053 0.0000000000
123364  40.188  27.159  4.319 0.0000000000
121758  38.688  24.900  3.603 0.0000000000
120888  39.108  24.324  2.292 0.0000000000
120092  39.045  23.310  1.721 0.0000000000
119313  39.175  22.541  2.641 0.0000000000
136765  45.048  43.689  -5.261 0.0000000000
135996  43.127  43.181  -4.332 0.0000000000
133067  48.772  40.175  0.387 0.0000000000
133872  50.229  40.126  -0.258 0.0000000000
134593  49.493  41.421  1.719 0.0000000000
134548  50.407  41.744  4.026 0.0000000000
132988  49.648  40.422  5.854 0.0000000000
132976  48.783  39.579  6.335 0.0000000000
131402  46.605  38.273  6.659 0.0000000000
138728  41.903  47.237  5.054 0.0000000000
136647  42.510  44.288  4.338 0.0000000000
135225  43.077  42.425  2.653 0.0000000000
133056  43.833  40.205  1.433 0.0000000000
133070  44.779  39.410  1.125 0.0000000000
133069  47.152  39.283  1.039 0.0000000000
123376  48.343  26.817  2.116 0.0000000000
121781  48.858  25.339  0.332 0.0000000000
121764  49.279  25.495  1.987 0.0000000000
120893  50.695  23.625  1.924 0.0000000000
119321  51.151  22.601  2.405 0.0000000000
120842  50.584  23.803  5.341 0.0000000000
119309  51.238  22.468  3.551 0.0000000000
119310  50.666  22.018  3.520 0.0000000000
128392  39.540  32.683  -1.377 0.0000000000
126744  39.959  31.605  -0.566 0.0000000000
127573  40.801  32.449  -0.562 0.0000000000
126742  41.716  31.528  -0.467 0.0000000000
125866  43.684  30.611  -0.497 0.0000000000
129194  44.878  34.018  -0.829 0.0000000000
127570  44.100  32.550  -0.040 0.0000000000
124993  44.205  29.961  -0.364 0.0000000000
124992  44.776  29.241  -0.035 0.0000000000
124162  46.483  28.649  1.031 0.0000000000
124156  46.838  28.833  1.700 0.0000000000
131465  50.668  38.393  -0.497 0.0000000000
131467  49.454  37.111  0.383 0.0000000000
129962  48.237  36.081  1.493 0.0000000000
130699  49.241  36.806  3.270 0.0000000000
129166  49.351  35.026  3.215 0.0000000000
128361  47.624  33.882  2.987 0.0000000000
126705  47.196  31.975  3.216 0.0000000000
124968  47.628  29.562  3.230 0.0000000000
124149  48.054  28.523  3.190 0.0000000000
124142  48.115  28.427  4.099 0.0000000000
123356  47.594  27.437  5.034 0.0000000000
122521  47.322  27.036  6.580 0.0000000000
124924  50.010  30.168  8.215 0.0000000000
124106  48.792  28.740  8.162 0.0000000000
123320  47.703  27.298  8.762 0.0000000000
122503  47.660  26.575  10.024 0.0000000000
140021  48.419  49.669  2.581 0.0000000000
138743  49.040  47.785  0.495 0.0000000000
138095  49.035  46.095  -2.217 0.0000000000
136695  44.098  43.593  -0.376 0.0000000000
137364  46.272  45.964  -0.207 0.0000000000
138076  47.127  45.933  -1.351 0.0000000000
136714  48.563  44.882  -3.162 0.0000000000
136740  48.500  44.576  -4.300 0.0000000000
135322  46.777  42.369  -5.663 0.0000000000
133954  45.249  40.448  -6.305 0.0000000000
133136  43.945  39.340  -5.535 0.0000000000
131559  45.400  37.575  -6.098 0.0000000000
131561  44.265  37.420  -5.544 0.0000000000
131543  43.190  37.134  -4.288 0.0000000000
130010  41.830  35.321  -3.730 0.0000000000
129228  40.379  34.112  -2.972 0.0000000000
124193  41.134  29.455  -0.989 0.0000000000
124191  41.795  28.459  -1.136 0.0000000000
122589  42.526  27.132  -0.588 0.0000000000
122614  43.113  26.389  -3.298 0.0000000000
121797  42.525  25.582  -1.774 0.0000000000
121790  41.611  25.090  -0.359 0.0000000000
120102  40.874  23.669  -0.499 0.0000000000
120078  40.480  22.985  1.527 0.0000000000
120921  48.944  23.903  -0.416 0.0000000000
120911  47.180  24.223  0.042 0.0000000000
120897  46.045  24.411  1.035 0.0000000000
120059  46.994  23.713  3.471 0.0000000000
120871  43.830  24.386  2.877 0.0000000000
119223  51.857  21.926  11.718 0.0000000000
118496  51.962  21.145  9.775 0.0000000000
127576  38.462  32.421  -0.964 0.0000000000
126745  39.307  31.674  -0.520 0.0000000000
127583  38.851  32.772  -1.665 0.0000000000
128405  38.565  32.937  -1.622 0.0000000000
120800  49.996  24.077  11.862 0.0000000000
131495  48.736  37.377  -2.035 0.0000000000
131508  49.411  36.759  -2.536 0.0000000000
132306  50.142  38.489  -1.395 0.0000000000
131482  47.222  37.662  -1.135 0.0000000000
131481  48.297  37.859  -1.385 0.0000000000
131510  47.992  36.749  -2.479 0.0000000000
123389  47.416  27.325  0.349 0.0000000000
122588  47.875  26.411  -0.420 0.0000000000
122581  48.012  26.617  0.469 0.0000000000
125830  38.577  30.963  4.113 0.0000000000
125822  39.245  30.444  4.534 0.0000000000
125829  39.338  30.568  3.760 0.0000000000
123384  42.013  27.137  1.495 0.0000000000
123378  41.726  26.787  2.100 0.0000000000
122575  41.461  25.833  1.705 0.0000000000
121774  40.824  25.155  1.409 0.0000000000
122583  41.429  25.577  1.158 0.0000000000
133123  43.240  39.409  -4.392 0.0000000000
133927  43.379  40.308  -4.810 0.0000000000
133111  43.056  39.243  -3.926 0.0000000000
126706  38.012  31.208  2.631 0.0000000000
126707  37.310  31.459  2.990 0.0000000000
126694  38.021  31.196  3.407 0.0000000000
126695  37.519  31.334  4.112 0.0000000000
133807  47.785  41.067  4.478 0.0000000000
133792  47.580  41.124  5.483 0.0000000000
133010  45.452  39.312  4.972 0.0000000000
133025  46.224  39.873  4.277 0.0000000000
121727  47.337  25.709  6.189 0.0000000000
120845  47.905  25.155  5.568 0.0000000000
120836  47.851  24.958  6.316 0.0000000000
119279  52.542  21.960  5.698 0.0000000000
129240  43.259  33.801  -3.151 0.0000000000
129226  42.713  34.004  -2.273 0.0000000000
129225  43.566  34.011  -2.579 0.0000000000
128370  46.251  33.921  1.074 0.0000000000
128371  45.876  33.232  1.872 0.0000000000
128363  46.283  33.062  2.469 0.0000000000
133007  49.520  40.078  4.677 0.0000000000
132247  49.419  39.271  3.880 0.0000000000
127523  50.173  32.865  5.402 0.0000000000
128347  50.267  33.357  4.601 0.0000000000
127524  50.037  32.482  5.340 0.0000000000
126691  49.641  32.177  4.862 0.0000000000
126680  49.831  31.856  5.536 0.0000000000
125820  49.446  30.986  5.758 0.0000000000
126667  50.047  31.662  6.237 0.0000000000
125757  50.057  30.698  10.694 0.0000000000
138722  47.299  47.965  4.113 0.0000000000
139354  47.792  48.715  5.016 0.0000000000
138730  47.602  47.768  3.332 0.0000000000
139368  48.084  48.101  3.063 0.0000000000
138740  47.487  47.438  2.250 0.0000000000
135921  43.301  43.316  2.021 0.0000000000
136671  43.646  44.180  2.401 0.0000000000
135933  43.380  43.216  0.995 0.0000000000
133912  45.555  40.457  -3.835 0.0000000000
135297  46.112  41.796  -3.408 0.0000000000
134657  46.442  41.283  -4.065 0.0000000000
135296  46.853  42.466  -3.552 0.0000000000
134668  46.946  41.093  -4.913 0.0000000000
133937  46.845  40.242  -5.671 0.0000000000
133938  46.513  39.766  -5.509 0.0000000000
129251  44.647  34.326  -4.599 0.0000000000
128429  43.848  34.098  -4.635 0.0000000000
128421  43.967  33.796  -4.128 0.0000000000
128431  42.492  33.731  -4.267 0.0000000000
125003  43.379  29.714  -1.793 0.0000000000
125024  42.574  29.320  -2.997 0.0000000000
125023  43.384  29.214  -3.093 0.0000000000
120925  44.741  24.353  -1.412 0.0000000000
120926  43.653  24.106  -1.504 0.0000000000
120914  43.697  23.985  -0.436 0.0000000000
120900  43.068  23.813  0.471 0.0000000000
120899  43.955  24.301  0.671 0.0000000000
125853  38.604  30.728  1.447 0.0000000000
125852  39.291  30.416  1.059 0.0000000000
124995  40.007  30.144  0.612 0.0000000000
124985  40.679  29.404  0.862 0.0000000000
124984  41.225  29.002  0.948 0.0000000000
124173  41.340  28.496  0.084 0.0000000000
130756  41.689  36.007  -2.860 0.0000000000
130745  41.162  36.248  -2.152 0.0000000000
129992  40.929  35.678  -2.246 0.0000000000
129198  39.350  34.575  -0.776 0.0000000000
129982  40.075  35.314  -0.674 0.0000000000
126747  37.967  31.866  0.116 0.0000000000
127565  37.494  32.419  0.184 0.0000000000
126735  37.543  31.713  0.662 0.0000000000
126727  37.465  31.539  1.385 0.0000000000
120814  48.021  24.790  9.288 0.0000000000
120817  48.609  24.269  8.423 0.0000000000
120813  48.700  24.332  9.431 0.0000000000
119986  50.822  22.917  9.970 0.0000000000
119236  51.290  22.472  9.293 0.0000000000
119989  51.589  22.294  8.464 0.0000000000
119235  51.749  21.790  9.151 0.0000000000
140721  48.032  50.731  1.888 0.0000000000
141387  48.123  51.478  0.887 0.0000000000
129237  46.806  34.602  -3.659 0.0000000000
129222  46.629  34.356  -2.731 0.0000000000
129990  49.566  35.923  -1.456 0.0000000000
129204  48.462  34.952  -1.862 0.0000000000
129190  48.411  35.118  -1.136 0.0000000000
129981  48.302  35.228  -0.816 0.0000000000
131415  46.474  37.782  5.512 0.0000000000
131427  47.076  37.373  4.774 0.0000000000
130680  46.455  36.658  4.967 0.0000000000
128340  47.379  34.213  5.715 0.0000000000
129141  47.604  34.761  5.365 0.0000000000
128339  47.961  34.346  5.688 0.0000000000
129127  48.957  34.030  5.859 0.0000000000
128325  49.283  33.488  6.417 0.0000000000
128314  49.605  33.190  6.944 0.0000000000
127510  48.709  33.380  6.590 0.0000000000
127489  48.525  32.207  8.185 0.0000000000
126638  47.919  31.756  8.332 0.0000000000
126629  48.808  31.463  9.601 0.0000000000
126630  47.807  31.265  9.162 0.0000000000
132286  44.646  39.317  0.599 0.0000000000
132298  44.746  38.892  -0.082 0.0000000000
131499  45.026  38.117  -1.766 0.0000000000
132317  45.001  38.239  -2.929 0.0000000000
132327  44.952  38.637  -3.011 0.0000000000
130763  47.655  36.018  -3.258 0.0000000000
130774  46.703  36.118  -4.216 0.0000000000
129248  47.329  35.330  -3.931 0.0000000000
129249  46.938  35.095  -4.197 0.0000000000
124180  45.254  28.334  -1.010 0.0000000000
123415  45.431  27.375  -2.817 0.0000000000
123414  46.123  27.004  -2.346 0.0000000000
121804  47.829  25.203  -2.843 0.0000000000
121811  47.120  25.470  -3.239 0.0000000000
120944  47.653  24.474  -2.705 0.0000000000
120934  46.886  24.191  -2.122 0.0000000000
123357  39.108  27.050  5.454 0.0000000000
123365  39.747  27.556  5.067 0.0000000000
124970  40.708  29.593  3.047 0.0000000000
124151  41.008  28.777  3.582 0.0000000000
122566  40.642  26.022  3.018 0.0000000000
122557  40.675  26.668  3.392 0.0000000000
121745  39.616  25.725  4.074 0.0000000000
121757  39.318  25.077  3.286 0.0000000000
120874  39.118  24.571  2.733 0.0000000000
121767  39.508  24.735  2.393 0.0000000000
120091  39.697  23.469  1.228 0.0000000000
120903  39.325  24.026  1.662 0.0000000000
119336  39.402  23.019  1.429 0.0000000000
119325  39.288  22.752  1.857 0.0000000000
136010  46.308  43.256  -5.568 0.0000000000
136011  45.404  43.162  -5.508 0.0000000000
134671  43.062  41.622  -4.247 0.0000000000
135310  43.121  42.416  -4.335 0.0000000000
134660  41.830  41.786  -3.294 0.0000000000
133051  48.783  40.405  0.684 0.0000000000
133850  49.148  40.703  0.769 0.0000000000
134594  48.721  41.492  2.310 0.0000000000
134564  50.017  41.777  3.461 0.0000000000
133790  50.302  41.430  4.521 0.0000000000
132975  49.300  40.375  6.701 0.0000000000
132190  47.508  38.821  6.460 0.0000000000
138718  42.345  47.544  5.456 0.0000000000
138045  41.517  46.556  4.817 0.0000000000
135902  42.699  43.385  3.957 0.0000000000
135912  43.031  43.164  3.457 0.0000000000
133027  44.510  39.299  3.379 0.0000000000
133028  43.511  39.625  3.184 0.0000000000
133841  42.968  40.809  2.623 0.0000000000
133042  43.731  40.002  2.204 0.0000000000
133055  44.388  39.747  1.604 0.0000000000
133852  47.508  40.752  2.065 0.0000000000
133053  46.864  39.837  1.606 0.0000000000
133068  47.842  39.448  0.522 0.0000000000
122555  48.141  26.486  3.296 0.0000000000
122563  48.843  26.162  1.925 0.0000000000
122554  48.640  25.974  2.548 0.0000000000
120866  49.741  24.487  3.358 0.0000000000
121753  49.680  24.733  2.694 0.0000000000
120881  50.611  23.689  2.681 0.0000000000
120083  51.057  23.126  2.148 0.0000000000
120072  51.145  23.116  2.999 0.0000000000
120010  50.181  23.699  6.673 0.0000000000
120025  50.207  23.858  5.955 0.0000000000
120024  50.943  23.550  5.816 0.0000000000
119294  52.017  22.264  4.731 0.0000000000
120055  51.580  22.932  4.586 0.0000000000
119295  51.385  21.951  4.348 0.0000000000
119296  50.276  21.813  4.873 0.0000000000
118561  50.923  21.520  5.320 0.0000000000
128403  40.223  33.176  -2.037 0.0000000000
128391  40.067  32.834  -1.312 0.0000000000
128390  40.916  33.252  -1.004 0.0000000000
127572  41.836  32.653  -0.322 0.0000000000
126741  42.807  31.597  -0.333 0.0000000000
128399  45.973  34.088  -1.203 0.0000000000
129207  45.402  34.230  -1.372 0.0000000000
129193  45.297  34.009  -0.911 0.0000000000
126732  44.756  32.048  0.884 0.0000000000
127564  44.688  32.476  0.459 0.0000000000
126733  44.529  31.606  0.562 0.0000000000
126740  43.881  31.653  -0.199 0.0000000000
125859  44.409  30.514  0.271 0.0000000000
125858  44.716  29.888  0.611 0.0000000000
125849  45.669  29.818  1.518 0.0000000000
124975  46.225  29.388  1.632 0.0000000000
124974  46.844  29.496  2.332 0.0000000000
133848  50.680  40.789  1.247 0.0000000000
132281  50.837  39.201  -0.097 0.0000000000
133066  50.597  39.422  0.428 0.0000000000
131441  49.081  38.034  2.315 0.0000000000
131452  49.349  37.796  1.035 0.0000000000
130714  49.060  37.221  1.299 0.0000000000
130715  48.790  36.797  1.001 0.0000000000
130708  48.658  36.468  1.805 0.0000000000
130689  48.532  36.820  4.159 0.0000000000
131436  48.810  37.524  3.663 0.0000000000
130688  49.367  36.118  4.050 0.0000000000
129157  49.934  34.374  3.660 0.0000000000
129165  49.916  35.044  3.606 0.0000000000
129158  49.253  34.292  3.382 0.0000000000
129167  48.352  34.752  2.905 0.0000000000
127549  47.235  33.280  2.972 0.0000000000
127542  47.919  32.764  3.415 0.0000000000
125828  47.948  30.617  4.117 0.0000000000
125834  47.516  30.531  3.569 0.0000000000
124962  47.826  30.119  3.780 0.0000000000
124967  48.102  29.216  3.610 0.0000000000
124148  48.246  29.025  3.906 0.0000000000
124124  48.437  28.920  5.740 0.0000000000
124134  47.985  28.255  4.976 0.0000000000
124125  48.039  28.103  5.881 0.0000000000
123348  47.563  27.316  6.075 0.0000000000
123339  47.667  27.588  6.915 0.0000000000
125778  50.408  31.154  8.026 0.0000000000
125796  50.141  30.751  7.499 0.0000000000
124923  50.314  30.658  8.293 0.0000000000
124094  49.623  29.219  9.840 0.0000000000
124097  49.476  29.391  8.779 0.0000000000
124098  48.895  28.691  9.177 0.0000000000
123328  48.163  28.090  8.551 0.0000000000
123317  47.790  27.226  9.542 0.0000000000
122505  47.609  26.475  8.964 0.0000000000
140691  47.810  50.020  5.123 0.0000000000
140681  47.214  50.479  5.911 0.0000000000
140692  46.917  50.579  4.729 0.0000000000
140710  48.203  50.343  3.268 0.0000000000
138744  48.392  47.491  0.772 0.0000000000
138749  49.158  47.237  -0.363 0.0000000000
138762  49.308  47.203  -1.004 0.0000000000
138074  48.897  46.754  -1.295 0.0000000000
134617  44.304  41.588  -1.061 0.0000000000
135955  44.045  42.941  -0.537 0.0000000000
135268  44.325  42.512  -0.950 0.0000000000
135961  45.619  43.310  -1.949 0.0000000000
136706  45.105  43.840  -1.404 0.0000000000
137369  45.554  45.383  -0.859 0.0000000000
137368  46.413  45.827  -1.102 0.0000000000
138070  47.132  46.316  -0.602 0.0000000000
137379  46.698  45.271  -1.775 0.0000000000
135980  47.742  43.143  -3.903 0.0000000000
136715  48.055  44.684  -3.099 0.0000000000
136727  48.069  44.068  -3.642 0.0000000000
136726  48.537  44.706  -3.549 0.0000000000
135979  48.392  43.869  -4.056 0.0000000000
136741  48.166  44.129  -4.664 0.0000000000
135993  47.861  43.386  -4.673 0.0000000000
133953  45.952  40.203  -6.440 0.0000000000
134697  46.383  40.899  -6.215 0.0000000000
133939  44.593  40.025  -6.061 0.0000000000
132349  44.564  38.622  -6.290 0.0000000000
131541  45.718  37.292  -5.225 0.0000000000
132348  46.000  38.233  -5.856 0.0000000000
130019  43.487  35.350  -5.112 0.0000000000
130785  44.307  36.740  -5.429 0.0000000000
130776  43.572  36.064  -5.050 0.0000000000
131542  43.727  37.254  -4.892 0.0000000000
130777  43.095  36.425  -4.406 0.0000000000
130766  42.508  35.943  -3.960 0.0000000000
130009  42.313  35.495  -4.145 0.0000000000
128425  41.022  33.545  -3.289 0.0000000000
129243  40.862  33.905  -3.489 0.0000000000
128413  40.501  33.480  -2.844 0.0000000000
128414  39.863  33.320  -2.490 0.0000000000
125869  40.720  30.763  -0.658 0.0000000000
125881  40.784  30.315  -0.732 0.0000000000
125880  41.242  30.119  -1.022 0.0000000000
124200  41.908  28.305  -2.649 0.0000000000
124192  41.481  28.822  -1.437 0.0000000000
123409  41.778  28.200  -1.678 0.0000000000
123408  42.400  27.879  -1.131 0.0000000000
122598  42.786  26.864  -1.360 0.0000000000
122626  44.593  26.506  -4.347 0.0000000000
123443  43.743  26.753  -4.041 0.0000000000
121815  43.598  25.574  -3.716 0.0000000000
120116  42.439  24.026  -1.641 0.0000000000
120938  42.707  24.746  -2.232 0.0000000000
120117  42.147  24.258  -1.610 0.0000000000
121798  41.869  25.058  -1.087 0.0000000000
120927  41.223  24.287  -0.740 0.0000000000
120928  40.849  23.904  -0.637 0.0000000000
120111  41.013  23.853  -0.830 0.0000000000
120077  41.355  23.385  1.882 0.0000000000
120089  41.289  23.351  0.735 0.0000000000
120064  40.563  22.895  2.681 0.0000000000
120048  40.690  23.494  3.872 0.0000000000
121780  49.512  24.673  0.457 0.0000000000
121787  49.110  24.435  -0.112 0.0000000000
120920  49.547  24.034  0.033 0.0000000000
120895  47.828  23.615  0.978 0.0000000000
120910  48.235  23.805  0.275 0.0000000000
120028  45.879  23.308  5.441 0.0000000000
125861  38.646  30.783  0.694 0.0000000000
125872  38.786  30.962  0.133 0.0000000000
125005  39.954  30.267  0.036 0.0000000000
129211  40.011  34.435  -2.371 0.0000000000
129212  39.299  34.085  -2.008 0.0000000000
129213  38.745  33.654  -1.467 0.0000000000
129200  37.908  33.586  -0.358 0.0000000000
127577  38.007  32.214  -0.347 0.0000000000
120808  49.634  24.004  10.737 0.0000000000
119984  50.384  23.492  10.833 0.0000000000
119983  51.021  23.036  11.036 0.0000000000
130762  48.305  35.972  -3.016 0.0000000000
129220  48.381  35.051  -2.886 0.0000000000
130753  48.997  36.258  -2.873 0.0000000000
130744  49.650  36.405  -1.777 0.0000000000
130732  49.822  36.396  -1.120 0.0000000000
130669  45.159  36.458  5.964 0.0000000000
129927  45.957  35.821  5.282 0.0000000000
132296  46.873  38.096  -0.284 0.0000000000
131483  46.228  37.766  -0.953 0.0000000000
131497  46.393  37.372  -1.820 0.0000000000
131511  46.633  36.759  -2.817 0.0000000000
130755  47.478  36.375  -2.936 0.0000000000
123397  46.571  27.542  -0.756 0.0000000000
123405  46.498  27.081  -1.677 0.0000000000
123404  47.061  26.839  -1.289 0.0000000000
122595  47.689  26.053  -1.486 0.0000000000
121795  48.391  25.058  -2.000 0.0000000000
124150  41.582  28.144  2.988 0.0000000000
122565  41.284  26.385  2.526 0.0000000000
121766  40.353  25.379  2.519 0.0000000000
120902  40.331  24.181  0.925 0.0000000000
134684  44.741  41.120  -5.728 0.0000000000
135308  44.424  42.180  -5.160 0.0000000000
134685  44.204  41.224  -5.258 0.0000000000
133928  43.002  40.962  -4.198 0.0000000000
133914  42.459  40.612  -3.640 0.0000000000
126719  36.505  31.934  2.384 0.0000000000
125824  37.913  31.000  5.109 0.0000000000
133838  47.965  41.206  2.500 0.0000000000
133825  47.859  41.136  3.443 0.0000000000
134551  48.467  41.725  5.148 0.0000000000
132235  43.776  38.755  4.990 0.0000000000
132236  42.994  38.860  4.765 0.0000000000
133011  44.577  38.996  4.388 0.0000000000
133040  45.471  39.661  2.611 0.0000000000
133839  47.238  40.580  2.730 0.0000000000
121743  47.917  25.898  4.214 0.0000000000
121742  48.422  25.272  4.242 0.0000000000
120853  48.956  24.729  4.324 0.0000000000
120852  49.781  24.333  4.468 0.0000000000
120008  51.528  22.836  6.715 0.0000000000
120023  51.437  23.118  6.031 0.0000000000
119293  52.451  21.971  5.123 0.0000000000
118546  52.005  21.328  5.450 0.0000000000
128412  41.358  33.494  -2.849 0.0000000000
128401  41.947  33.846  -2.045 0.0000000000
129210  42.627  34.011  -1.487 0.0000000000
129196  43.099  33.986  -0.921 0.0000000000
128377  46.272  33.712  -0.086 0.0000000000
128386  45.541  33.749  -0.562 0.0000000000
128378  45.458  33.241  0.701 0.0000000000
126724  44.959  31.574  1.381 0.0000000000
125850  45.016  30.369  1.207 0.0000000000
126716  45.671  31.550  2.138 0.0000000000
133023  50.527  40.433  2.952 0.0000000000
133038  50.243  39.805  2.153 0.0000000000
132260  49.618  39.110  2.779 0.0000000000
129935  49.882  35.157  4.648 0.0000000000
129946  49.852  35.418  3.900 0.0000000000
129945  50.266  34.824  4.396 0.0000000000
128353  50.300  33.689  4.178 0.0000000000
127541  49.218  32.750  4.018 0.0000000000
126703  48.473  32.186  3.971 0.0000000000
126692  48.982  31.679  4.640 0.0000000000
125827  48.517  30.645  4.660 0.0000000000
124141  48.265  29.231  4.499 0.0000000000
124955  48.687  29.865  5.278 0.0000000000
124945  49.319  30.318  6.121 0.0000000000
124936  49.116  29.415  6.878 0.0000000000
124911  50.269  30.576  8.836 0.0000000000
124900  50.210  30.362  9.846 0.0000000000
139981  47.926  49.441  5.890 0.0000000000
139994  48.125  49.371  5.008 0.0000000000
139993  48.336  49.435  4.447 0.0000000000
140007  48.458  49.544  3.669 0.0000000000
139367  48.462  48.735  3.120 0.0000000000
138733  48.240  48.159  2.324 0.0000000000
136661  43.717  44.526  3.325 0.0000000000
137345  44.229  45.748  3.762 0.0000000000
136660  44.030  44.890  3.079 0.0000000000
136670  44.085  44.827  2.709 0.0000000000
134645  45.068  41.317  -2.585 0.0000000000
135279  45.032  42.513  -1.747 0.0000000000
135288  45.252  41.834  -2.404 0.0000000000
135287  45.909  42.549  -2.664 0.0000000000
136717  46.229  43.795  -2.275 0.0000000000
136716  46.966  44.521  -2.395 0.0000000000
135970  46.691  43.275  -2.857 0.0000000000
135295  47.509  42.384  -4.054 0.0000000000
135321  47.341  42.238  -5.321 0.0000000000
134681  47.159  41.112  -5.697 0.0000000000
133952  46.656  40.251  -6.232 0.0000000000
133142  46.157  39.430  -6.475 0.0000000000
129260  45.372  35.300  -5.122 0.0000000000
130027  45.109  35.724  -5.466 0.0000000000
129252  43.588  34.627  -5.009 0.0000000000
130021  41.974  34.644  -4.382 0.0000000000
129253  42.600  34.334  -4.610 0.0000000000
128432  42.007  33.672  -4.041 0.0000000000
125879  41.930  30.003  -1.516 0.0000000000
125014  41.550  29.388  -1.753 0.0000000000
125013  42.207  29.535  -2.269 0.0000000000
125039  42.073  28.793  -3.115 0.0000000000
123428  42.597  27.576  -3.000 0.0000000000
120947  44.181  24.330  -3.229 0.0000000000
120956  43.964  24.918  -3.673 0.0000000000
120115  42.879  23.851  -1.489 0.0000000000
120109  42.189  23.436  -1.054 0.0000000000
120100  42.361  23.422  -0.106 0.0000000000
120076  42.186  23.820  2.202 0.0000000000
120096  49.979  23.541  0.917 0.0000000000
120097  49.284  23.475  0.401 0.0000000000
120086  48.399  23.374  1.136 0.0000000000
120075  47.316  23.662  2.116 0.0000000000
125844  38.639  30.800  2.296 0.0000000000
125835  39.336  30.482  2.839 0.0000000000
124978  40.058  30.101  2.451 0.0000000000
124986  40.056  30.085  1.470 0.0000000000
124977  40.657  29.506  1.999 0.0000000000
123385  41.918  27.882  1.580 0.0000000000
123391  42.210  27.323  0.512 0.0000000000
131529  42.710  37.075  -3.706 0.0000000000
132329  42.790  38.262  -3.501 0.0000000000
131500  41.525  37.434  -1.813 0.0000000000
129993  40.566  35.416  -1.895 0.0000000000
128380  37.446  33.324  0.185 0.0000000000
126736  37.044  31.871  1.122 0.0000000000
132213  42.922  38.683  5.611 0.0000000000
132212  43.962  38.774  5.901 0.0000000000
132210  45.113  39.542  5.961 0.0000000000
121711  47.469  25.588  8.189 0.0000000000
120827  47.880  24.887  7.306 0.0000000000
120826  48.637  24.373  7.415 0.0000000000
120825  49.390  23.920  7.522 0.0000000000
120001  50.199  23.612  7.619 0.0000000000
120812  49.495  23.967  9.616 0.0000000000
119991  50.234  23.524  8.653 0.0000000000
120000  50.993  23.240  7.677 0.0000000000
119999  51.617  22.542  7.616 0.0000000000
119246  52.288  21.685  7.632 0.0000000000
129239  44.791  33.988  -3.519 0.0000000000
129224  44.609  34.218  -2.492 0.0000000000
129206  46.312  34.272  -1.618 0.0000000000
129205  47.336  34.406  -1.810 0.0000000000
129192  46.847  34.129  -0.863 0.0000000000
129176  47.406  34.891  0.857 0.0000000000
132208  48.238  39.151  5.675 0.0000000000
132232  48.146  38.545  4.814 0.0000000000
131426  47.863  37.678  4.519 0.0000000000
129937  47.923  36.056  4.536 0.0000000000
129926  47.067  35.584  4.878 0.0000000000
129925  48.237  35.260  4.975 0.0000000000
129923  49.834  34.650  5.170 0.0000000000
129138  49.977  33.964  5.443 0.0000000000
128338  50.019  33.409  5.680 0.0000000000
126666  50.225  32.071  6.240 0.0000000000
128312  50.056  33.163  6.510 0.0000000000
127486  50.055  32.468  7.504 0.0000000000
126635  50.226  31.921  8.071 0.0000000000
127488  49.053  32.450  8.070 0.0000000000
126636  49.739  32.028  8.615 0.0000000000
126628  49.679  31.572  9.417 0.0000000000
126622  49.775  31.117  10.311 0.0000000000
126615  49.601  31.022  10.781 0.0000000000
138731  47.016  47.289  3.553 0.0000000000
133864  43.579  40.862  0.598 0.0000000000
135255  43.424  42.296  0.631 0.0000000000
133876  43.674  40.921  0.025 0.0000000000
133875  44.103  40.594  -0.479 0.0000000000
133885  44.495  40.547  -1.538 0.0000000000
132309  44.993  38.529  -1.198 0.0000000000
133103  44.745  39.520  -1.965 0.0000000000
133913  45.111  40.175  -3.251 0.0000000000
133109  45.207  39.417  -3.827 0.0000000000
133122  45.578  39.283  -4.564 0.0000000000
133134  46.323  39.211  -5.553 0.0000000000
130775  45.971  36.382  -4.672 0.0000000000
131526  46.337  36.635  -3.617 0.0000000000
130026  45.665  35.711  -5.006 0.0000000000
129250  45.844  34.904  -4.592 0.0000000000
124190  44.416  28.789  -2.168 0.0000000000
124199  44.213  28.627  -3.090 0.0000000000
124198  44.760  28.170  -2.680 0.0000000000
123425  45.161  27.305  -3.824 0.0000000000
121813  45.391  25.698  -4.219 0.0000000000
122611  46.715  26.079  -3.272 0.0000000000
121812  46.438  25.571  -3.660 0.0000000000
120954  46.023  24.916  -3.655 0.0000000000
120946  45.320  24.435  -3.084 0.0000000000
120935  45.696  24.217  -2.277 0.0000000000
120057  48.637  22.667  4.094 0.0000000000
120058  48.016  23.163  3.746 0.0000000000
120041  47.893  22.851  4.848 0.0000000000
121736  38.277  25.820  4.943 0.0000000000
124956  40.094  29.336  4.776 0.0000000000
124143  40.268  28.385  4.686 0.0000000000
123372  40.881  27.738  3.701 0.0000000000
122548  39.348  26.390  4.826 0.0000000000
121746  38.542  25.479  4.402 0.0000000000
120858  38.387  24.818  3.734 0.0000000000
121776  39.407  24.451  1.972 0.0000000000
120904  38.932  23.681  1.948 0.0000000000
119326  38.651  22.772  2.223 0.0000000000
135325  44.337  42.948  -5.112 0.0000000000
135994  44.470  43.698  -4.924 0.0000000000
132319  42.385  38.707  -2.911 0.0000000000
133104  42.338  39.200  -2.917 0.0000000000
132294  48.780  38.697  -0.954 0.0000000000
132293  49.701  39.097  -1.223 0.0000000000
133873  49.727  40.116  -0.318 0.0000000000
133849  50.135  41.032  0.889 0.0000000000
134592  50.401  41.268  1.689 0.0000000000
134579  49.417  41.652  2.801 0.0000000000
134578  50.095  41.505  2.504 0.0000000000
134577  50.495  41.126  2.313 0.0000000000
133824  50.550  40.719  3.643 0.0000000000
133806  50.362  40.742  4.244 0.0000000000
132990  48.799  39.415  5.912 0.0000000000
132209  47.182  38.556  5.851 0.0000000000
131403  45.678  37.493  6.291 0.0000000000
138044  42.807  46.316  4.441 0.0000000000
137347  42.151  45.333  4.509 0.0000000000
135901  43.226  43.722  3.576 0.0000000000
134581  43.068  41.672  2.009 0.0000000000
133013  42.531  39.581  4.266 0.0000000000
134582  42.890  41.412  2.686 0.0000000000
134595  43.306  41.434  1.172 0.0000000000
133072  43.892  40.310  0.752 0.0000000000
133071  44.290  39.802  0.941 0.0000000000
132285  45.392  38.919  0.783 0.0000000000
133054  45.350  39.503  1.613 0.0000000000
132274  46.157  39.159  1.280 0.0000000000
132284  46.684  38.831  0.767 0.0000000000
132283  47.476  38.693  0.022 0.0000000000
133084  48.207  38.971  -0.314 0.0000000000
123382  48.190  26.949  1.602 0.0000000000
122580  48.438  26.141  0.590 0.0000000000
122572  48.656  26.268  1.233 0.0000000000
121773  49.285  25.533  1.135 0.0000000000
121772  49.792  24.786  1.200 0.0000000000
121754  48.837  25.388  3.155 0.0000000000
121763  49.770  24.807  2.075 0.0000000000
120894  50.379  24.047  1.367 0.0000000000
120084  50.626  23.117  1.650 0.0000000000
119333  50.757  22.432  1.922 0.0000000000
119323  50.132  22.033  2.620 0.0000000000
120835  48.692  24.461  6.398 0.0000000000
120843  49.754  24.168  5.517 0.0000000000
120851  50.604  23.847  4.633 0.0000000000
120038  51.614  23.030  5.257 0.0000000000
120056  51.252  23.196  4.032 0.0000000000
119322  50.838  22.128  2.554 0.0000000000
119311  49.647  22.262  3.761 0.0000000000
127574  39.966  32.348  -0.787 0.0000000000
126743  40.734  31.538  -0.524 0.0000000000
125867  42.709  30.295  -1.132 0.0000000000
129208  44.302  34.307  -1.541 0.0000000000
129195  43.954  34.083  -0.753 0.0000000000
128388  43.483  33.492  -0.399 0.0000000000
128387  44.659  33.301  -0.134 0.0000000000
125002  44.092  29.597  -1.265 0.0000000000
125001  44.707  28.981  -0.942 0.0000000000
124171  45.488  28.488  -0.219 0.0000000000
124983  44.981  29.647  0.711 0.0000000000
124991  45.474  28.766  0.229 0.0000000000
124170  46.147  28.271  0.157 0.0000000000
124169  46.888  28.070  0.504 0.0000000000
124161  47.223  28.200  1.157 0.0000000000
133093  50.806  39.343  -1.057 0.0000000000
131479  50.631  38.218  -1.147 0.0000000000
130721  49.858  36.828  -0.395 0.0000000000
132282  50.280  38.752  0.438 0.0000000000
131466  50.062  37.699  -0.033 0.0000000000
130722  49.302  36.385  -0.044 0.0000000000
129970  48.508  35.952  0.371 0.0000000000
129963  47.695  35.227  1.025 0.0000000000
129955  47.289  35.120  1.682 0.0000000000
132248  48.874  38.537  3.893 0.0000000000
129952  49.445  35.833  3.162 0.0000000000
129953  48.700  35.847  2.471 0.0000000000
129168  47.281  34.746  2.339 0.0000000000
128362  46.635  33.798  2.388 0.0000000000
127550  46.882  32.641  2.955 0.0000000000
126715  46.729  31.495  2.847 0.0000000000
126704  47.737  31.560  3.729 0.0000000000
126714  47.227  30.993  3.298 0.0000000000
125840  47.007  30.408  2.899 0.0000000000
124155  47.456  28.498  2.198 0.0000000000
123377  47.935  27.571  2.274 0.0000000000
123370  48.062  27.401  3.087 0.0000000000
123363  47.792  27.481  4.079 0.0000000000
122546  47.702  26.658  4.196 0.0000000000
122538  47.385  26.576  5.074 0.0000000000
122530  47.328  26.572  6.056 0.0000000000
122520  47.112  26.680  6.992 0.0000000000
125795  50.207  31.463  7.029 0.0000000000
124935  49.624  29.951  7.044 0.0000000000
124114  49.188  29.386  7.158 0.0000000000
124105  49.326  29.396  7.727 0.0000000000
123338  48.130  28.131  7.706 0.0000000000
123329  47.554  27.417  7.859 0.0000000000
122512  47.228  26.529  8.041 0.0000000000
121705  47.685  25.597  9.175 0.0000000000
121703  47.827  25.558  10.180 0.0000000000
121702  48.174  25.228  10.720 0.0000000000
140035  48.521  49.688  1.408 0.0000000000
139374  48.498  48.821  1.960 0.0000000000
139378  49.026  48.708  0.933 0.0000000000
139383  49.162  48.355  -0.405 0.0000000000
138748  49.482  47.677  -0.872 0.0000000000
138761  49.392  47.324  -1.610 0.0000000000
137390  49.361  45.984  -2.796 0.0000000000
138049  46.400  46.917  3.699 0.0000000000
138054  46.667  46.770  2.977 0.0000000000
135944  43.631  43.059  0.076 0.0000000000
136685  43.727  43.979  0.300 0.0000000000
135954  44.597  43.326  -1.037 0.0000000000
138060  46.017  46.461  1.335 0.0000000000
138059  47.005  47.081  1.840 0.0000000000
138064  46.892  46.630  0.531 0.0000000000
138075  47.884  46.323  -1.254 0.0000000000
137393  47.274  45.199  -2.158 0.0000000000
137378  47.551  45.679  -1.868 0.0000000000
137377  48.383  45.934  -2.031 0.0000000000
137407  48.981  45.608  -3.711 0.0000000000
136761  48.152  44.618  -4.797 0.0000000000
135323  45.930  42.260  -5.755 0.0000000000
135335  47.017  41.643  -5.798 0.0000000000
135337  46.049  41.455  -6.070 0.0000000000
134683  45.444  41.512  -5.862 0.0000000000
132336  43.609  38.458  -4.768 0.0000000000
132359  45.844  38.519  -6.541 0.0000000000
132360  45.186  38.237  -6.627 0.0000000000
130784  44.879  36.600  -5.714 0.0000000000
131560  44.747  37.613  -6.097 0.0000000000
132350  44.087  38.090  -5.642 0.0000000000
131528  43.228  37.829  -4.166 0.0000000000
129227  41.058  34.582  -3.209 0.0000000000
129242  41.443  34.343  -3.871 0.0000000000
128404  39.259  33.105  -2.000 0.0000000000
125870  40.226  30.696  -0.513 0.0000000000
125004  40.419  29.976  -0.477 0.0000000000
124184  40.891  29.225  -0.602 0.0000000000
124183  41.314  28.718  -0.631 0.0000000000
124182  41.890  28.295  -0.500 0.0000000000
123400  42.315  27.667  -0.351 0.0000000000
122590  42.422  26.835  -0.333 0.0000000000
124211  43.519  28.367  -3.439 0.0000000000
123427  43.439  27.298  -3.655 0.0000000000
122605  42.804  26.626  -2.427 0.0000000000
121805  43.117  25.294  -3.256 0.0000000000
121806  42.834  25.587  -2.830 0.0000000000
121789  42.306  25.826  -0.820 0.0000000000
121782  42.012  25.795  0.005 0.0000000000
120916  40.871  24.591  0.068 0.0000000000
120917  40.600  23.972  -0.158 0.0000000000
120090  40.525  23.496  0.731 0.0000000000
120101  41.347  23.305  -0.348 0.0000000000
119324  39.806  22.878  1.359 0.0000000000
119312  39.809  22.621  2.106 0.0000000000
122587  48.345  25.797  -0.139 0.0000000000
121788  48.610  24.838  -0.754 0.0000000000
120932  48.289  24.317  -1.437 0.0000000000
120922  48.068  23.898  -0.910 0.0000000000
120933  47.863  23.982  -1.918 0.0000000000
120923  47.109  24.115  -1.140 0.0000000000
120912  46.086  24.462  -0.151 0.0000000000
120898  44.994  24.530  0.848 0.0000000000
120868  46.498  24.054  2.933 0.0000000000
120043  45.872  23.708  4.562 0.0000000000
120060  45.855  24.108  3.746 0.0000000000
120883  46.452  23.969  2.280 0.0000000000
120884  45.806  24.168  2.116 0.0000000000
120885  44.912  24.560  1.993 0.0000000000
120886  43.880  24.554  1.800 0.0000000000
120872  42.731  24.007  2.735 0.0000000000
119972  51.253  23.229  12.281 0.0000000000
119224  51.499  22.492  11.334 0.0000000000
118489  51.908  21.265  11.043 0.0000000000
119230  51.799  21.855  10.529 0.0000000000
118545  52.351  21.715  5.315 0.0000000000
118558  52.305  21.914  4.933 0.0000000000
118559  52.050  21.727  4.852 0.0000000000
119211  51.649  22.483  12.253 0.0000000000
119298  48.195  22.652  5.106 0.0000000000
119308  51.512  22.662  4.220 0.0000000000
119332  51.021  22.760  1.932 0.0000000000
119334  50.448  22.152  2.074 0.0000000000
119337  39.070  22.924  1.730 0.0000000000
120039  51.209  23.480  4.908 0.0000000000
120040  48.417  22.688  4.570 0.0000000000
120062  42.252  23.786  2.706 0.0000000000
120087  47.645  23.620  1.359 0.0000000000
120099  43.023  23.612  -0.388 0.0000000000
120106  49.666  23.803  0.329 0.0000000000
120107  49.389  23.791  0.048 0.0000000000
120810  48.231  24.850  10.061 0.0000000000
120882  50.230  24.249  2.300 0.0000000000
120889  38.865  23.950  2.209 0.0000000000
120909  48.899  23.589  0.043 0.0000000000
120915  43.056  23.657  -0.105 0.0000000000
120939  41.960  24.573  -1.468 0.0000000000
120948  43.332  24.777  -3.250 0.0000000000
120949  42.880  25.031  -2.997 0.0000000000
120953  47.068  24.950  -3.346 0.0000000000
120955  44.892  24.923  -3.685 0.0000000000
120957  43.624  25.058  -3.557 0.0000000000
121734  48.328  25.095  4.925 0.0000000000
121744  40.012  25.834  3.969 0.0000000000
121783  41.381  25.256  0.554 0.0000000000
121796  47.923  25.471  -2.236 0.0000000000
121803  48.158  24.750  -2.569 0.0000000000
121816  43.138  25.694  -3.302 0.0000000000
121823  44.976  26.168  -4.423 0.0000000000
121824  44.592  25.949  -4.345 0.0000000000
121825  44.135  25.787  -4.134 0.0000000000
122531  47.373  27.019  6.327 0.0000000000
122539  39.036  26.532  5.253 0.0000000000
122540  38.531  26.280  5.286 0.0000000000
122547  40.076  26.199  4.098 0.0000000000
122556  41.030  26.777  2.954 0.0000000000
122564  41.596  26.547  2.173 0.0000000000
122573  48.248  26.697  1.041 0.0000000000
122574  41.710  26.473  1.841 0.0000000000
122596  47.092  26.406  -1.849 0.0000000000
122597  42.597  27.310  -0.792 0.0000000000
122603  46.778  26.377  -2.490 0.0000000000
122604  46.166  26.614  -2.924 0.0000000000
122610  47.249  25.765  -2.905 0.0000000000
122613  43.547  26.452  -3.841 0.0000000000
122625  45.200  26.586  -4.295 0.0000000000
122627  44.004  26.278  -4.184 0.0000000000
123340  47.474  27.248  6.539 0.0000000000
123349  47.499  27.229  6.313 0.0000000000
123369  48.361  26.548  2.570 0.0000000000
123396  47.286  26.994  -0.621 0.0000000000
123399  42.462  27.371  -0.570 0.0000000000
123406  45.744  27.632  -1.842 0.0000000000
123407  42.479  27.583  -0.729 0.0000000000
123416  44.722  27.790  -3.214 0.0000000000
123418  41.638  28.307  -2.103 0.0000000000
123441  44.711  27.086  -4.229 0.0000000000
123442  44.092  26.975  -4.198 0.0000000000
124116  47.950  27.959  6.470 0.0000000000
124157  41.699  28.381  2.021 0.0000000000
124163  42.062  27.829  0.989 0.0000000000
124164  41.621  28.486  0.990 0.0000000000
124165  41.102  28.858  0.529 0.0000000000
124179  45.885  28.038  -0.578 0.0000000000
124181  44.685  28.760  -1.475 0.0000000000
124201  41.586  28.804  -2.264 0.0000000000
124213  42.195  28.482  -3.101 0.0000000000
124946  48.963  29.555  6.352 0.0000000000
124954  49.113  30.509  5.645 0.0000000000
124982  45.559  29.220  0.867 0.0000000000
124994  40.385  29.607  0.020 0.0000000000
125012  42.934  29.638  -2.287 0.0000000000
125015  40.933  29.936  -0.884 0.0000000000
125025  41.828  29.015  -2.826 0.0000000000
125037  42.920  28.870  -3.318 0.0000000000
125038  42.349  28.818  -3.198 0.0000000000
125758  48.531  31.004  10.182 0.0000000000
125779  50.313  30.685  8.028 0.0000000000
125810  50.096  31.595  6.544 0.0000000000
126616  49.429  31.018  10.966 0.0000000000
126621  50.066  31.235  9.796 0.0000000000
126623  49.223  31.171  10.568 0.0000000000
126627  50.160  31.444  9.223 0.0000000000
126681  49.338  31.342  5.326 0.0000000000
126725  44.684  31.099  1.080 0.0000000000
126726  37.979  31.092  1.021 0.0000000000
126728  37.018  31.892  1.674 0.0000000000
127487  49.731  32.466  7.805 0.0000000000
127493  50.221  32.761  7.001 0.0000000000
127494  49.860  32.892  7.240 0.0000000000
127509  50.185  32.736  6.246 0.0000000000
127531  50.274  33.191  4.844 0.0000000000
127532  50.006  32.791  4.717 0.0000000000
127540  49.912  33.189  4.101 0.0000000000
127543  47.431  32.225  3.329 0.0000000000
127563  44.994  32.472  0.980 0.0000000000
127584  38.701  32.631  -1.450 0.0000000000
128313  49.896  33.194  6.732 0.0000000000
128323  50.072  33.160  6.156 0.0000000000
128326  48.285  33.869  6.087 0.0000000000
128337  50.110  33.494  5.450 0.0000000000
128341  46.769  34.066  5.760 0.0000000000
128346  50.363  33.672  4.770 0.0000000000
128352  50.457  34.086  4.368 0.0000000000
128354  49.656  33.633  3.727 0.0000000000
128400  45.820  33.988  -0.984 0.0000000000
128410  43.500  33.797  -3.206 0.0000000000
128422  43.191  33.683  -3.700 0.0000000000
128423  42.336  33.668  -3.636 0.0000000000
128424  41.582  33.742  -3.612 0.0000000000
129125  49.810  33.682  5.683 0.0000000000
129126  49.563  33.792  5.781 0.0000000000
129137  50.167  33.910  5.273 0.0000000000
129139  49.415  34.344  5.500 0.0000000000
129147  50.341  34.143  5.061 0.0000000000
129155  50.420  34.344  4.558 0.0000000000
129183  47.344  34.986  0.305 0.0000000000
129235  48.185  35.294  -3.186 0.0000000000
129241  42.840  33.819  -3.063 0.0000000000
129262  44.340  34.798  -5.197 0.0000000000
129924  49.230  35.001  5.128 0.0000000000
129934  50.298  34.632  4.744 0.0000000000
129954  47.696  35.521  2.130 0.0000000000
129964  47.335  34.982  1.320 0.0000000000
129979  49.599  35.905  -1.149 0.0000000000
129980  49.119  35.594  -0.869 0.0000000000
129991  49.186  35.581  -1.757 0.0000000000
130000  49.482  35.953  -2.013 0.0000000000
130002  41.142  35.375  -2.659 0.0000000000
130007  48.530  35.608  -2.960 0.0000000000
130008  47.977  35.593  -3.250 0.0000000000
130016  47.510  35.610  -3.678 0.0000000000
130017  47.064  35.640  -4.136 0.0000000000
130681  45.802  36.492  5.428 0.0000000000
130690  47.583  36.831  4.447 0.0000000000
130691  47.037  36.795  4.644 0.0000000000
130700  49.052  36.780  3.768 0.0000000000
130752  49.492  36.399  -2.346 0.0000000000
130754  48.263  36.374  -2.849 0.0000000000
130765  46.337  36.524  -4.061 0.0000000000
130773  47.248  36.003  -3.863 0.0000000000
131453  49.124  37.264  0.911 0.0000000000
131480  50.288  37.453  -0.858 0.0000000000
131484  45.735  37.982  -0.927 0.0000000000
131494  49.810  37.354  -1.778 0.0000000000
131513  45.023  37.870  -2.058 0.0000000000
131530  42.243  37.040  -3.184 0.0000000000
131578  45.429  37.991  -6.590 0.0000000000
131579  45.232  37.837  -6.505 0.0000000000
132189  48.112  39.285  6.801 0.0000000000
132207  48.691  39.456  5.317 0.0000000000
132211  44.751  39.437  6.135 0.0000000000
132230  49.276  39.578  4.408 0.0000000000
132233  45.090  39.395  5.687 0.0000000000
132273  46.548  39.234  1.238 0.0000000000
132292  51.047  38.954  -0.840 0.0000000000
132305  50.706  38.772  -1.225 0.0000000000
132308  45.491  38.147  -0.978 0.0000000000
132347  46.384  38.951  -6.193 0.0000000000
132358  46.272  39.062  -6.408 0.0000000000
132989  49.066  39.698  5.617 0.0000000000
132992  45.493  39.877  6.050 0.0000000000
132993  45.007  39.728  6.363 0.0000000000
133009  46.075  40.029  5.268 0.0000000000
133037  50.585  40.417  2.521 0.0000000000
133049  50.674  40.318  1.576 0.0000000000
133050  50.376  39.610  1.077 0.0000000000
133052  48.339  40.218  0.979 0.0000000000
133065  50.632  39.949  0.566 0.0000000000
133081  50.638  39.632  -0.363 0.0000000000
133082  50.183  39.763  -0.881 0.0000000000
133083  49.100  39.727  -0.445 0.0000000000
133086  43.811  40.455  0.195 0.0000000000
133094  50.410  39.158  -1.246 0.0000000000
133110  44.962  39.461  -3.101 0.0000000000
133112  42.638  39.427  -3.478 0.0000000000
133133  46.757  39.377  -5.993 0.0000000000
133135  44.533  39.322  -6.251 0.0000000000
133791  49.980  40.926  5.193 0.0000000000
133805  50.617  41.172  3.820 0.0000000000
133823  50.567  40.776  2.996 0.0000000000
133840  43.234  40.764  1.981 0.0000000000
133853  43.548  40.698  1.184 0.0000000000
133861  50.394  40.324  0.390 0.0000000000
133862  49.874  40.451  0.225 0.0000000000
133863  49.373  40.226  0.040 0.0000000000
133874  49.433  40.054  -0.261 0.0000000000
133899  44.953  40.583  -2.768 0.0000000000
133911  46.108  40.833  -4.214 0.0000000000
133925  46.357  40.660  -4.673 0.0000000000
133936  47.086  40.688  -5.734 0.0000000000
133951  47.102  40.636  -5.977 0.0000000000
134563  50.319  41.320  3.228 0.0000000000
134566  48.603  41.624  4.123 0.0000000000
134580  48.634  41.592  3.129 0.0000000000
134591  50.657  41.045  1.778 0.0000000000
134605  43.555  41.499  0.292 0.0000000000
134644  45.477  41.347  -3.073 0.0000000000
134658  45.886  41.243  -3.613 0.0000000000
134667  47.274  41.600  -5.083 0.0000000000
134669  44.343  41.782  -5.178 0.0000000000
134682  47.091  41.014  -5.419 0.0000000000
134698  45.743  40.926  -6.223 0.0000000000
134699  45.289  41.005  -6.077 0.0000000000
135216  43.071  42.861  3.166 0.0000000000
135269  43.791  42.180  -0.303 0.0000000000
135309  44.107  42.355  -4.899 0.0000000000
135336  46.579  41.599  -5.980 0.0000000000
135962  45.087  43.242  -1.527 0.0000000000
135971  46.119  43.229  -2.427 0.0000000000
135981  47.214  43.176  -3.423 0.0000000000
135992  48.288  43.963  -4.409 0.0000000000
135995  43.784  43.287  -4.717 0.0000000000
136012  44.718  43.234  -5.261 0.0000000000
136013  44.346  43.314  -5.006 0.0000000000
136646  43.139  44.201  3.925 0.0000000000
136693  45.286  44.908  -1.100 0.0000000000
136705  45.817  44.610  -1.637 0.0000000000
136762  47.716  44.203  -5.046 0.0000000000
137354  43.879  45.213  3.567 0.0000000000
137380  46.066  45.337  -1.415 0.0000000000
137391  48.782  45.296  -2.829 0.0000000000
137392  47.864  45.238  -2.434 0.0000000000
137406  49.342  46.169  -3.240 0.0000000000
138035  41.123  46.923  5.283 0.0000000000
138058  47.507  47.300  1.531 0.0000000000
138068  48.859  46.892  -0.557 0.0000000000
138073  49.257  46.879  -1.642 0.0000000000
138094  49.255  46.697  -2.130 0.0000000000
138708  42.205  47.790  6.312 0.0000000000
138720  40.919  47.336  6.071 0.0000000000
138723  46.487  47.400  4.231 0.0000000000
138734  47.793  47.707  2.598 0.0000000000
138739  47.844  47.577  1.719 0.0000000000
138750  48.825  47.263  0.242 0.0000000000
139353  48.248  49.033  4.704 0.0000000000
139361  47.944  48.366  3.805 0.0000000000
139382  49.520  48.051  -0.822 0.0000000000
140680  47.782  50.002  6.379 0.0000000000
140690  48.186  49.744  4.718 0.0000000000
