#!ascii label  , from subject ernie vox2ras=TkReg
1306
60507  21.770  -30.057  44.365 0.0000000000
59294  33.536  -30.636  44.858 0.0000000000
83937  38.746  -10.148  21.596 0.0000000000
72317  31.299  -20.626  32.072 0.0000000000
67562  34.502  -25.367  40.289 0.0000000000
93833  48.181  -1.795  10.831 0.0000000000
79280  39.750  -13.537  25.144 0.0000000000
80469  33.325  -13.585  25.370 0.0000000000
58132  16.336  -32.477  43.534 0.0000000000
58126  29.130  -31.752  44.238 0.0000000000
58228  29.097  -31.188  39.718 0.0000000000
62827  23.465  -27.589  39.529 0.0000000000
90729  44.838  -4.813  16.224 0.0000000000
58074  26.503  -31.485  47.990 0.0000000000
56934  21.353  -32.995  48.940 0.0000000000
88503  44.359  -6.926  20.661 0.0000000000
54731  15.997  -34.039  48.802 0.0000000000
54721  11.283  -35.651  49.119 0.0000000000
78136  34.211  -16.226  30.583 0.0000000000
69854  32.259  -22.531  37.583 0.0000000000
64058  32.998  -27.920  33.600 0.0000000000
59493  30.314  -31.130  35.873 0.0000000000
80413  39.826  -12.314  27.485 0.0000000000
78170  36.081  -13.513  24.915 0.0000000000
81599  36.808  -12.806  27.615 0.0000000000
80427  42.708  -11.690  27.069 0.0000000000
60551  19.568  -30.241  41.382 0.0000000000
59373  17.262  -32.176  41.076 0.0000000000
59332  19.467  -31.295  44.131 0.0000000000
60487  25.713  -29.916  44.645 0.0000000000
61699  26.549  -29.450  42.130 0.0000000000
61716  22.702  -28.861  42.135 0.0000000000
62844  20.214  -28.669  39.299 0.0000000000
86277  38.261  -8.941  20.057 0.0000000000
83899  41.694  -10.739  22.388 0.0000000000
86273  42.159  -8.575  21.320 0.0000000000
89642  41.803  -6.268  20.066 0.0000000000
55844  20.972  -33.885  50.777 0.0000000000
55874  18.101  -33.966  47.901 0.0000000000
54682  18.794  -34.643  50.700 0.0000000000
53452  13.951  -36.616  53.547 0.0000000000
53494  13.383  -35.140  50.490 0.0000000000
53481  11.308  -35.976  51.601 0.0000000000
52155  9.449  -37.134  52.014 0.0000000000
52131  9.559  -37.401  54.287 0.0000000000
73379  35.174  -20.239  38.175 0.0000000000
69820  33.564  -23.330  39.564 0.0000000000
66368  31.222  -26.351  37.745 0.0000000000
65150  32.510  -27.753  37.834 0.0000000000
61773  27.431  -29.959  36.887 0.0000000000
58275  29.281  -31.492  37.634 0.0000000000
60624  27.119  -31.356  35.541 0.0000000000
60682  28.644  -31.546  32.703 0.0000000000
73487  32.558  -18.916  31.070 0.0000000000
77041  31.645  -17.399  28.845 0.0000000000
72363  30.954  -20.810  29.015 0.0000000000
95910  50.817  0.108  7.533 0.0000000000
94838  47.800  -1.048  8.219 0.0000000000
81685  39.000  -11.831  22.708 0.0000000000
80494  35.938  -13.635  23.353 0.0000000000
82737  42.206  -11.124  24.723 0.0000000000
55944  32.133  -34.706  43.927 0.0000000000
57035  32.269  -33.905  41.523 0.0000000000
58178  29.009  -31.934  41.168 0.0000000000
61744  27.224  -29.351  39.354 0.0000000000
64000  24.030  -27.448  37.330 0.0000000000
89668  47.561  -5.095  17.142 0.0000000000
89708  46.656  -5.372  15.422 0.0000000000
90775  45.198  -4.546  13.191 0.0000000000
92817  45.526  -3.588  10.660 0.0000000000
59298  24.998  -30.820  46.040 0.0000000000
59291  22.056  -31.661  46.156 0.0000000000
58067  24.368  -31.379  48.982 0.0000000000
58095  28.601  -31.567  45.839 0.0000000000
90687  45.236  -5.285  19.042 0.0000000000
56969  19.070  -32.812  45.809 0.0000000000
55909  16.603  -33.229  46.427 0.0000000000
55913  13.223  -34.053  46.201 0.0000000000
54700  16.055  -35.092  49.966 0.0000000000
54733  14.314  -34.703  48.794 0.0000000000
52121  7.571  -38.219  55.775 0.0000000000
83795  36.634  -11.760  30.621 0.0000000000
72299  33.426  -19.606  33.595 0.0000000000
72252  33.880  -20.530  35.669 0.0000000000
71022  31.047  -21.745  35.239 0.0000000000
68745  29.854  -24.559  36.830 0.0000000000
66408  30.985  -26.708  34.440 0.0000000000
64076  31.130  -28.701  31.059 0.0000000000
59369  33.517  -32.156  40.655 0.0000000000
60578  33.848  -31.378  38.476 0.0000000000
62851  32.805  -29.673  38.481 0.0000000000
61813  32.360  -30.605  34.481 0.0000000000
61875  29.887  -30.461  31.795 0.0000000000
80418  32.900  -14.402  28.069 0.0000000000
77082  30.434  -16.953  26.045 0.0000000000
81568  40.001  -11.535  28.750 0.0000000000
80414  38.864  -12.530  27.786 0.0000000000
81584  38.735  -12.308  28.428 0.0000000000
80397  42.174  -12.071  28.157 0.0000000000
60538  20.316  -29.981  42.557 0.0000000000
59345  19.452  -30.704  43.085 0.0000000000
60508  20.967  -30.462  44.458 0.0000000000
60505  24.235  -29.713  44.299 0.0000000000
61689  24.424  -29.329  43.537 0.0000000000
60522  22.433  -29.324  43.574 0.0000000000
61718  20.795  -29.526  42.397 0.0000000000
85126  38.361  -9.503  21.293 0.0000000000
82807  39.957  -10.254  21.600 0.0000000000
83933  41.862  -9.749  21.484 0.0000000000
85125  39.665  -9.301  21.309 0.0000000000
87394  39.891  -8.198  20.706 0.0000000000
53445  12.180  -36.815  53.877 0.0000000000
53464  12.594  -35.622  52.821 0.0000000000
53454  11.982  -36.054  53.498 0.0000000000
53467  9.968  -36.531  51.924 0.0000000000
52144  10.035  -36.622  52.765 0.0000000000
52145  9.329  -37.248  52.919 0.0000000000
70961  34.778  -22.909  40.128 0.0000000000
68729  34.534  -24.543  40.103 0.0000000000
67564  33.142  -25.404  39.495 0.0000000000
66365  32.808  -26.729  39.551 0.0000000000
59309  34.708  -30.489  43.865 0.0000000000
62867  26.146  -29.223  35.477 0.0000000000
61787  27.012  -30.314  35.885 0.0000000000
61802  26.293  -30.015  34.630 0.0000000000
61817  25.794  -30.182  33.753 0.0000000000
72330  31.979  -20.170  31.495 0.0000000000
73488  31.957  -19.498  30.519 0.0000000000
93822  47.545  -2.360  11.365 0.0000000000
93832  49.256  -1.986  10.874 0.0000000000
94828  49.526  -0.864  10.201 0.0000000000
95878  49.442  -0.681  9.536 0.0000000000
94812  47.799  -1.199  10.037 0.0000000000
80505  39.402  -12.568  23.615 0.0000000000
81670  37.073  -12.702  23.071 0.0000000000
79334  37.547  -13.478  23.737 0.0000000000
79286  34.155  -13.493  24.678 0.0000000000
78187  34.694  -13.715  24.071 0.0000000000
79305  33.379  -14.039  23.788 0.0000000000
79261  41.143  -12.342  25.829 0.0000000000
80490  41.037  -12.441  24.366 0.0000000000
81668  40.838  -11.830  23.459 0.0000000000
59348  17.151  -31.871  42.869 0.0000000000
57008  15.063  -33.018  43.630 0.0000000000
57001  30.526  -33.084  43.197 0.0000000000
57018  29.967  -33.332  42.247 0.0000000000
58142  29.452  -31.721  42.807 0.0000000000
62797  25.232  -28.700  41.289 0.0000000000
61713  26.929  -29.355  41.333 0.0000000000
62826  24.867  -27.868  39.745 0.0000000000
63988  25.506  -28.122  38.487 0.0000000000
63979  24.375  -27.745  38.983 0.0000000000
62842  22.090  -27.793  38.543 0.0000000000
67608  28.011  -24.961  34.751 0.0000000000
89670  46.243  -4.793  16.772 0.0000000000
88548  47.393  -5.330  16.254 0.0000000000
89710  45.592  -5.150  15.578 0.0000000000
90771  44.630  -5.005  14.082 0.0000000000
90776  44.467  -4.868  12.940 0.0000000000
91785  45.186  -4.021  11.566 0.0000000000
59287  26.054  -31.015  46.941 0.0000000000
59280  24.089  -30.901  47.403 0.0000000000
58075  25.429  -31.096  47.878 0.0000000000
58084  27.508  -31.673  47.255 0.0000000000
59297  26.346  -30.823  46.367 0.0000000000
89637  46.898  -5.551  19.529 0.0000000000
89639  44.852  -6.093  19.930 0.0000000000
90707  41.366  -5.452  19.081 0.0000000000
58079  21.232  -32.178  47.272 0.0000000000
58100  19.944  -32.197  46.308 0.0000000000
56957  19.749  -32.767  46.690 0.0000000000
55875  17.105  -34.228  48.061 0.0000000000
55892  17.143  -33.429  47.151 0.0000000000
55893  16.202  -33.631  47.295 0.0000000000
55911  15.296  -33.361  46.509 0.0000000000
55894  15.246  -33.612  47.268 0.0000000000
54677  16.171  -35.041  51.620 0.0000000000
54703  13.042  -35.484  49.657 0.0000000000
54702  13.879  -35.180  49.740 0.0000000000
54719  13.198  -35.228  48.982 0.0000000000
54746  12.795  -34.744  47.434 0.0000000000
73454  34.442  -18.401  32.768 0.0000000000
72230  33.382  -21.243  37.794 0.0000000000
72242  34.608  -20.432  36.439 0.0000000000
72244  32.876  -21.356  37.123 0.0000000000
72267  32.969  -20.328  34.980 0.0000000000
71010  31.833  -21.569  36.424 0.0000000000
69857  29.921  -23.185  36.254 0.0000000000
69837  31.064  -23.835  37.460 0.0000000000
65162  32.644  -27.072  35.512 0.0000000000
66394  31.796  -26.745  35.531 0.0000000000
65176  32.439  -26.983  34.577 0.0000000000
65200  32.217  -27.979  32.222 0.0000000000
64066  32.071  -28.831  31.848 0.0000000000
57094  29.738  -32.435  40.663 0.0000000000
57061  31.853  -32.440  41.135 0.0000000000
57118  30.667  -31.992  39.978 0.0000000000
59472  29.925  -31.339  36.523 0.0000000000
58252  31.764  -31.492  38.338 0.0000000000
59444  32.318  -31.959  37.270 0.0000000000
61770  33.117  -30.578  38.251 0.0000000000
61786  33.139  -30.995  36.255 0.0000000000
61799  33.268  -30.287  35.834 0.0000000000
60638  31.503  -31.235  35.064 0.0000000000
61858  27.570  -31.146  31.770 0.0000000000
61856  29.437  -31.090  32.093 0.0000000000
81556  35.542  -13.238  30.673 0.0000000000
81573  34.281  -13.548  29.392 0.0000000000
79237  33.354  -15.227  29.497 0.0000000000
75841  30.061  -18.561  28.115 0.0000000000
77057  30.732  -17.523  27.297 0.0000000000
95919  50.422  0.182  6.341 0.0000000000
79249  40.337  -12.910  26.340 0.0000000000
78168  37.872  -13.598  25.125 0.0000000000
79265  38.109  -13.236  26.047 0.0000000000
80450  36.700  -12.948  26.359 0.0000000000
80452  35.168  -13.109  26.440 0.0000000000
80409  42.890  -11.941  27.574 0.0000000000
80429  41.538  -12.205  26.825 0.0000000000
59371  18.512  -30.967  41.136 0.0000000000
59346  18.557  -31.240  43.282 0.0000000000
58144  18.012  -31.523  43.667 0.0000000000
59329  27.618  -30.783  43.954 0.0000000000
60519  27.853  -30.152  42.881 0.0000000000
60520  26.796  -29.706  42.961 0.0000000000
61715  25.323  -28.669  42.272 0.0000000000
62811  23.313  -28.431  40.687 0.0000000000
62828  22.125  -28.005  39.889 0.0000000000
62813  21.282  -28.575  40.972 0.0000000000
61748  19.374  -30.079  40.342 0.0000000000
90746  42.608  -5.063  15.714 0.0000000000
58065  26.480  -31.308  48.966 0.0000000000
83913  43.278  -9.895  21.906 0.0000000000
85121  43.496  -9.174  21.407 0.0000000000
87390  43.752  -7.738  21.119 0.0000000000
88504  43.274  -6.988  20.698 0.0000000000
88506  41.822  -7.301  20.742 0.0000000000
88492  39.923  -7.164  20.224 0.0000000000
55851  21.166  -33.481  49.636 0.0000000000
55861  19.970  -33.480  48.677 0.0000000000
55852  20.065  -34.365  49.721 0.0000000000
54713  18.632  -34.270  49.066 0.0000000000
54715  16.942  -34.114  49.218 0.0000000000
53478  14.260  -34.767  52.160 0.0000000000
53463  13.556  -35.580  52.934 0.0000000000
53495  12.748  -35.441  50.913 0.0000000000
54689  11.436  -35.717  50.474 0.0000000000
53497  10.811  -36.138  50.561 0.0000000000
70973  33.912  -22.431  39.055 0.0000000000
69821  32.797  -23.447  39.120 0.0000000000
68742  31.682  -24.344  38.335 0.0000000000
67573  32.404  -25.484  39.042 0.0000000000
66378  32.104  -27.348  37.388 0.0000000000
65161  32.692  -27.676  36.322 0.0000000000
60579  28.171  -30.436  38.326 0.0000000000
58256  29.177  -31.329  38.613 0.0000000000
60594  28.249  -30.386  37.015 0.0000000000
59475  27.876  -31.643  35.861 0.0000000000
59495  29.005  -32.146  35.340 0.0000000000
59513  29.561  -32.154  34.766 0.0000000000
60641  27.617  -32.274  34.447 0.0000000000
61859  26.452  -30.985  32.095 0.0000000000
75837  33.487  -17.582  30.328 0.0000000000
77053  33.176  -16.742  29.653 0.0000000000
75838  32.735  -17.938  29.939 0.0000000000
74663  31.015  -19.148  29.184 0.0000000000
95896  50.595  -0.368  8.484 0.0000000000
95912  48.569  -0.495  8.006 0.0000000000
82791  38.243  -10.974  22.018 0.0000000000
83904  36.793  -11.242  21.568 0.0000000000
82774  37.448  -11.399  22.182 0.0000000000
78202  36.063  -14.049  24.054 0.0000000000
79320  34.997  -13.660  23.138 0.0000000000
83834  43.963  -10.652  26.834 0.0000000000
83851  42.895  -10.623  25.426 0.0000000000
85044  42.957  -10.190  24.590 0.0000000000
82757  42.276  -10.837  23.371 0.0000000000
82773  39.976  -11.629  22.143 0.0000000000
56981  33.140  -32.649  43.925 0.0000000000
58125  33.559  -32.271  43.305 0.0000000000
55985  32.354  -34.629  42.348 0.0000000000
57037  30.212  -33.902  41.283 0.0000000000
58202  28.760  -31.699  40.689 0.0000000000
60536  28.394  -30.557  41.739 0.0000000000
60549  28.376  -30.728  40.565 0.0000000000
60563  28.381  -30.631  39.542 0.0000000000
61759  27.491  -29.739  38.157 0.0000000000
62853  26.201  -28.615  36.740 0.0000000000
64013  24.325  -27.579  36.176 0.0000000000
90756  47.669  -5.435  15.178 0.0000000000
90759  44.933  -5.232  15.056 0.0000000000
90770  45.653  -4.768  13.951 0.0000000000
91772  47.041  -4.577  13.724 0.0000000000
91781  47.300  -4.101  13.071 0.0000000000
92812  47.054  -2.973  11.927 0.0000000000
93823  46.409  -2.439  11.242 0.0000000000
93845  46.660  -2.245  9.637 0.0000000000
60479  23.400  -30.662  45.274 0.0000000000
59315  22.162  -30.749  45.183 0.0000000000
59290  22.854  -31.294  46.379 0.0000000000
58087  22.422  -31.177  47.217 0.0000000000
58069  22.411  -32.068  48.518 0.0000000000
58059  25.498  -31.643  49.825 0.0000000000
56923  21.847  -33.055  49.580 0.0000000000
55843  22.174  -33.208  50.587 0.0000000000
59284  33.645  -30.405  45.677 0.0000000000
56963  33.378  -32.815  45.051 0.0000000000
55924  31.443  -34.342  44.744 0.0000000000
56983  30.175  -33.264  44.644 0.0000000000
56965  29.849  -32.820  46.027 0.0000000000
58110  28.672  -31.819  45.338 0.0000000000
59311  27.218  -30.907  45.383 0.0000000000
59312  25.943  -30.339  45.295 0.0000000000
90684  47.681  -5.180  18.239 0.0000000000
90702  46.481  -4.784  17.909 0.0000000000
91752  44.847  -4.590  17.608 0.0000000000
90689  43.024  -5.379  19.600 0.0000000000
90705  43.288  -4.764  18.632 0.0000000000
90731  42.414  -4.888  16.703 0.0000000000
59317  20.538  -31.232  45.078 0.0000000000
58114  19.037  -32.020  45.313 0.0000000000
56986  18.161  -32.409  45.383 0.0000000000
55890  18.609  -33.547  46.975 0.0000000000
56970  18.117  -32.954  45.969 0.0000000000
56988  16.002  -32.689  45.025 0.0000000000
56989  14.996  -32.773  44.906 0.0000000000
56990  14.024  -33.276  45.061 0.0000000000
54699  16.922  -34.918  50.065 0.0000000000
54716  15.958  -34.542  49.618 0.0000000000
54717  15.131  -34.857  49.416 0.0000000000
54732  15.145  -34.310  48.980 0.0000000000
55896  13.310  -34.327  47.406 0.0000000000
52126  8.621  -37.628  54.968 0.0000000000
82672  38.612  -11.183  30.041 0.0000000000
77036  35.288  -16.840  31.047 0.0000000000
74634  34.390  -18.122  31.125 0.0000000000
73456  32.959  -19.265  32.150 0.0000000000
72316  32.312  -20.184  32.446 0.0000000000
72283  33.236  -19.940  34.185 0.0000000000
72284  32.249  -20.421  34.112 0.0000000000
72285  31.128  -21.216  34.000 0.0000000000
71024  29.517  -22.483  34.592 0.0000000000
68772  28.833  -24.133  35.842 0.0000000000
67607  28.776  -25.666  35.040 0.0000000000
67576  30.254  -25.397  37.380 0.0000000000
66396  29.857  -26.083  35.891 0.0000000000
66423  30.034  -26.955  33.670 0.0000000000
65201  31.290  -27.612  32.533 0.0000000000
65211  31.309  -27.547  31.278 0.0000000000
66349  35.026  -26.335  40.841 0.0000000000
58140  33.602  -31.558  42.566 0.0000000000
58157  33.461  -31.588  41.814 0.0000000000
59367  34.378  -31.210  40.376 0.0000000000
58225  31.125  -31.806  39.405 0.0000000000
58223  32.656  -31.495  39.097 0.0000000000
60561  34.033  -30.504  39.867 0.0000000000
61756  33.757  -29.694  39.763 0.0000000000
63987  34.078  -28.093  39.784 0.0000000000
65140  33.082  -27.538  39.727 0.0000000000
64010  32.549  -28.748  38.073 0.0000000000
62876  33.198  -29.457  35.198 0.0000000000
62890  33.017  -29.667  34.310 0.0000000000
60660  30.275  -31.307  33.991 0.0000000000
61835  31.292  -30.600  33.200 0.0000000000
62910  31.862  -29.752  32.684 0.0000000000
62940  30.651  -29.316  31.351 0.0000000000
82696  36.978  -11.885  28.746 0.0000000000
81601  35.237  -13.000  27.756 0.0000000000
81604  33.031  -13.850  27.110 0.0000000000
78139  32.594  -15.834  28.706 0.0000000000
79253  31.831  -15.290  27.631 0.0000000000
80471  32.005  -14.901  25.625 0.0000000000
93856  46.699  -2.761  8.697 0.0000000000
81569  39.150  -11.880  28.734 0.0000000000
81553  39.434  -11.375  29.437 0.0000000000
81567  40.942  -11.340  28.742 0.0000000000
60523  21.753  -29.541  43.751 0.0000000000
60524  20.683  -30.169  43.338 0.0000000000
60506  22.960  -29.603  44.262 0.0000000000
61690  23.738  -29.341  43.853 0.0000000000
61704  21.280  -29.720  43.122 0.0000000000
85127  37.467  -10.021  20.217 0.0000000000
85104  37.621  -9.929  21.195 0.0000000000
82808  39.309  -10.487  21.692 0.0000000000
83935  40.204  -9.780  21.490 0.0000000000
83936  39.375  -9.889  21.548 0.0000000000
53455  10.893  -36.114  53.205 0.0000000000
53446  11.177  -36.391  53.864 0.0000000000
52135  10.217  -36.772  53.456 0.0000000000
68721  35.121  -24.659  40.343 0.0000000000
67563  33.833  -25.320  39.927 0.0000000000
66357  33.565  -26.300  40.194 0.0000000000
61667  34.891  -28.914  45.582 0.0000000000
60478  34.639  -30.008  45.012 0.0000000000
64025  25.336  -28.491  34.637 0.0000000000
62877  25.738  -29.325  34.274 0.0000000000
72331  31.218  -20.906  31.025 0.0000000000
93821  48.670  -2.492  11.392 0.0000000000
94811  48.879  -1.187  10.434 0.0000000000
95863  48.518  -0.813  10.112 0.0000000000
79316  39.196  -13.163  24.091 0.0000000000
79333  38.417  -13.179  23.743 0.0000000000
79300  38.960  -13.586  24.700 0.0000000000
79287  32.944  -14.031  24.619 0.0000000000
79306  32.431  -14.675  23.996 0.0000000000
79288  32.176  -14.768  24.811 0.0000000000
79279  40.612  -13.160  25.312 0.0000000000
80480  41.131  -12.724  24.982 0.0000000000
79298  40.653  -13.113  24.875 0.0000000000
80491  40.283  -12.650  24.237 0.0000000000
58146  16.718  -32.278  42.828 0.0000000000
58133  15.760  -32.937  43.294 0.0000000000
57007  16.092  -32.593  44.160 0.0000000000
57002  29.755  -32.458  43.728 0.0000000000
57019  29.939  -32.490  42.466 0.0000000000
62810  24.316  -28.191  40.486 0.0000000000
62809  25.315  -28.575  40.670 0.0000000000
62841  22.944  -27.464  38.689 0.0000000000
67616  28.321  -25.717  33.934 0.0000000000
90728  45.526  -4.823  16.370 0.0000000000
89683  46.002  -4.934  16.374 0.0000000000
89684  45.457  -4.875  16.137 0.0000000000
90779  44.088  -5.105  11.702 0.0000000000
58085  26.659  -31.202  47.078 0.0000000000
87389  44.744  -7.808  20.990 0.0000000000
88502  45.538  -7.087  20.446 0.0000000000
89638  45.907  -5.895  19.756 0.0000000000
56945  21.015  -32.548  48.021 0.0000000000
56956  20.520  -32.406  47.177 0.0000000000
56946  19.963  -32.720  47.849 0.0000000000
54730  16.570  -34.035  48.498 0.0000000000
55876  16.100  -33.963  48.002 0.0000000000
55877  15.216  -33.788  48.195 0.0000000000
53477  15.545  -34.860  52.133 0.0000000000
54720  12.218  -35.094  49.002 0.0000000000
54735  12.220  -35.267  48.086 0.0000000000
70986  32.894  -22.046  37.937 0.0000000000
70999  32.482  -22.008  37.599 0.0000000000
71009  32.379  -21.588  36.894 0.0000000000
71000  32.022  -22.129  37.188 0.0000000000
71001  31.468  -22.413  36.746 0.0000000000
69855  31.860  -22.862  37.376 0.0000000000
65175  33.065  -27.604  35.070 0.0000000000
65189  32.884  -27.613  34.177 0.0000000000
65190  32.037  -27.659  33.550 0.0000000000
64059  32.618  -28.707  33.142 0.0000000000
57093  30.486  -32.528  40.562 0.0000000000
57119  30.030  -31.949  40.034 0.0000000000
59445  31.454  -32.049  37.355 0.0000000000
59470  31.407  -31.964  36.552 0.0000000000
60608  33.000  -31.498  37.083 0.0000000000
60622  31.567  -31.484  35.982 0.0000000000
60621  32.456  -31.314  36.108 0.0000000000
60623  30.893  -31.263  35.704 0.0000000000
80391  35.198  -14.324  30.721 0.0000000000
80402  34.280  -14.196  30.146 0.0000000000
79236  33.740  -15.573  30.222 0.0000000000
80431  40.108  -12.703  26.866 0.0000000000
79264  38.967  -13.390  25.949 0.0000000000
80432  39.246  -12.796  27.004 0.0000000000
80415  37.785  -12.804  27.652 0.0000000000
80433  38.273  -12.934  27.083 0.0000000000
80434  37.039  -13.125  27.007 0.0000000000
79268  35.792  -12.914  26.113 0.0000000000
80435  35.923  -13.222  27.047 0.0000000000
81582  43.775  -11.831  28.432 0.0000000000
80412  40.685  -12.321  27.414 0.0000000000
80411  41.482  -12.238  27.431 0.0000000000
80430  40.840  -12.511  26.669 0.0000000000
59333  18.954  -31.416  43.881 0.0000000000
60503  26.531  -29.909  44.152 0.0000000000
60502  27.272  -30.114  43.531 0.0000000000
60521  25.925  -29.580  43.387 0.0000000000
61702  23.202  -29.069  42.958 0.0000000000
61701  24.658  -28.897  42.688 0.0000000000
62790  24.016  -28.537  42.377 0.0000000000
62798  24.602  -28.490  41.648 0.0000000000
62799  23.197  -28.622  41.825 0.0000000000
62812  22.109  -28.631  41.062 0.0000000000
62800  22.488  -28.803  41.743 0.0000000000
61734  20.039  -29.904  41.318 0.0000000000
61733  20.746  -28.881  41.149 0.0000000000
83898  42.694  -10.227  22.629 0.0000000000
83914  42.174  -10.167  21.757 0.0000000000
85123  41.593  -9.282  21.415 0.0000000000
85122  42.525  -9.368  21.428 0.0000000000
86272  43.146  -8.545  21.313 0.0000000000
87391  42.737  -7.779  21.113 0.0000000000
87392  41.654  -7.754  21.028 0.0000000000
87395  39.084  -8.021  20.264 0.0000000000
87383  39.716  -7.723  20.427 0.0000000000
54697  18.896  -34.464  49.667 0.0000000000
54698  17.861  -34.387  50.102 0.0000000000
54714  18.041  -33.994  49.284 0.0000000000
53480  12.227  -35.502  51.798 0.0000000000
53496  11.906  -35.579  50.790 0.0000000000
53483  9.773  -36.813  51.438 0.0000000000
52136  9.480  -37.391  53.642 0.0000000000
52137  8.768  -38.125  53.821 0.0000000000
70972  34.290  -22.788  39.707 0.0000000000
69834  33.170  -22.819  38.876 0.0000000000
68741  32.283  -24.278  38.911 0.0000000000
68731  32.933  -24.323  39.511 0.0000000000
66366  32.437  -26.609  38.812 0.0000000000
61758  27.902  -30.054  37.466 0.0000000000
59424  28.459  -30.933  37.926 0.0000000000
61772  27.917  -30.018  36.981 0.0000000000
59449  28.249  -30.913  36.053 0.0000000000
59474  28.562  -31.359  35.771 0.0000000000
59497  27.393  -32.152  35.167 0.0000000000
60642  26.869  -31.754  34.392 0.0000000000
61837  25.968  -30.942  33.168 0.0000000000
75815  33.266  -18.157  30.528 0.0000000000
74661  32.746  -18.365  30.301 0.0000000000
72362  31.489  -20.277  29.886 0.0000000000
73512  31.559  -19.884  29.470 0.0000000000
95898  48.617  -0.787  8.834 0.0000000000
95897  49.545  -0.527  8.652 0.0000000000
94845  47.862  -0.976  7.374 0.0000000000
94846  47.462  -1.706  7.673 0.0000000000
81701  38.705  -11.394  22.357 0.0000000000
81702  38.152  -11.375  22.344 0.0000000000
81686  38.083  -11.788  22.662 0.0000000000
80508  36.635  -13.396  23.371 0.0000000000
81671  36.361  -12.956  22.666 0.0000000000
80509  35.515  -13.467  22.775 0.0000000000
78169  37.024  -13.592  25.050 0.0000000000
78184  37.465  -13.693  24.601 0.0000000000
78185  36.543  -13.758  24.425 0.0000000000
78205  33.765  -13.958  23.312 0.0000000000
78204  34.426  -13.724  23.445 0.0000000000
79321  33.930  -14.124  22.827 0.0000000000
79337  34.233  -14.274  22.266 0.0000000000
81598  43.450  -11.701  27.520 0.0000000000
82706  43.876  -11.312  27.336 0.0000000000
81611  43.072  -11.429  26.809 0.0000000000
81643  41.976  -11.409  25.153 0.0000000000
82725  42.825  -10.935  25.847 0.0000000000
83852  42.544  -10.652  24.923 0.0000000000
85034  42.919  -10.350  25.048 0.0000000000
83863  42.532  -10.632  24.305 0.0000000000
83875  42.622  -10.413  23.713 0.0000000000
82747  42.207  -11.211  24.089 0.0000000000
81684  39.891  -11.874  22.774 0.0000000000
82772  40.722  -11.478  22.831 0.0000000000
81700  39.421  -11.485  22.243 0.0000000000
55943  32.516  -34.072  43.895 0.0000000000
55961  33.057  -33.948  43.479 0.0000000000
55963  31.969  -35.006  43.036 0.0000000000
57039  29.591  -32.818  41.680 0.0000000000
55988  29.975  -34.058  41.907 0.0000000000
57065  29.550  -32.864  41.275 0.0000000000
57095  29.383  -32.575  40.950 0.0000000000
58177  29.176  -32.350  41.107 0.0000000000
59343  28.489  -30.897  42.757 0.0000000000
60537  27.327  -29.985  41.990 0.0000000000
61730  27.197  -29.436  40.382 0.0000000000
60550  27.832  -29.944  41.024 0.0000000000
60564  27.995  -29.945  39.998 0.0000000000
59384  28.431  -31.299  40.155 0.0000000000
60580  27.884  -30.058  39.073 0.0000000000
62840  26.098  -28.579  37.988 0.0000000000
63999  25.310  -27.801  37.267 0.0000000000
64012  25.299  -28.238  35.882 0.0000000000
62829  20.950  -28.400  40.241 0.0000000000
62843  21.079  -28.299  38.934 0.0000000000
88531  48.615  -5.372  17.503 0.0000000000
89697  46.934  -5.335  15.950 0.0000000000
88547  47.844  -5.419  16.255 0.0000000000
89696  47.689  -5.476  15.767 0.0000000000
89707  47.142  -5.414  15.357 0.0000000000
90760  43.773  -5.094  14.871 0.0000000000
90769  46.842  -4.934  14.377 0.0000000000
91773  46.319  -4.611  13.749 0.0000000000
91782  45.839  -4.089  12.942 0.0000000000
92813  45.974  -3.257  11.732 0.0000000000
93824  45.770  -2.869  10.913 0.0000000000
59314  24.084  -30.679  45.347 0.0000000000
59299  23.760  -30.953  45.610 0.0000000000
58076  24.147  -31.194  48.148 0.0000000000
59281  23.223  -30.840  47.081 0.0000000000
58077  23.031  -31.355  47.911 0.0000000000
58078  21.967  -32.028  47.742 0.0000000000
58068  23.163  -31.712  48.991 0.0000000000
56920  23.981  -32.221  50.570 0.0000000000
56922  22.399  -32.753  50.051 0.0000000000
56910  22.779  -32.708  50.583 0.0000000000
58094  32.904  -31.778  45.186 0.0000000000
55925  30.983  -33.718  44.976 0.0000000000
56966  28.957  -31.841  46.091 0.0000000000
56984  29.354  -32.428  45.003 0.0000000000
58111  28.144  -31.499  44.734 0.0000000000
59313  24.602  -30.521  45.408 0.0000000000
83905  36.411  -11.689  21.432 0.0000000000
90686  46.238  -5.165  18.855 0.0000000000
90703  45.596  -4.644  18.101 0.0000000000
91745  45.427  -4.607  17.560 0.0000000000
90704  44.555  -4.650  18.195 0.0000000000
89641  42.626  -6.260  20.269 0.0000000000
89640  43.743  -6.117  20.144 0.0000000000
90690  42.061  -5.660  19.645 0.0000000000
90722  41.348  -5.147  18.189 0.0000000000
90706  42.185  -4.951  18.937 0.0000000000
90721  42.292  -4.790  17.828 0.0000000000
90720  43.471  -4.775  17.492 0.0000000000
59300  22.507  -31.142  45.583 0.0000000000
59316  21.601  -30.948  45.258 0.0000000000
59301  21.420  -31.543  45.818 0.0000000000
56968  19.647  -32.696  46.098 0.0000000000
58101  19.486  -32.337  45.886 0.0000000000
58115  18.355  -31.965  44.950 0.0000000000
55873  18.917  -33.530  47.704 0.0000000000
55872  19.445  -33.075  47.965 0.0000000000
56960  17.669  -33.354  46.788 0.0000000000
56971  17.091  -32.958  46.199 0.0000000000
56972  16.027  -33.074  45.806 0.0000000000
55912  14.161  -33.379  46.162 0.0000000000
56974  14.658  -33.108  45.930 0.0000000000
55932  13.778  -33.486  45.447 0.0000000000
54684  16.973  -35.097  50.787 0.0000000000
53493  14.020  -34.623  51.021 0.0000000000
54687  13.967  -34.888  50.312 0.0000000000
54718  14.183  -35.125  49.111 0.0000000000
55878  14.308  -34.077  48.270 0.0000000000
55879  13.781  -34.473  48.227 0.0000000000
52119  8.818  -37.476  55.621 0.0000000000
52112  7.899  -37.735  55.962 0.0000000000
52120  8.047  -37.867  55.614 0.0000000000
81540  35.787  -13.333  31.760 0.0000000000
77023  35.859  -17.046  31.246 0.0000000000
75813  34.950  -17.591  31.091 0.0000000000
75794  35.335  -17.665  31.565 0.0000000000
72314  33.539  -19.197  33.271 0.0000000000
73455  33.514  -18.890  32.650 0.0000000000
72315  32.956  -19.476  32.838 0.0000000000
72329  32.617  -19.748  32.036 0.0000000000
72300  32.666  -20.007  33.387 0.0000000000
72266  34.076  -20.103  34.779 0.0000000000
72268  31.710  -20.835  35.138 0.0000000000
71037  30.282  -21.939  34.090 0.0000000000
71023  30.369  -22.241  34.872 0.0000000000
68759  30.194  -23.951  36.874 0.0000000000
69858  29.259  -23.626  36.020 0.0000000000
68760  29.470  -24.207  36.402 0.0000000000
67599  28.481  -24.828  35.476 0.0000000000
67598  29.053  -25.082  35.929 0.0000000000
67566  31.417  -25.181  38.416 0.0000000000
67575  30.985  -25.436  38.046 0.0000000000
66369  30.634  -26.128  37.381 0.0000000000
66407  31.838  -26.687  34.593 0.0000000000
66395  30.683  -26.381  35.612 0.0000000000
66409  29.786  -26.225  34.770 0.0000000000
66422  30.652  -26.942  33.891 0.0000000000
65192  30.263  -27.285  33.132 0.0000000000
65191  30.905  -27.192  33.515 0.0000000000
64075  31.776  -28.338  31.424 0.0000000000
65210  32.038  -28.180  31.592 0.0000000000
64087  30.769  -28.261  29.851 0.0000000000
56999  33.288  -32.802  43.075 0.0000000000
58141  33.419  -32.299  42.701 0.0000000000
57015  33.001  -32.570  42.439 0.0000000000
58176  32.310  -32.227  40.937 0.0000000000
58158  33.248  -32.038  41.741 0.0000000000
58174  33.478  -32.164  40.956 0.0000000000
59354  33.864  -31.147  41.526 0.0000000000
59368  33.907  -31.971  40.755 0.0000000000
58255  29.805  -31.594  38.451 0.0000000000
58226  30.314  -31.750  39.264 0.0000000000
58254  30.494  -31.727  38.411 0.0000000000
59422  32.351  -31.445  38.057 0.0000000000
59399  33.324  -31.628  38.792 0.0000000000
59381  34.604  -31.195  39.723 0.0000000000
60562  34.609  -31.109  39.303 0.0000000000
61743  34.148  -29.211  40.490 0.0000000000
60576  33.842  -30.270  39.349 0.0000000000
61784  32.681  -30.235  37.873 0.0000000000
62838  33.652  -29.181  39.291 0.0000000000
63998  33.146  -28.554  38.999 0.0000000000
65149  32.631  -28.031  38.779 0.0000000000
61812  33.085  -30.237  34.964 0.0000000000
62865  33.125  -29.495  36.364 0.0000000000
60662  28.820  -32.066  33.524 0.0000000000
60661  29.723  -31.958  33.898 0.0000000000
60681  29.564  -31.509  32.934 0.0000000000
61855  30.325  -30.836  32.389 0.0000000000
62911  31.247  -30.173  32.611 0.0000000000
62925  30.911  -29.711  32.028 0.0000000000
62926  30.274  -30.151  31.886 0.0000000000
83808  37.767  -11.176  30.430 0.0000000000
82684  37.462  -11.610  29.352 0.0000000000
83817  36.892  -11.574  29.765 0.0000000000
81589  34.109  -13.534  28.529 0.0000000000
81588  34.788  -12.866  28.821 0.0000000000
81590  33.659  -13.889  28.075 0.0000000000
81602  34.268  -13.395  27.627 0.0000000000
80437  32.982  -14.092  27.468 0.0000000000
77040  32.384  -17.349  29.316 0.0000000000
78149  32.607  -16.408  28.895 0.0000000000
77055  32.186  -16.892  28.729 0.0000000000
77070  31.064  -17.071  26.906 0.0000000000
78151  31.373  -16.242  27.419 0.0000000000
78158  31.050  -16.247  26.498 0.0000000000
79269  31.764  -14.941  26.735 0.0000000000
78172  30.963  -16.239  25.523 0.0000000000
97055  51.351  0.354  6.897 0.0000000000
97067  51.258  0.236  6.024 0.0000000000
97054  52.086  0.401  6.599 0.0000000000
93857  46.470  -3.162  8.890 0.0000000000
80399  40.411  -11.865  28.051 0.0000000000
80400  39.581  -12.026  28.144 0.0000000000
81585  38.086  -12.507  28.308 0.0000000000
80398  41.307  -12.002  28.117 0.0000000000
61719  20.130  -29.835  42.185 0.0000000000
60539  19.684  -30.223  42.265 0.0000000000
60525  20.011  -30.501  43.019 0.0000000000
59344  20.101  -30.561  43.374 0.0000000000
59331  20.172  -30.678  43.950 0.0000000000
60504  25.326  -29.511  44.080 0.0000000000
61717  21.913  -28.945  42.000 0.0000000000
61703  21.897  -29.406  42.967 0.0000000000
82788  40.454  -10.371  21.692 0.0000000000
83934  41.046  -9.924  21.611 0.0000000000
85124  40.669  -9.282  21.382 0.0000000000
86274  41.181  -8.617  21.307 0.0000000000
87393  40.719  -8.084  21.022 0.0000000000
86275  40.229  -8.716  21.131 0.0000000000
86276  39.209  -8.733  20.881 0.0000000000
55840  20.504  -34.957  51.271 0.0000000000
55845  20.458  -34.881  50.722 0.0000000000
54673  19.850  -34.931  51.305 0.0000000000
53465  11.574  -35.683  52.633 0.0000000000
53482  10.401  -36.400  51.444 0.0000000000
53466  10.566  -36.171  52.309 0.0000000000
52154  9.945  -36.548  52.309 0.0000000000
52124  10.357  -37.049  54.613 0.0000000000
69819  34.335  -23.618  40.056 0.0000000000
68730  33.750  -24.408  39.890 0.0000000000
66358  33.204  -26.035  39.498 0.0000000000
65141  32.503  -27.359  38.996 0.0000000000
62852  26.732  -29.537  36.394 0.0000000000
62866  26.667  -29.758  35.803 0.0000000000
61788  26.646  -29.978  35.348 0.0000000000
61801  26.576  -30.784  35.040 0.0000000000
61816  26.262  -30.927  34.048 0.0000000000
62892  25.257  -29.539  33.410 0.0000000000
73468  32.467  -19.453  31.425 0.0000000000
73469  31.922  -19.781  31.035 0.0000000000
72348  31.626  -20.274  30.643 0.0000000000
92811  48.152  -3.031  11.940 0.0000000000
92810  49.193  -3.174  11.877 0.0000000000
95877  50.430  -0.717  9.283 0.0000000000
95879  48.515  -0.786  9.617 0.0000000000
94829  47.823  -1.202  9.059 0.0000000000
80522  39.234  -12.219  23.128 0.0000000000
80523  38.443  -12.260  23.087 0.0000000000
80506  38.716  -12.656  23.463 0.0000000000
80507  37.791  -12.850  23.401 0.0000000000
78171  35.203  -13.483  24.660 0.0000000000
78186  35.655  -13.750  24.305 0.0000000000
78188  34.041  -13.744  23.700 0.0000000000
79322  33.231  -14.498  22.968 0.0000000000
80447  42.067  -11.551  26.302 0.0000000000
81612  42.571  -11.355  26.367 0.0000000000
81644  41.696  -11.911  24.972 0.0000000000
81655  41.711  -11.943  24.240 0.0000000000
81667  41.492  -11.802  23.656 0.0000000000
81656  41.207  -12.106  23.887 0.0000000000
80504  40.158  -12.295  23.645 0.0000000000
59360  17.021  -32.046  42.139 0.0000000000
57025  14.689  -33.414  42.782 0.0000000000
55946  30.795  -34.076  43.859 0.0000000000
55964  31.100  -34.647  42.892 0.0000000000
58161  29.190  -31.600  41.735 0.0000000000
61714  25.856  -28.769  41.632 0.0000000000
61731  26.385  -28.900  40.573 0.0000000000
61745  26.717  -29.059  39.932 0.0000000000
62825  26.065  -28.432  39.356 0.0000000000
63977  25.593  -28.201  38.961 0.0000000000
63978  25.200  -28.006  38.981 0.0000000000
63989  24.718  -27.669  38.260 0.0000000000
63990  23.614  -27.327  38.383 0.0000000000
63991  22.660  -27.332  38.173 0.0000000000
68783  27.755  -24.020  34.496 0.0000000000
89669  46.719  -4.905  16.792 0.0000000000
89681  47.460  -5.193  16.671 0.0000000000
89682  46.937  -5.144  16.435 0.0000000000
89698  46.114  -5.164  15.948 0.0000000000
89709  45.969  -5.287  15.492 0.0000000000
90777  43.658  -5.460  13.204 0.0000000000
91783  45.005  -4.445  12.844 0.0000000000
91786  44.761  -4.431  12.236 0.0000000000
59288  25.224  -30.934  46.998 0.0000000000
59289  24.026  -30.842  46.563 0.0000000000
59279  24.763  -30.947  47.617 0.0000000000
56967  28.474  -31.639  46.411 0.0000000000
58096  27.997  -31.343  46.189 0.0000000000
58097  27.114  -31.097  46.502 0.0000000000
90691  41.342  -6.002  19.598 0.0000000000
58088  21.747  -31.608  46.838 0.0000000000
58099  20.771  -31.938  46.310 0.0000000000
58089  21.014  -32.102  46.721 0.0000000000
58090  20.399  -32.299  46.628 0.0000000000
55910  16.107  -33.385  46.482 0.0000000000
55895  14.238  -33.716  47.306 0.0000000000
54676  16.618  -35.487  51.760 0.0000000000
54685  15.944  -34.684  50.883 0.0000000000
53509  13.326  -35.433  49.990 0.0000000000
54734  13.247  -34.912  48.178 0.0000000000
74613  35.284  -17.818  32.013 0.0000000000
74598  35.433  -17.851  32.556 0.0000000000
73442  33.939  -18.855  33.302 0.0000000000
72298  33.966  -19.175  33.779 0.0000000000
73380  34.288  -20.636  38.021 0.0000000000
73392  34.934  -20.221  37.319 0.0000000000
73393  34.160  -20.667  37.208 0.0000000000
72243  33.602  -20.842  36.693 0.0000000000
72253  32.605  -20.862  36.134 0.0000000000
72254  31.774  -20.909  35.967 0.0000000000
71021  31.441  -21.313  35.797 0.0000000000
71012  30.365  -22.398  35.710 0.0000000000
71002  30.763  -22.612  36.398 0.0000000000
69856  30.973  -23.304  37.016 0.0000000000
66379  31.635  -27.014  36.952 0.0000000000
66380  31.014  -26.587  36.635 0.0000000000
65177  31.713  -26.898  34.065 0.0000000000
57062  31.119  -32.957  41.287 0.0000000000
57034  32.555  -32.664  41.843 0.0000000000
57092  31.123  -32.325  40.477 0.0000000000
58199  31.317  -31.918  40.163 0.0000000000
58294  29.440  -31.472  36.913 0.0000000000
58273  30.497  -31.796  37.703 0.0000000000
58272  30.890  -31.941  37.627 0.0000000000
59423  31.658  -31.577  38.015 0.0000000000
60593  33.036  -31.583  37.749 0.0000000000
60591  33.686  -30.836  38.093 0.0000000000
60592  33.458  -31.205  37.907 0.0000000000
60607  33.409  -31.177  37.296 0.0000000000
61785  33.344  -30.619  37.155 0.0000000000
62864  32.582  -29.635  37.470 0.0000000000
61800  32.764  -30.777  35.466 0.0000000000
60683  27.710  -31.503  32.495 0.0000000000
61857  28.523  -31.139  31.885 0.0000000000
61877  28.360  -30.638  31.238 0.0000000000
61876  29.270  -30.487  31.418 0.0000000000
62942  29.456  -30.073  30.921 0.0000000000
61895  28.315  -30.219  30.533 0.0000000000
82674  36.188  -12.322  30.469 0.0000000000
82675  35.648  -12.488  29.968 0.0000000000
81572  34.957  -13.213  29.877 0.0000000000
80403  33.754  -14.260  29.441 0.0000000000
80417  33.436  -14.417  28.741 0.0000000000
75840  30.708  -18.031  28.543 0.0000000000
77056  31.223  -17.061  28.035 0.0000000000
75857  30.650  -17.656  27.803 0.0000000000
95911  49.555  -0.119  7.783 0.0000000000
79263  39.924  -13.373  25.816 0.0000000000
78182  38.730  -13.647  25.002 0.0000000000
79281  39.037  -13.578  25.313 0.0000000000
79282  38.354  -13.460  25.520 0.0000000000
79283  37.541  -13.354  25.577 0.0000000000
79266  37.186  -12.981  26.130 0.0000000000
79284  36.604  -13.255  25.567 0.0000000000
79285  35.413  -13.174  25.567 0.0000000000
80467  34.977  -13.022  25.924 0.0000000000
80468  34.359  -13.201  25.829 0.0000000000
81583  42.868  -12.105  28.109 0.0000000000
80410  42.202  -12.098  27.493 0.0000000000
80428  42.003  -12.068  26.998 0.0000000000
80448  41.424  -12.091  26.234 0.0000000000
79262  40.813  -12.715  26.046 0.0000000000
59359  17.814  -31.510  42.046 0.0000000000
59358  18.614  -30.820  41.989 0.0000000000
59347  17.632  -31.623  42.938 0.0000000000
58145  17.326  -31.696  43.481 0.0000000000
58131  16.907  -31.832  44.115 0.0000000000
58127  28.665  -31.326  43.506 0.0000000000
61688  25.212  -29.449  43.216 0.0000000000
61700  25.782  -29.266  42.640 0.0000000000
61732  21.488  -28.723  41.321 0.0000000000
90745  43.719  -5.033  15.613 0.0000000000
58073  27.245  -31.781  48.052 0.0000000000
58064  27.096  -31.615  48.953 0.0000000000
83885  44.347  -9.243  22.578 0.0000000000
83912  43.848  -9.613  21.866 0.0000000000
85099  43.070  -9.696  21.564 0.0000000000
85098  43.746  -9.516  21.624 0.0000000000
86271  44.094  -8.527  21.248 0.0000000000
88505  42.311  -7.130  20.686 0.0000000000
89628  41.536  -6.724  20.356 0.0000000000
87381  41.029  -7.570  20.851 0.0000000000
88491  40.672  -7.225  20.498 0.0000000000
89630  40.449  -6.910  20.206 0.0000000000
89645  39.616  -6.759  19.635 0.0000000000
55860  20.803  -33.339  48.924 0.0000000000
56935  20.554  -32.961  48.577 0.0000000000
55862  18.968  -34.152  48.885 0.0000000000
54696  19.507  -34.612  49.773 0.0000000000
55853  19.431  -34.623  49.412 0.0000000000
55863  18.134  -33.986  48.588 0.0000000000
55864  17.505  -33.908  48.756 0.0000000000
53462  14.412  -35.245  53.171 0.0000000000
53479  13.148  -34.994  51.787 0.0000000000
53511  12.553  -35.479  50.483 0.0000000000
54704  12.172  -35.341  49.982 0.0000000000
53513  9.970  -37.012  49.834 0.0000000000
72217  34.837  -21.739  39.608 0.0000000000
72218  34.055  -21.527  38.599 0.0000000000
70985  33.326  -22.213  38.370 0.0000000000
69835  32.580  -23.106  38.046 0.0000000000
69836  31.566  -23.648  37.664 0.0000000000
67574  31.661  -25.445  38.599 0.0000000000
66367  31.845  -26.546  38.222 0.0000000000
66393  32.205  -27.245  36.237 0.0000000000
59401  28.610  -30.859  39.182 0.0000000000
58257  28.781  -30.972  38.888 0.0000000000
58276  28.746  -31.263  37.704 0.0000000000
60611  27.810  -30.662  36.218 0.0000000000
59448  28.532  -30.925  36.565 0.0000000000
58295  28.916  -31.237  36.751 0.0000000000
59473  29.183  -31.082  36.004 0.0000000000
59494  29.709  -31.367  35.385 0.0000000000
59514  28.927  -32.369  34.461 0.0000000000
59515  28.223  -32.338  34.169 0.0000000000
60663  27.748  -32.020  33.449 0.0000000000
60664  26.782  -31.476  33.099 0.0000000000
60684  27.072  -31.386  32.309 0.0000000000
77038  33.721  -16.903  30.235 0.0000000000
78137  33.408  -16.186  29.823 0.0000000000
77039  33.079  -17.231  29.737 0.0000000000
75839  31.674  -18.001  29.479 0.0000000000
74662  32.180  -18.830  29.984 0.0000000000
74664  30.230  -18.960  28.561 0.0000000000
95921  48.574  -0.369  7.071 0.0000000000
82809  38.694  -10.594  21.769 0.0000000000
83918  37.987  -10.292  21.538 0.0000000000
83903  37.472  -10.873  21.690 0.0000000000
81687  36.958  -12.101  22.647 0.0000000000
81688  36.094  -12.544  22.069 0.0000000000
78200  37.972  -13.687  24.465 0.0000000000
79318  37.263  -13.793  23.945 0.0000000000
78203  35.355  -13.785  23.783 0.0000000000
79336  34.821  -13.743  22.673 0.0000000000
82716  43.329  -11.087  26.547 0.0000000000
83842  43.396  -10.546  26.054 0.0000000000
83862  43.042  -9.992  23.920 0.0000000000
83887  42.787  -10.103  23.217 0.0000000000
82770  41.974  -10.891  22.906 0.0000000000
82758  41.473  -11.393  23.204 0.0000000000
82771  41.378  -11.121  22.735 0.0000000000
85100  40.874  -10.981  22.022 0.0000000000
82789  39.921  -10.968  21.731 0.0000000000
58108  33.229  -31.371  44.316 0.0000000000
59310  33.915  -31.052  43.968 0.0000000000
57016  33.115  -33.665  42.576 0.0000000000
57017  32.719  -34.284  42.349 0.0000000000
55987  30.696  -34.419  41.930 0.0000000000
55986  31.638  -34.827  41.944 0.0000000000
57036  31.111  -34.096  41.171 0.0000000000
57063  30.399  -33.109  41.170 0.0000000000
58201  29.095  -31.798  40.606 0.0000000000
58143  28.977  -31.357  42.502 0.0000000000
59356  28.934  -31.151  41.895 0.0000000000
59370  28.607  -31.490  41.091 0.0000000000
58229  28.614  -31.096  40.055 0.0000000000
62824  26.805  -29.007  38.469 0.0000000000
62839  26.836  -29.222  37.453 0.0000000000
64026  24.454  -27.818  34.899 0.0000000000
72302  30.434  -21.265  32.837 0.0000000000
90768  47.887  -5.110  14.444 0.0000000000
90744  44.563  -5.029  15.497 0.0000000000
90758  45.717  -5.257  14.857 0.0000000000
90757  46.594  -5.291  14.884 0.0000000000
91771  48.118  -4.658  13.721 0.0000000000
92800  47.723  -3.623  12.458 0.0000000000
92801  46.743  -3.550  12.473 0.0000000000
93834  46.983  -1.854  10.543 0.0000000000
93835  46.088  -2.716  10.253 0.0000000000
60490  22.719  -30.484  45.016 0.0000000000
56944  21.784  -32.495  48.521 0.0000000000
58066  25.518  -31.134  49.004 0.0000000000
58053  24.684  -31.884  50.466 0.0000000000
58060  24.410  -31.800  49.893 0.0000000000
58061  23.587  -31.895  49.674 0.0000000000
56932  22.886  -32.296  49.736 0.0000000000
56933  22.273  -32.586  49.222 0.0000000000
55850  21.930  -33.157  49.957 0.0000000000
55838  22.020  -33.797  51.566 0.0000000000
55839  21.092  -34.834  51.510 0.0000000000
60470  34.314  -29.882  45.622 0.0000000000
59295  32.510  -30.988  45.204 0.0000000000
55922  31.923  -33.923  44.484 0.0000000000
55899  32.216  -33.463  45.047 0.0000000000
55923  31.607  -34.500  44.624 0.0000000000
55903  30.436  -33.691  45.756 0.0000000000
59330  26.915  -30.428  44.760 0.0000000000
60488  24.961  -30.107  44.798 0.0000000000
60489  23.863  -30.371  45.020 0.0000000000
83919  36.904  -10.533  21.032 0.0000000000
88518  48.716  -5.410  18.083 0.0000000000
90700  47.762  -5.124  17.893 0.0000000000
90685  47.116  -5.153  18.561 0.0000000000
90701  47.288  -4.969  17.708 0.0000000000
90717  46.597  -4.786  17.180 0.0000000000
90718  45.673  -4.700  17.050 0.0000000000
90719  44.591  -4.736  17.184 0.0000000000
90688  44.151  -5.300  19.319 0.0000000000
90730  43.621  -4.943  16.490 0.0000000000
60492  21.209  -30.760  44.882 0.0000000000
59318  19.774  -31.513  44.876 0.0000000000
58112  20.313  -31.688  45.961 0.0000000000
58113  19.714  -31.719  45.568 0.0000000000
58128  19.346  -31.643  44.825 0.0000000000
58129  18.721  -31.606  44.282 0.0000000000
58130  17.812  -31.666  44.259 0.0000000000
58116  17.633  -31.974  44.821 0.0000000000
56947  19.385  -33.106  47.333 0.0000000000
56958  18.950  -33.389  46.624 0.0000000000
55891  18.137  -33.562  47.189 0.0000000000
56959  18.160  -33.353  46.615 0.0000000000
56987  16.996  -32.292  45.113 0.0000000000
57006  16.520  -32.222  44.264 0.0000000000
57009  14.116  -33.300  43.856 0.0000000000
56973  15.195  -33.001  45.829 0.0000000000
57010  13.342  -33.750  43.827 0.0000000000
54683  17.838  -35.071  50.822 0.0000000000
53492  14.944  -34.472  51.305 0.0000000000
54701  15.101  -34.786  49.676 0.0000000000
52125  9.647  -37.290  54.981 0.0000000000
52132  8.703  -37.891  54.463 0.0000000000
50880  8.075  -38.534  54.759 0.0000000000
52127  8.169  -37.954  55.365 0.0000000000
82671  39.601  -10.902  30.177 0.0000000000
80383  35.482  -13.926  31.102 0.0000000000
79218  35.342  -15.194  30.858 0.0000000000
78127  34.881  -16.050  30.924 0.0000000000
77037  34.653  -16.970  30.791 0.0000000000
75814  34.014  -17.923  30.795 0.0000000000
74635  33.677  -18.397  31.167 0.0000000000
74614  34.644  -18.162  31.795 0.0000000000
73467  33.229  -18.821  31.704 0.0000000000
72282  33.996  -19.583  34.203 0.0000000000
72301  31.733  -20.643  33.114 0.0000000000
72286  30.455  -21.537  33.586 0.0000000000
71038  29.429  -22.190  33.779 0.0000000000
71013  29.790  -22.603  35.245 0.0000000000
69871  28.943  -23.114  35.370 0.0000000000
69872  28.156  -23.494  34.935 0.0000000000
68773  28.127  -24.038  35.340 0.0000000000
66410  28.972  -26.077  34.399 0.0000000000
68743  30.902  -24.455  37.828 0.0000000000
67577  29.855  -25.046  37.005 0.0000000000
66381  30.293  -26.155  36.618 0.0000000000
67586  29.826  -25.605  36.627 0.0000000000
67606  29.348  -25.813  35.565 0.0000000000
66424  29.021  -26.420  33.729 0.0000000000
65202  30.516  -27.307  32.533 0.0000000000
65212  30.837  -27.321  31.942 0.0000000000
65220  30.911  -27.498  30.128 0.0000000000
66356  34.457  -26.299  40.608 0.0000000000
58124  33.722  -31.618  43.584 0.0000000000
59328  34.140  -30.937  43.232 0.0000000000
57033  32.877  -32.340  42.009 0.0000000000
59342  34.197  -30.620  42.437 0.0000000000
60534  34.486  -29.535  41.669 0.0000000000
58227  29.641  -31.476  39.415 0.0000000000
57117  31.019  -31.997  39.988 0.0000000000
58198  31.948  -31.701  40.357 0.0000000000
58253  31.226  -31.708  38.238 0.0000000000
58197  32.754  -31.727  39.719 0.0000000000
59383  33.578  -32.100  40.018 0.0000000000
60548  33.869  -30.036  41.026 0.0000000000
61729  34.103  -29.308  40.951 0.0000000000
61742  34.571  -28.564  40.715 0.0000000000
61757  33.418  -30.112  39.048 0.0000000000
62837  34.323  -28.788  39.944 0.0000000000
63986  34.927  -27.978  40.196 0.0000000000
65132  34.578  -27.280  40.624 0.0000000000
65133  33.876  -27.180  40.442 0.0000000000
64011  32.504  -28.678  36.895 0.0000000000
64024  33.097  -28.530  35.686 0.0000000000
64041  33.182  -28.549  34.319 0.0000000000
60639  30.604  -31.259  34.886 0.0000000000
61814  31.391  -30.875  34.164 0.0000000000
61836  30.721  -31.051  33.171 0.0000000000
61834  31.971  -30.444  33.523 0.0000000000
62891  32.530  -29.760  33.589 0.0000000000
62924  31.613  -29.364  32.069 0.0000000000
64077  30.500  -29.186  31.009 0.0000000000
62941  30.022  -29.724  31.206 0.0000000000
62954  29.824  -29.428  30.670 0.0000000000
64088  30.134  -29.040  30.349 0.0000000000
81554  38.767  -11.602  29.303 0.0000000000
81571  37.595  -12.137  28.703 0.0000000000
81587  36.451  -12.621  27.897 0.0000000000
82686  35.502  -12.380  29.147 0.0000000000
82698  35.525  -12.599  28.314 0.0000000000
81600  36.242  -12.873  27.523 0.0000000000
81613  34.873  -13.234  27.153 0.0000000000
81629  33.987  -13.239  26.385 0.0000000000
81631  32.761  -13.726  25.893 0.0000000000
78138  32.953  -15.930  29.186 0.0000000000
79238  32.920  -15.191  28.792 0.0000000000
78150  31.993  -16.147  28.313 0.0000000000
79239  32.377  -15.264  28.315 0.0000000000
80419  32.344  -14.814  27.868 0.0000000000
80438  32.462  -14.421  27.223 0.0000000000
80454  32.273  -14.383  26.216 0.0000000000
80470  32.555  -14.211  25.395 0.0000000000
94813  47.099  -1.699  9.876 0.0000000000
94830  47.161  -1.756  9.276 0.0000000000
94839  47.259  -1.789  8.441 0.0000000000
93864  47.168  -2.571  7.860 0.0000000000
53510  12.957  -35.554  50.237 0.0000000000
54688  11.712  -35.518  50.341 0.0000000000
54705  11.234  -35.551  50.020 0.0000000000
55921  32.398  -33.583  44.341 0.0000000000
55942  32.710  -33.554  43.890 0.0000000000
55945  31.470  -34.765  43.870 0.0000000000
55962  32.769  -34.561  43.123 0.0000000000
55965  30.270  -34.122  42.709 0.0000000000
56964  32.887  -33.329  45.382 0.0000000000
56982  32.848  -33.170  44.446 0.0000000000
56985  18.678  -32.324  45.390 0.0000000000
57000  32.995  -33.286  43.530 0.0000000000
57038  29.771  -33.398  41.575 0.0000000000
57060  32.419  -32.353  41.268 0.0000000000
57064  29.847  -33.045  41.187 0.0000000000
57091  31.528  -32.086  40.529 0.0000000000
58086  25.873  -31.072  47.225 0.0000000000
58093  32.701  -31.112  44.742 0.0000000000
58098  21.412  -31.816  46.366 0.0000000000
58109  33.345  -32.152  44.166 0.0000000000
58159  32.891  -32.349  41.661 0.0000000000
58160  29.458  -32.129  41.701 0.0000000000
58175  32.958  -32.348  40.886 0.0000000000
58200  29.468  -31.674  40.178 0.0000000000
58224  32.007  -31.403  39.029 0.0000000000
58274  29.901  -31.661  37.590 0.0000000000
58293  29.794  -31.603  37.028 0.0000000000
59293  34.801  -30.216  44.540 0.0000000000
59296  27.236  -31.003  46.160 0.0000000000
59302  20.777  -31.618  45.850 0.0000000000
59341  34.725  -30.293  42.510 0.0000000000
59355  33.589  -31.727  41.419 0.0000000000
59357  19.169  -30.532  42.354 0.0000000000
59382  34.246  -31.571  39.494 0.0000000000
59398  34.059  -31.501  38.759 0.0000000000
59400  32.555  -31.420  38.762 0.0000000000
59421  33.041  -31.500  38.109 0.0000000000
59446  30.534  -31.930  37.101 0.0000000000
59447  30.088  -31.715  37.177 0.0000000000
59471  30.782  -31.611  36.419 0.0000000000
59496  28.132  -32.566  35.200 0.0000000000
60480  23.131  -30.813  45.394 0.0000000000
60491  21.754  -30.568  44.826 0.0000000000
60547  34.161  -29.373  41.201 0.0000000000
60577  34.165  -30.916  38.653 0.0000000000
60595  27.883  -30.180  36.697 0.0000000000
60609  32.105  -31.919  36.644 0.0000000000
60610  28.267  -30.716  36.402 0.0000000000
60637  32.179  -31.205  35.359 0.0000000000
60640  30.081  -31.815  34.621 0.0000000000
60680  30.181  -31.370  33.245 0.0000000000
61728  34.485  -28.791  41.239 0.0000000000
61746  20.459  -28.793  40.358 0.0000000000
61771  33.490  -30.795  37.828 0.0000000000
61815  30.819  -31.003  33.901 0.0000000000
61854  30.919  -30.520  32.647 0.0000000000
61894  29.000  -30.268  30.842 0.0000000000
62789  24.465  -28.532  42.301 0.0000000000
62830  20.331  -28.732  39.986 0.0000000000
64042  32.941  -29.168  33.784 0.0000000000
64067  31.494  -29.163  31.739 0.0000000000
67565  31.616  -25.205  38.564 0.0000000000
67587  29.537  -25.029  36.528 0.0000000000
67597  29.470  -25.589  36.135 0.0000000000
68732  31.530  -24.976  38.508 0.0000000000
68733  31.274  -24.856  38.296 0.0000000000
68744  30.259  -24.564  37.252 0.0000000000
68758  30.706  -24.017  37.285 0.0000000000
69870  29.737  -22.790  35.669 0.0000000000
71011  31.099  -21.931  36.110 0.0000000000
71036  30.842  -21.757  34.556 0.0000000000
71053  29.982  -21.760  33.450 0.0000000000
72231  32.876  -21.663  37.644 0.0000000000
72269  31.185  -21.388  34.715 0.0000000000
73466  33.934  -18.582  32.131 0.0000000000
73486  33.059  -18.671  31.171 0.0000000000
74599  34.824  -18.123  32.371 0.0000000000
74615  33.870  -18.507  31.693 0.0000000000
74636  32.816  -18.577  30.698 0.0000000000
74637  32.347  -18.930  30.582 0.0000000000
75836  34.159  -17.394  30.659 0.0000000000
77022  36.291  -17.064  31.284 0.0000000000
77024  34.995  -17.007  30.845 0.0000000000
77054  32.753  -16.857  29.243 0.0000000000
78125  36.318  -16.812  31.262 0.0000000000
78126  35.603  -16.393  31.150 0.0000000000
78135  34.927  -16.523  30.937 0.0000000000
78148  32.946  -16.458  29.358 0.0000000000
78166  38.818  -13.575  25.205 0.0000000000
78167  38.524  -13.592  25.154 0.0000000000
78183  38.275  -13.656  24.796 0.0000000000
78201  37.571  -13.743  24.256 0.0000000000
79226  35.261  -15.726  30.964 0.0000000000
79227  34.561  -15.286  30.574 0.0000000000
79228  33.737  -14.865  30.143 0.0000000000
79248  40.643  -12.701  26.309 0.0000000000
79250  39.578  -13.133  26.422 0.0000000000
79251  38.693  -13.154  26.520 0.0000000000
79252  37.870  -13.110  26.545 0.0000000000
79254  31.431  -15.612  26.901 0.0000000000
79267  36.328  -12.866  26.023 0.0000000000
79270  31.480  -15.463  26.081 0.0000000000
79278  41.024  -12.621  25.618 0.0000000000
79299  40.019  -13.241  24.640 0.0000000000
79301  38.346  -13.612  24.528 0.0000000000
79302  36.949  -13.859  24.155 0.0000000000
79303  36.477  -13.989  24.080 0.0000000000
79304  34.062  -13.711  24.038 0.0000000000
79315  39.788  -12.917  24.284 0.0000000000
79317  38.177  -13.613  24.161 0.0000000000
79319  36.296  -13.828  23.729 0.0000000000
79332  38.945  -12.923  23.718 0.0000000000
79335  36.941  -13.679  23.722 0.0000000000
80390  35.626  -14.934  31.000 0.0000000000
80401  39.124  -12.254  28.288 0.0000000000
80416  37.194  -12.852  27.611 0.0000000000
80436  35.325  -13.229  27.097 0.0000000000
80446  42.612  -11.551  26.713 0.0000000000
80449  41.149  -12.341  26.403 0.0000000000
80451  36.190  -13.018  26.443 0.0000000000
80453  34.455  -13.189  26.381 0.0000000000
80455  31.918  -14.963  26.162 0.0000000000
80465  41.437  -12.086  25.549 0.0000000000
80466  41.072  -12.686  25.367 0.0000000000
80479  41.479  -12.313  25.072 0.0000000000
80481  40.639  -12.863  24.618 0.0000000000
80489  41.462  -12.323  24.722 0.0000000000
80492  39.735  -12.670  24.020 0.0000000000
80493  36.294  -13.691  23.504 0.0000000000
80503  40.716  -12.259  23.912 0.0000000000
80510  34.803  -13.765  22.334 0.0000000000
80521  39.804  -12.167  23.240 0.0000000000
80524  37.674  -12.312  23.026 0.0000000000
81541  35.635  -13.598  31.279 0.0000000000
81570  38.309  -11.952  28.886 0.0000000000
81586  37.130  -12.535  28.130 0.0000000000
81603  33.491  -13.693  27.457 0.0000000000
81614  34.243  -13.242  26.897 0.0000000000
81615  33.467  -13.435  26.767 0.0000000000
81616  32.841  -13.793  26.552 0.0000000000
81626  42.971  -11.080  26.179 0.0000000000
81628  41.796  -11.612  25.455 0.0000000000
81630  33.416  -13.401  26.108 0.0000000000
81654  41.954  -11.565  24.620 0.0000000000
81669  40.257  -11.936  23.213 0.0000000000
81683  40.526  -11.687  23.098 0.0000000000
82673  37.895  -11.415  29.902 0.0000000000
82683  38.239  -11.567  29.490 0.0000000000
82685  36.432  -11.849  29.511 0.0000000000
82697  36.254  -12.237  28.462 0.0000000000
82707  35.878  -12.614  27.928 0.0000000000
82708  35.571  -12.754  27.974 0.0000000000
82726  42.369  -11.014  25.351 0.0000000000
82748  41.929  -11.501  23.692 0.0000000000
82759  40.885  -11.567  23.172 0.0000000000
82790  39.079  -11.005  21.941 0.0000000000
82806  40.428  -10.059  21.608 0.0000000000
83809  37.188  -11.406  30.169 0.0000000000
83810  36.655  -11.712  30.063 0.0000000000
83818  36.678  -11.706  29.778 0.0000000000
83897  43.913  -9.556  22.257 0.0000000000
83900  40.948  -11.111  22.435 0.0000000000
83901  40.539  -11.466  22.186 0.0000000000
83902  40.291  -11.898  21.966 0.0000000000
83915  40.874  -10.728  21.936 0.0000000000
83916  40.333  -11.303  21.883 0.0000000000
83917  40.255  -11.550  21.969 0.0000000000
85081  41.056  -10.893  22.201 0.0000000000
85082  40.820  -11.233  22.096 0.0000000000
85083  40.666  -11.447  21.980 0.0000000000
85101  40.613  -11.203  21.927 0.0000000000
85102  40.471  -11.493  21.929 0.0000000000
85103  37.958  -9.876  21.358 0.0000000000
87380  41.383  -7.530  20.868 0.0000000000
87382  40.323  -7.676  20.633 0.0000000000
88489  41.845  -7.027  20.583 0.0000000000
88490  41.382  -7.247  20.665 0.0000000000
88493  39.431  -7.530  20.167 0.0000000000
88507  39.708  -6.894  19.845 0.0000000000
88532  48.075  -5.246  17.157 0.0000000000
88541  47.416  -5.263  16.446 0.0000000000
89627  42.042  -6.661  20.442 0.0000000000
89629  40.916  -6.810  20.261 0.0000000000
89643  41.150  -6.447  19.907 0.0000000000
89644  40.285  -6.519  19.745 0.0000000000
89653  48.691  -5.480  18.330 0.0000000000
89654  48.178  -5.246  17.991 0.0000000000
89655  47.728  -5.111  17.646 0.0000000000
89667  48.130  -5.246  17.411 0.0000000000
89699  45.373  -4.995  15.809 0.0000000000
90716  47.052  -4.896  17.169 0.0000000000
91746  45.140  -4.552  17.769 0.0000000000
91751  45.146  -4.616  17.399 0.0000000000
95862  48.984  -0.650  10.076 0.0000000000
