#!ascii label  , from subject ernie vox2ras=TkReg
961
62662  13.570  -30.830  51.642 0.0000000000
58134  3.428  -33.927  43.432 0.0000000000
59219  5.141  -34.056  55.664 0.0000000000
63851  3.126  -28.574  50.068 0.0000000000
72123  3.807  -23.728  44.614 0.0000000000
60411  8.922  -33.403  54.089 0.0000000000
61606  5.972  -31.324  51.176 0.0000000000
60444  17.012  -31.665  52.871 0.0000000000
59210  12.944  -33.555  55.516 0.0000000000
56839  8.740  -35.021  57.156 0.0000000000
68573  4.498  -24.217  53.222 0.0000000000
67459  2.868  -25.613  48.388 0.0000000000
73154  6.912  -23.144  51.425 0.0000000000
55817  2.826  -35.420  54.800 0.0000000000
58047  3.752  -33.800  51.228 0.0000000000
61587  4.272  -31.834  51.744 0.0000000000
63824  5.382  -26.965  51.213 0.0000000000
61673  3.955  -30.743  47.390 0.0000000000
65101  5.775  -28.009  42.732 0.0000000000
66359  3.459  -26.330  38.664 0.0000000000
70922  7.409  -22.964  42.666 0.0000000000
61553  11.136  -32.693  53.300 0.0000000000
61602  10.137  -31.950  52.025 0.0000000000
61597  15.420  -30.973  52.493 0.0000000000
60378  15.394  -33.164  54.583 0.0000000000
61531  13.100  -32.967  53.961 0.0000000000
60364  11.190  -33.769  54.900 0.0000000000
71984  5.082  -23.280  52.798 0.0000000000
58010  3.479  -34.297  55.484 0.0000000000
58027  2.976  -33.809  54.398 0.0000000000
60416  4.500  -33.243  53.897 0.0000000000
62704  6.390  -29.105  49.986 0.0000000000
62685  5.591  -29.198  50.961 0.0000000000
58001  6.362  -34.836  56.207 0.0000000000
54620  6.927  -36.266  56.371 0.0000000000
56848  5.252  -35.267  55.924 0.0000000000
54638  4.134  -36.284  55.282 0.0000000000
60458  2.818  -31.090  50.271 0.0000000000
60464  3.222  -31.440  48.731 0.0000000000
62737  3.507  -29.504  48.706 0.0000000000
69757  3.498  -24.107  45.820 0.0000000000
65086  4.166  -26.954  45.162 0.0000000000
67532  3.884  -25.137  43.540 0.0000000000
65119  5.144  -26.342  39.792 0.0000000000
69804  3.738  -23.924  41.555 0.0000000000
60387  7.225  -33.519  54.774 0.0000000000
61535  6.525  -33.118  53.449 0.0000000000
61556  8.090  -33.476  52.965 0.0000000000
61634  7.833  -31.189  50.064 0.0000000000
58017  19.192  -33.795  53.678 0.0000000000
54669  17.654  -35.608  52.240 0.0000000000
55808  16.564  -34.327  54.728 0.0000000000
54633  15.203  -35.679  56.511 0.0000000000
57996  10.687  -34.913  56.571 0.0000000000
59201  8.655  -34.262  56.085 0.0000000000
66189  3.889  -25.880  51.247 0.0000000000
66237  2.371  -27.002  49.322 0.0000000000
68597  3.023  -24.615  50.717 0.0000000000
70852  3.929  -23.601  49.440 0.0000000000
73251  5.743  -23.462  47.981 0.0000000000
62699  15.906  -29.837  50.314 0.0000000000
55819  22.946  -35.090  53.241 0.0000000000
61565  24.448  -30.793  53.132 0.0000000000
61570  19.603  -32.310  51.680 0.0000000000
62677  17.773  -30.847  50.700 0.0000000000
53447  3.657  -37.159  53.159 0.0000000000
55841  2.911  -35.771  51.224 0.0000000000
56881  4.007  -34.581  53.200 0.0000000000
59260  4.086  -32.882  51.848 0.0000000000
61627  4.009  -30.297  50.857 0.0000000000
61585  5.119  -31.993  51.708 0.0000000000
62666  4.944  -29.237  51.160 0.0000000000
63826  4.464  -28.099  50.849 0.0000000000
66171  5.486  -25.656  52.451 0.0000000000
56924  3.565  -35.066  49.171 0.0000000000
58081  3.631  -33.866  47.251 0.0000000000
59303  5.013  -32.670  44.900 0.0000000000
63925  3.760  -28.182  47.709 0.0000000000
62777  5.052  -29.511  44.742 0.0000000000
60510  5.709  -31.439  43.089 0.0000000000
62803  5.096  -30.698  40.511 0.0000000000
62832  3.979  -29.455  38.196 0.0000000000
72023  8.890  -23.192  50.348 0.0000000000
72068  7.623  -23.154  47.370 0.0000000000
70884  8.671  -22.598  45.328 0.0000000000
72134  6.097  -22.881  43.782 0.0000000000
70981  4.891  -23.641  39.833 0.0000000000
61600  12.662  -31.609  51.755 0.0000000000
61601  11.283  -31.644  51.960 0.0000000000
62682  13.009  -30.239  51.134 0.0000000000
61598  14.515  -31.069  52.505 0.0000000000
61550  13.944  -32.372  53.209 0.0000000000
61576  13.773  -31.767  52.922 0.0000000000
61552  11.885  -32.478  53.515 0.0000000000
58167  3.211  -33.919  42.245 0.0000000000
59362  3.446  -32.842  41.894 0.0000000000
58009  4.424  -34.442  55.307 0.0000000000
58020  3.740  -33.914  55.261 0.0000000000
60390  4.781  -33.592  54.693 0.0000000000
54667  19.661  -35.517  51.945 0.0000000000
59204  6.145  -34.499  55.975 0.0000000000
56847  5.821  -35.195  56.116 0.0000000000
58003  4.943  -34.881  55.798 0.0000000000
56852  4.655  -35.166  55.475 0.0000000000
61636  3.429  -30.506  50.152 0.0000000000
61646  3.216  -30.394  49.555 0.0000000000
62723  3.285  -29.476  49.637 0.0000000000
70887  3.450  -23.880  44.924 0.0000000000
67517  3.223  -24.894  44.495 0.0000000000
69777  3.070  -23.789  43.792 0.0000000000
68703  3.717  -24.503  42.724 0.0000000000
70924  3.695  -23.782  42.952 0.0000000000
60386  8.159  -33.794  54.567 0.0000000000
60412  7.983  -33.599  53.936 0.0000000000
60434  8.788  -33.439  53.469 0.0000000000
61623  8.452  -32.009  50.684 0.0000000000
62720  7.608  -29.975  48.799 0.0000000000
60402  18.041  -32.920  52.961 0.0000000000
58018  17.755  -33.721  54.147 0.0000000000
59245  16.627  -33.104  53.819 0.0000000000
59209  14.115  -33.473  55.488 0.0000000000
58006  15.230  -33.859  56.189 0.0000000000
57992  14.191  -34.390  56.669 0.0000000000
57995  11.571  -34.712  56.623 0.0000000000
60384  9.962  -33.574  54.325 0.0000000000
60365  10.220  -33.897  54.775 0.0000000000
60366  9.219  -33.975  54.847 0.0000000000
59216  7.565  -34.199  55.634 0.0000000000
67394  4.417  -24.696  52.525 0.0000000000
67410  3.569  -25.168  51.404 0.0000000000
69692  3.856  -23.843  52.582 0.0000000000
73155  5.866  -23.203  51.726 0.0000000000
72016  4.379  -23.330  51.582 0.0000000000
73191  5.407  -23.327  50.487 0.0000000000
72052  4.555  -23.484  49.069 0.0000000000
73190  6.102  -23.301  50.147 0.0000000000
60440  20.893  -32.133  52.153 0.0000000000
54653  3.384  -36.220  54.416 0.0000000000
55829  3.649  -35.596  52.981 0.0000000000
55823  3.454  -35.472  53.905 0.0000000000
59252  3.612  -33.268  53.427 0.0000000000
59256  3.656  -33.050  52.616 0.0000000000
60447  4.312  -32.623  52.139 0.0000000000
61610  3.761  -31.282  51.576 0.0000000000
61609  3.990  -30.814  51.615 0.0000000000
61558  6.176  -32.418  52.827 0.0000000000
61559  5.413  -32.340  52.754 0.0000000000
61584  5.658  -32.046  51.710 0.0000000000
63839  5.306  -27.460  50.919 0.0000000000
62665  5.198  -29.793  51.428 0.0000000000
62687  4.999  -28.098  50.936 0.0000000000
62667  4.647  -29.341  50.971 0.0000000000
63825  4.998  -27.502  50.976 0.0000000000
64946  4.978  -26.212  51.798 0.0000000000
64945  5.913  -25.816  52.440 0.0000000000
54664  16.484  -34.777  52.750 0.0000000000
54676  16.618  -35.487  51.760 0.0000000000
54617  9.736  -35.402  56.802 0.0000000000
53418  9.816  -36.870  55.798 0.0000000000
54618  8.796  -35.974  56.419 0.0000000000
53405  5.942  -36.919  56.833 0.0000000000
53410  7.089  -37.452  56.768 0.0000000000
54639  3.508  -36.147  55.250 0.0000000000
53430  3.219  -37.062  54.839 0.0000000000
56899  3.709  -34.870  51.193 0.0000000000
56911  3.510  -34.901  50.281 0.0000000000
58054  3.530  -33.756  50.334 0.0000000000
60468  3.731  -31.614  48.029 0.0000000000
59283  4.006  -32.800  47.975 0.0000000000
60467  4.168  -32.012  47.657 0.0000000000
59292  4.571  -32.975  46.561 0.0000000000
60482  4.817  -32.175  45.860 0.0000000000
66252  2.543  -26.714  48.724 0.0000000000
65048  2.968  -27.535  48.245 0.0000000000
65068  3.205  -27.274  47.080 0.0000000000
65094  4.539  -26.870  44.056 0.0000000000
63938  4.333  -28.178  44.861 0.0000000000
62781  5.470  -29.378  43.809 0.0000000000
61680  6.117  -30.545  43.851 0.0000000000
62779  6.429  -30.009  43.013 0.0000000000
61706  5.273  -31.175  41.738 0.0000000000
62801  6.390  -29.610  41.421 0.0000000000
66350  4.008  -25.821  39.369 0.0000000000
63980  4.810  -28.531  39.208 0.0000000000
65134  3.737  -27.333  38.264 0.0000000000
72031  9.610  -22.527  49.642 0.0000000000
72034  7.253  -22.841  48.561 0.0000000000
72067  8.282  -22.708  47.491 0.0000000000
70908  9.320  -22.951  43.218 0.0000000000
70909  8.317  -22.773  43.405 0.0000000000
70899  7.296  -22.572  44.413 0.0000000000
72148  6.526  -23.001  42.873 0.0000000000
72169  5.173  -23.534  42.007 0.0000000000
72189  5.862  -23.327  41.033 0.0000000000
60432  10.425  -33.128  53.685 0.0000000000
61580  9.964  -33.278  52.544 0.0000000000
61579  10.914  -32.635  52.674 0.0000000000
61573  16.405  -31.239  52.933 0.0000000000
60404  15.969  -32.552  53.702 0.0000000000
61529  15.020  -32.783  53.608 0.0000000000
61519  14.261  -33.026  54.195 0.0000000000
60362  12.775  -33.357  55.129 0.0000000000
60363  12.008  -33.618  55.094 0.0000000000
60407  12.284  -33.270  54.288 0.0000000000
60431  11.069  -33.067  53.276 0.0000000000
69654  5.470  -24.026  54.809 0.0000000000
70809  4.647  -23.603  53.345 0.0000000000
71948  6.104  -23.537  54.025 0.0000000000
73120  6.439  -23.250  52.730 0.0000000000
73119  7.460  -23.230  52.656 0.0000000000
55810  2.973  -35.384  55.403 0.0000000000
56868  2.705  -34.538  55.133 0.0000000000
58021  3.039  -33.864  55.244 0.0000000000
59247  3.573  -33.562  54.234 0.0000000000
60436  4.227  -32.696  53.330 0.0000000000
62683  6.306  -30.258  50.663 0.0000000000
62663  5.775  -30.564  51.034 0.0000000000
63837  6.019  -28.476  50.236 0.0000000000
63838  5.557  -27.804  50.602 0.0000000000
64985  5.985  -26.711  50.977 0.0000000000
64944  6.767  -25.910  52.624 0.0000000000
57989  7.559  -34.904  56.472 0.0000000000
55786  7.401  -35.601  56.393 0.0000000000
56841  7.048  -35.203  56.379 0.0000000000
55788  5.977  -36.098  55.990 0.0000000000
54630  5.460  -36.517  55.939 0.0000000000
53413  5.216  -37.164  55.880 0.0000000000
54631  4.804  -36.406  55.646 0.0000000000
55804  3.559  -35.477  55.075 0.0000000000
59265  2.753  -31.900  50.862 0.0000000000
59272  2.954  -32.626  49.457 0.0000000000
60461  2.879  -31.222  49.484 0.0000000000
61653  3.363  -30.172  48.822 0.0000000000
61664  3.635  -30.419  48.058 0.0000000000
67478  3.579  -24.899  47.193 0.0000000000
66288  3.431  -26.173  46.725 0.0000000000
67507  3.601  -24.944  45.205 0.0000000000
66318  4.277  -25.718  44.333 0.0000000000
65103  5.311  -26.627  42.902 0.0000000000
65117  6.134  -27.721  41.455 0.0000000000
66334  4.473  -25.788  41.955 0.0000000000
66342  4.573  -25.582  40.589 0.0000000000
67557  3.358  -25.153  39.279 0.0000000000
70939  9.084  -23.125  41.352 0.0000000000
70955  7.129  -23.350  40.852 0.0000000000
70965  8.425  -23.381  39.833 0.0000000000
60369  6.539  -33.723  55.380 0.0000000000
60389  5.486  -33.492  54.762 0.0000000000
60413  6.897  -33.448  54.107 0.0000000000
61557  7.022  -32.992  52.775 0.0000000000
61582  7.557  -32.693  52.243 0.0000000000
61581  8.764  -33.271  52.457 0.0000000000
61604  7.998  -32.521  51.446 0.0000000000
61624  7.393  -31.611  50.702 0.0000000000
61635  7.103  -30.657  50.130 0.0000000000
55814  20.080  -34.534  53.218 0.0000000000
54655  19.329  -34.930  52.785 0.0000000000
54648  18.207  -34.737  53.239 0.0000000000
59207  15.836  -33.465  55.396 0.0000000000
55799  16.245  -34.879  56.190 0.0000000000
53433  14.680  -35.467  54.848 0.0000000000
55782  10.762  -35.082  57.636 0.0000000000
56838  9.515  -34.962  57.594 0.0000000000
59199  10.519  -34.402  55.973 0.0000000000
59200  9.584  -34.330  56.043 0.0000000000
57998  8.912  -34.528  56.582 0.0000000000
59202  7.766  -34.382  56.043 0.0000000000
59217  6.724  -34.172  55.702 0.0000000000
64987  3.163  -27.302  51.021 0.0000000000
65002  2.653  -27.608  50.131 0.0000000000
65001  2.625  -26.971  50.765 0.0000000000
67425  2.577  -25.471  50.087 0.0000000000
68605  2.689  -24.643  49.838 0.0000000000
70837  3.851  -23.572  51.996 0.0000000000
69718  3.310  -23.895  50.490 0.0000000000
69743  3.120  -24.342  48.709 0.0000000000
69749  3.626  -23.820  47.688 0.0000000000
70868  3.988  -23.502  47.128 0.0000000000
72085  5.159  -23.137  46.508 0.0000000000
62681  14.062  -29.925  51.240 0.0000000000
55820  21.893  -35.079  53.334 0.0000000000
61525  25.924  -30.997  53.358 0.0000000000
62641  25.642  -30.420  52.831 0.0000000000
60373  25.473  -31.896  54.064 0.0000000000
60375  23.745  -32.015  53.334 0.0000000000
58014  22.512  -33.549  53.105 0.0000000000
56866  21.274  -34.498  53.678 0.0000000000
60427  18.955  -32.593  52.417 0.0000000000
61571  18.201  -32.217  51.725 0.0000000000
61616  19.009  -31.746  50.830 0.0000000000
61595  17.117  -31.271  52.135 0.0000000000
61619  16.716  -30.859  51.674 0.0000000000
62660  15.279  -30.702  51.792 0.0000000000
55835  3.459  -35.759  52.052 0.0000000000
56889  4.021  -34.819  52.113 0.0000000000
56874  2.913  -34.575  54.136 0.0000000000
58038  3.925  -33.677  52.643 0.0000000000
59264  3.329  -32.852  51.360 0.0000000000
59261  3.227  -32.066  51.427 0.0000000000
61628  3.577  -30.641  50.958 0.0000000000
62689  3.917  -29.933  50.536 0.0000000000
60415  5.239  -33.287  54.050 0.0000000000
61560  4.839  -32.312  52.985 0.0000000000
61561  4.380  -32.645  52.271 0.0000000000
62664  5.528  -30.545  51.205 0.0000000000
62652  4.810  -30.372  51.594 0.0000000000
61608  4.502  -30.512  51.538 0.0000000000
62688  4.181  -29.489  50.754 0.0000000000
63841  3.776  -28.265  50.752 0.0000000000
64970  4.224  -26.779  51.385 0.0000000000
66173  4.582  -25.390  52.135 0.0000000000
66163  5.225  -24.962  53.228 0.0000000000
64927  6.869  -25.588  53.504 0.0000000000
64914  6.337  -25.172  54.327 0.0000000000
67380  5.881  -24.691  54.697 0.0000000000
52118  9.380  -37.268  55.456 0.0000000000
53402  8.068  -36.475  56.363 0.0000000000
58062  3.743  -33.787  49.431 0.0000000000
58070  3.862  -33.861  48.424 0.0000000000
59320  4.435  -33.366  44.268 0.0000000000
63885  2.618  -28.267  48.962 0.0000000000
62753  3.727  -29.197  48.344 0.0000000000
62766  4.165  -29.318  47.140 0.0000000000
65079  4.250  -27.423  45.999 0.0000000000
62773  4.249  -28.623  46.434 0.0000000000
61672  4.259  -30.168  46.641 0.0000000000
60481  5.195  -31.562  45.276 0.0000000000
60495  5.417  -31.985  44.444 0.0000000000
59335  4.368  -33.045  43.134 0.0000000000
61708  4.196  -32.139  41.357 0.0000000000
63970  5.673  -28.432  39.957 0.0000000000
62831  4.281  -29.709  38.969 0.0000000000
71982  8.433  -22.662  51.993 0.0000000000
72012  9.076  -23.175  51.256 0.0000000000
72014  7.397  -23.238  50.800 0.0000000000
73188  7.195  -22.976  49.516 0.0000000000
73249  6.584  -23.377  47.446 0.0000000000
72103  5.415  -22.896  45.616 0.0000000000
72100  7.884  -22.526  45.909 0.0000000000
72102  6.188  -22.664  45.602 0.0000000000
70911  4.726  -23.320  43.848 0.0000000000
72170  4.475  -23.562  42.075 0.0000000000
69812  3.986  -23.983  40.560 0.0000000000
68734  3.381  -24.693  38.889 0.0000000000
68750  4.616  -24.426  38.293 0.0000000000
61599  13.688  -31.454  52.219 0.0000000000
61577  12.796  -32.018  52.814 0.0000000000
58150  3.410  -33.494  42.519 0.0000000000
59350  3.910  -33.166  42.642 0.0000000000
59220  4.503  -33.902  55.222 0.0000000000
60371  5.087  -33.745  55.215 0.0000000000
54660  20.361  -35.043  52.402 0.0000000000
54666  20.466  -35.151  51.863 0.0000000000
59205  5.557  -34.406  55.917 0.0000000000
58002  5.561  -34.803  56.057 0.0000000000
58008  5.096  -34.513  55.852 0.0000000000
62706  3.543  -29.628  50.251 0.0000000000
72105  4.122  -23.774  45.390 0.0000000000
70903  3.081  -23.611  44.359 0.0000000000
70902  3.275  -23.551  44.213 0.0000000000
69776  3.157  -23.718  43.527 0.0000000000
72137  3.844  -23.450  43.931 0.0000000000
60428  17.655  -32.496  52.586 0.0000000000
59244  17.295  -33.191  53.561 0.0000000000
60403  16.726  -32.780  53.446 0.0000000000
59195  13.790  -34.049  56.168 0.0000000000
59196  13.042  -34.085  56.054 0.0000000000
56844  13.392  -34.611  57.823 0.0000000000
57994  12.311  -34.528  56.784 0.0000000000
59197  12.150  -33.926  56.173 0.0000000000
60410  9.755  -33.315  54.034 0.0000000000
60385  9.049  -33.629  54.463 0.0000000000
67393  4.747  -24.598  53.110 0.0000000000
68583  3.898  -24.332  52.374 0.0000000000
73172  5.089  -23.190  51.357 0.0000000000
73171  5.975  -23.203  51.004 0.0000000000
73170  6.707  -23.236  50.591 0.0000000000
60437  3.881  -32.653  53.157 0.0000000000
61583  6.508  -32.295  51.991 0.0000000000
63840  5.144  -27.604  51.037 0.0000000000
63814  5.150  -26.321  51.909 0.0000000000
63813  5.372  -26.512  51.707 0.0000000000
55784  9.143  -35.252  57.245 0.0000000000
54627  9.737  -36.021  56.153 0.0000000000
53411  6.236  -37.478  56.815 0.0000000000
54646  3.115  -36.138  55.117 0.0000000000
53422  3.305  -36.756  55.320 0.0000000000
60475  4.074  -31.429  47.576 0.0000000000
60474  4.503  -31.573  46.956 0.0000000000
66269  2.974  -26.450  47.744 0.0000000000
63955  5.493  -28.069  43.137 0.0000000000
63945  5.031  -28.037  43.826 0.0000000000
63944  5.443  -28.709  43.495 0.0000000000
62780  6.170  -29.806  43.372 0.0000000000
62792  6.392  -29.354  42.888 0.0000000000
62791  6.487  -29.749  42.591 0.0000000000
63962  6.694  -29.040  42.146 0.0000000000
65127  4.221  -27.208  39.093 0.0000000000
72048  9.430  -22.298  48.628 0.0000000000
72049  8.440  -22.578  48.386 0.0000000000
70921  8.604  -23.078  42.423 0.0000000000
70910  7.484  -22.654  43.632 0.0000000000
70923  6.768  -23.153  42.420 0.0000000000
72167  6.491  -23.267  42.275 0.0000000000
70941  6.754  -23.334  41.785 0.0000000000
61554  10.654  -33.296  53.318 0.0000000000
61620  11.885  -30.936  50.765 0.0000000000
61574  15.515  -31.094  52.998 0.0000000000
61548  15.663  -31.837  53.238 0.0000000000
61530  14.137  -32.852  53.664 0.0000000000
61520  13.512  -33.083  54.332 0.0000000000
60380  13.551  -33.171  54.718 0.0000000000
60381  12.677  -33.293  54.707 0.0000000000
60408  11.583  -33.249  53.938 0.0000000000
71932  5.885  -23.318  54.312 0.0000000000
70807  7.985  -23.503  53.927 0.0000000000
71964  8.367  -23.373  53.542 0.0000000000
56861  2.998  -34.696  55.683 0.0000000000
59233  4.097  -33.725  54.756 0.0000000000
59234  3.545  -33.602  54.925 0.0000000000
59246  3.904  -33.578  54.342 0.0000000000
60417  4.027  -33.255  53.771 0.0000000000
62684  6.080  -29.932  50.805 0.0000000000
64984  6.406  -26.783  50.698 0.0000000000
64966  6.822  -26.289  51.875 0.0000000000
57990  6.863  -34.947  56.351 0.0000000000
55795  6.009  -35.427  56.108 0.0000000000
55796  5.700  -35.785  55.920 0.0000000000
54622  5.774  -36.341  56.054 0.0000000000
55797  5.009  -35.798  55.752 0.0000000000
56853  3.893  -34.872  54.877 0.0000000000
55803  4.349  -35.662  55.222 0.0000000000
59269  2.621  -31.723  50.406 0.0000000000
60457  2.612  -31.472  50.051 0.0000000000
61654  3.360  -30.060  49.128 0.0000000000
61645  3.224  -30.443  49.248 0.0000000000
68659  3.550  -24.457  46.355 0.0000000000
67497  3.600  -25.135  46.258 0.0000000000
68660  3.500  -24.420  45.554 0.0000000000
67525  3.227  -25.113  43.976 0.0000000000
66319  3.772  -25.309  44.303 0.0000000000
67524  3.755  -25.284  44.050 0.0000000000
66326  4.640  -25.680  43.301 0.0000000000
67540  3.976  -25.193  42.518 0.0000000000
68702  3.638  -24.531  42.113 0.0000000000
67548  3.997  -25.144  41.355 0.0000000000
68713  3.896  -24.509  40.894 0.0000000000
67556  4.000  -25.057  40.137 0.0000000000
70920  9.629  -22.942  42.269 0.0000000000
70954  8.176  -23.402  40.706 0.0000000000
70953  9.027  -23.162  40.513 0.0000000000
60388  6.296  -33.406  54.841 0.0000000000
61533  7.972  -33.560  53.436 0.0000000000
61534  7.423  -33.445  53.415 0.0000000000
61603  9.189  -32.576  51.629 0.0000000000
61644  7.442  -30.541  49.706 0.0000000000
56858  19.680  -33.941  53.517 0.0000000000
55815  19.031  -34.566  53.313 0.0000000000
55806  18.762  -34.279  53.634 0.0000000000
56860  16.919  -33.972  54.753 0.0000000000
55807  17.586  -34.301  54.171 0.0000000000
54640  16.975  -34.603  54.164 0.0000000000
60405  15.323  -32.873  54.007 0.0000000000
60377  16.024  -32.960  54.223 0.0000000000
59232  15.390  -33.328  54.985 0.0000000000
56842  15.026  -34.694  57.006 0.0000000000
56851  15.619  -34.533  56.553 0.0000000000
54632  15.950  -35.419  56.011 0.0000000000
54652  14.992  -34.831  54.877 0.0000000000
54643  15.169  -35.457  55.581 0.0000000000
53423  14.711  -35.691  55.471 0.0000000000
54645  13.903  -35.888  56.174 0.0000000000
56836  11.132  -34.801  57.970 0.0000000000
56837  10.287  -34.947  57.762 0.0000000000
57986  9.995  -34.904  57.362 0.0000000000
59212  11.284  -33.904  55.444 0.0000000000
59214  9.409  -34.161  55.421 0.0000000000
57999  8.060  -34.624  56.372 0.0000000000
60368  7.418  -33.847  55.257 0.0000000000
66205  3.063  -26.230  51.000 0.0000000000
68590  3.336  -24.499  51.518 0.0000000000
67416  2.981  -25.418  50.856 0.0000000000
71985  4.615  -23.331  52.833 0.0000000000
70826  4.174  -23.480  52.714 0.0000000000
72001  4.393  -23.396  52.291 0.0000000000
72026  4.263  -23.262  50.906 0.0000000000
70845  3.860  -23.405  51.234 0.0000000000
70848  3.783  -23.583  50.447 0.0000000000
69730  3.025  -24.106  49.436 0.0000000000
69742  3.458  -23.830  48.787 0.0000000000
73229  5.206  -23.479  48.878 0.0000000000
72072  4.900  -23.381  47.751 0.0000000000
72086  4.412  -23.390  46.412 0.0000000000
62680  15.090  -29.956  51.254 0.0000000000
62700  14.890  -29.676  50.306 0.0000000000
55826  23.155  -35.070  52.741 0.0000000000
55838  22.020  -33.797  51.566 0.0000000000
55833  22.084  -34.577  52.351 0.0000000000
55827  22.132  -35.183  52.938 0.0000000000
62647  24.645  -30.517  52.862 0.0000000000
62646  24.983  -30.419  52.805 0.0000000000
62643  24.663  -30.681  53.180 0.0000000000
61526  25.412  -30.975  53.676 0.0000000000
60421  24.672  -31.173  53.666 0.0000000000
60374  24.796  -32.004  53.784 0.0000000000
60396  24.422  -31.653  53.530 0.0000000000
59225  22.156  -33.271  52.995 0.0000000000
56856  21.830  -34.000  53.488 0.0000000000
58015  21.494  -33.753  53.445 0.0000000000
61569  20.835  -31.961  51.910 0.0000000000
60426  20.196  -32.373  52.476 0.0000000000
60441  19.909  -32.427  52.045 0.0000000000
60442  18.600  -32.412  52.011 0.0000000000
62676  18.842  -31.126  50.398 0.0000000000
61617  17.825  -31.437  51.131 0.0000000000
61594  17.934  -31.898  51.511 0.0000000000
61618  17.048  -31.000  51.563 0.0000000000
62698  16.827  -30.082  50.316 0.0000000000
62679  15.996  -30.287  51.131 0.0000000000
54665  3.276  -36.481  52.767 0.0000000000
58033  3.512  -33.886  53.454 0.0000000000
58043  4.116  -33.765  52.055 0.0000000000
60451  3.612  -31.677  51.533 0.0000000000
60414  5.998  -33.356  54.100 0.0000000000
61536  5.735  -32.810  53.510 0.0000000000
61586  4.658  -31.602  51.644 0.0000000000
62705  3.774  -29.236  50.515 0.0000000000
64947  4.761  -25.887  51.845 0.0000000000
66172  5.146  -25.523  52.441 0.0000000000
66162  5.777  -25.342  53.275 0.0000000000
54662  18.533  -35.370  52.576 0.0000000000
54668  18.711  -35.662  52.059 0.0000000000
53408  9.395  -36.776  56.068 0.0000000000
54619  7.826  -36.070  56.433 0.0000000000
53403  7.429  -36.733  56.525 0.0000000000
53438  4.018  -36.922  53.995 0.0000000000
55846  3.045  -36.103  50.288 0.0000000000
59275  3.673  -32.655  48.721 0.0000000000
56936  3.160  -34.878  47.925 0.0000000000
59304  4.520  -33.603  45.448 0.0000000000
58102  3.904  -34.237  45.685 0.0000000000
59321  3.819  -33.931  44.675 0.0000000000
65014  2.454  -27.687  49.371 0.0000000000
63906  3.398  -28.337  48.333 0.0000000000
65080  3.974  -26.797  46.158 0.0000000000
63932  4.302  -28.055  45.868 0.0000000000
62772  4.333  -29.249  45.990 0.0000000000
61677  4.818  -30.652  45.812 0.0000000000
61682  5.153  -30.450  45.214 0.0000000000
60494  5.989  -31.478  43.943 0.0000000000
60511  5.038  -32.138  43.315 0.0000000000
59334  4.654  -32.590  43.359 0.0000000000
60529  4.196  -32.442  42.209 0.0000000000
60528  5.138  -31.798  42.336 0.0000000000
61721  5.464  -30.643  41.198 0.0000000000
62817  4.706  -31.029  40.051 0.0000000000
65118  5.787  -27.276  40.581 0.0000000000
63969  6.375  -28.343  40.849 0.0000000000
63981  4.092  -28.432  38.641 0.0000000000
61750  3.584  -30.537  38.777 0.0000000000
72011  9.816  -22.359  51.375 0.0000000000
72013  8.157  -23.269  50.986 0.0000000000
72024  7.885  -23.369  50.031 0.0000000000
72025  7.189  -23.261  50.156 0.0000000000
72050  7.742  -23.001  48.176 0.0000000000
72051  7.197  -23.192  48.058 0.0000000000
72069  6.934  -23.284  47.245 0.0000000000
72070  6.340  -23.263  47.028 0.0000000000
72083  6.584  -22.813  46.418 0.0000000000
70883  9.754  -22.794  44.996 0.0000000000
70874  9.488  -22.318  45.811 0.0000000000
70875  8.888  -22.249  45.951 0.0000000000
72080  8.920  -22.204  46.625 0.0000000000
72099  8.459  -22.376  46.107 0.0000000000
72119  6.632  -22.638  44.696 0.0000000000
72120  5.759  -22.895  44.714 0.0000000000
72135  5.141  -23.165  43.813 0.0000000000
72150  4.818  -23.364  42.882 0.0000000000
72208  5.007  -23.443  40.488 0.0000000000
72191  4.748  -23.432  41.207 0.0000000000
70969  4.471  -23.632  40.461 0.0000000000
69825  4.189  -24.080  39.562 0.0000000000
70979  5.987  -23.608  39.570 0.0000000000
61578  11.720  -32.069  52.820 0.0000000000
61575  14.666  -31.409  53.027 0.0000000000
61551  12.958  -32.366  53.489 0.0000000000
61532  12.341  -32.954  53.833 0.0000000000
58166  3.224  -33.085  41.961 0.0000000000
60462  2.863  -30.998  49.818 0.0000000000
62738  3.268  -29.221  48.947 0.0000000000
69764  3.561  -23.996  45.663 0.0000000000
69765  3.352  -24.045  45.060 0.0000000000
68676  2.928  -24.448  44.158 0.0000000000
67533  3.467  -24.765  43.472 0.0000000000
68691  3.807  -24.693  42.942 0.0000000000
68692  3.601  -24.446  43.180 0.0000000000
69797  3.648  -24.273  42.740 0.0000000000
69796  3.603  -23.973  42.548 0.0000000000
60435  8.259  -33.535  53.467 0.0000000000
61555  8.703  -33.450  53.008 0.0000000000
61622  9.515  -31.722  50.991 0.0000000000
61633  8.766  -31.444  50.032 0.0000000000
61643  7.928  -30.612  49.183 0.0000000000
59243  18.498  -33.164  53.342 0.0000000000
56859  18.338  -34.030  54.021 0.0000000000
59229  17.757  -33.428  53.769 0.0000000000
58019  16.708  -33.749  54.788 0.0000000000
60360  14.637  -33.281  54.908 0.0000000000
60359  15.027  -33.356  55.031 0.0000000000
58007  14.504  -33.761  55.977 0.0000000000
55789  15.032  -34.890  57.264 0.0000000000
57984  11.698  -34.814  57.493 0.0000000000
60383  10.952  -33.585  54.345 0.0000000000
59215  8.455  -34.177  55.541 0.0000000000
60367  8.293  -34.080  54.998 0.0000000000
67403  4.031  -25.047  51.959 0.0000000000
73156  5.190  -23.254  52.050 0.0000000000
72015  4.757  -23.317  51.962 0.0000000000
73173  4.607  -23.224  51.166 0.0000000000
72035  4.390  -23.558  50.125 0.0000000000
73211  4.990  -23.484  49.844 0.0000000000
73210  5.609  -23.417  49.572 0.0000000000
73209  6.225  -23.256  49.228 0.0000000000
55818  23.820  -34.731  53.017 0.0000000000
61566  24.100  -31.031  52.769 0.0000000000
60425  21.457  -32.149  52.387 0.0000000000
61592  20.530  -31.748  51.564 0.0000000000
62678  16.794  -30.619  51.148 0.0000000000
54659  3.602  -36.323  53.602 0.0000000000
60450  4.266  -32.158  51.739 0.0000000000
62686  5.217  -28.642  51.002 0.0000000000
64969  4.626  -27.133  51.228 0.0000000000
54663  17.321  -34.877  52.801 0.0000000000
54670  16.672  -35.224  52.423 0.0000000000
54626  10.575  -35.422  56.533 0.0000000000
54628  9.082  -36.516  56.179 0.0000000000
53421  3.979  -37.048  55.318 0.0000000000
59282  4.270  -32.806  47.308 0.0000000000
58080  4.113  -33.391  46.916 0.0000000000
66253  2.375  -27.098  48.938 0.0000000000
65031  2.512  -27.537  48.778 0.0000000000
65030  2.609  -27.286  48.559 0.0000000000
62782  5.048  -28.968  43.872 0.0000000000
61681  5.701  -30.821  44.821 0.0000000000
62776  5.783  -30.043  44.114 0.0000000000
61679  6.176  -30.600  43.439 0.0000000000
60509  6.072  -30.983  42.929 0.0000000000
60527  5.717  -31.129  42.454 0.0000000000
61705  6.068  -30.528  42.011 0.0000000000
61720  5.934  -30.230  41.310 0.0000000000
62802  5.707  -30.045  40.749 0.0000000000
65126  5.245  -27.474  39.538 0.0000000000
72032  8.618  -22.780  49.408 0.0000000000
72033  7.684  -22.688  49.031 0.0000000000
70897  9.039  -22.792  44.229 0.0000000000
70898  8.060  -22.690  44.362 0.0000000000
70885  7.668  -22.565  45.104 0.0000000000
72133  6.839  -22.627  43.759 0.0000000000
72149  5.617  -23.193  42.860 0.0000000000
72168  5.988  -23.442  41.940 0.0000000000
72190  5.359  -23.374  41.141 0.0000000000
72222  5.148  -23.503  40.148 0.0000000000
60433  9.753  -33.409  53.582 0.0000000000
61546  16.754  -31.598  53.011 0.0000000000
60430  16.182  -32.072  53.351 0.0000000000
61547  16.306  -31.772  53.196 0.0000000000
61528  15.722  -32.352  53.496 0.0000000000
61549  14.874  -32.109  53.127 0.0000000000
60379  14.607  -33.132  54.488 0.0000000000
60361  13.747  -33.240  55.037 0.0000000000
59211  12.062  -33.650  55.545 0.0000000000
60382  11.831  -33.525  54.620 0.0000000000
60409  10.603  -33.348  53.807 0.0000000000
69655  5.033  -24.040  54.329 0.0000000000
69679  4.631  -23.940  53.543 0.0000000000
69662  4.829  -24.036  54.117 0.0000000000
70808  5.078  -23.542  53.647 0.0000000000
71967  5.419  -23.390  53.357 0.0000000000
71947  7.064  -23.557  54.136 0.0000000000
71966  6.130  -23.372  53.268 0.0000000000
73121  5.873  -23.269  52.798 0.0000000000
73137  5.661  -23.256  52.416 0.0000000000
73136  6.626  -23.138  52.114 0.0000000000
73135  7.695  -22.767  52.004 0.0000000000
61625  6.443  -30.842  50.687 0.0000000000
61626  5.982  -30.648  50.923 0.0000000000
64986  5.854  -26.738  51.203 0.0000000000
64968  5.966  -26.364  51.835 0.0000000000
64967  6.439  -26.345  51.937 0.0000000000
56840  7.927  -35.132  56.617 0.0000000000
55785  8.337  -35.439  56.676 0.0000000000
56846  6.360  -35.185  56.244 0.0000000000
55787  6.404  -35.724  56.137 0.0000000000
54621  6.129  -36.425  56.385 0.0000000000
54629  5.732  -36.717  56.405 0.0000000000
53412  5.625  -37.296  56.489 0.0000000000
59268  2.817  -32.485  50.409 0.0000000000
67479  3.401  -25.277  47.409 0.0000000000
66302  3.779  -25.795  45.719 0.0000000000
65087  4.040  -26.218  45.319 0.0000000000
66310  3.826  -25.434  44.768 0.0000000000
66309  4.127  -26.080  44.879 0.0000000000
65102  5.607  -27.474  42.718 0.0000000000
65109  6.035  -27.825  42.266 0.0000000000
65110  5.727  -27.113  41.865 0.0000000000
65111  5.360  -26.204  41.263 0.0000000000
66351  3.207  -25.644  38.896 0.0000000000
70940  7.862  -23.301  41.635 0.0000000000
60370  5.715  -33.701  55.362 0.0000000000
61605  6.930  -31.907  51.400 0.0000000000
60445  9.305  -33.446  53.074 0.0000000000
60446  8.956  -33.420  53.056 0.0000000000
62703  6.551  -30.050  50.345 0.0000000000
62721  7.044  -29.632  49.285 0.0000000000
55822  19.909  -34.721  52.929 0.0000000000
54661  19.484  -35.259  52.412 0.0000000000
54647  19.121  -34.847  52.970 0.0000000000
54656  18.365  -34.995  52.938 0.0000000000
55816  18.246  -34.500  53.676 0.0000000000
53448  16.844  -34.678  53.395 0.0000000000
53450  15.271  -35.384  53.490 0.0000000000
59206  16.292  -33.633  55.255 0.0000000000
58005  16.112  -33.813  56.012 0.0000000000
55798  16.326  -34.351  55.484 0.0000000000
54651  15.542  -34.592  54.464 0.0000000000
53441  15.111  -34.921  53.947 0.0000000000
53424  14.256  -35.888  55.531 0.0000000000
55794  11.138  -35.017  56.921 0.0000000000
54616  10.111  -35.104  57.144 0.0000000000
59198  11.377  -34.161  56.015 0.0000000000
59213  10.403  -34.124  55.355 0.0000000000
57997  9.777  -34.720  56.640 0.0000000000
57987  9.186  -34.794  57.165 0.0000000000
57988  8.411  -34.864  56.727 0.0000000000
58000  7.216  -34.725  56.257 0.0000000000
59203  6.923  -34.527  55.980 0.0000000000
59218  5.980  -34.045  55.753 0.0000000000
63842  3.295  -28.160  50.529 0.0000000000
64988  2.994  -27.917  50.446 0.0000000000
66221  2.425  -27.196  49.743 0.0000000000
66220  2.550  -26.511  50.191 0.0000000000
66236  2.472  -26.264  49.509 0.0000000000
67441  2.588  -25.571  49.247 0.0000000000
68617  2.847  -24.817  48.974 0.0000000000
69691  4.168  -23.780  52.980 0.0000000000
69700  3.559  -23.842  52.097 0.0000000000
69709  3.361  -23.960  51.406 0.0000000000
70846  3.592  -23.655  51.364 0.0000000000
68632  3.122  -24.841  48.227 0.0000000000
68631  3.378  -24.342  48.084 0.0000000000
68645  3.541  -24.521  47.246 0.0000000000
70862  3.986  -23.404  48.310 0.0000000000
69756  3.611  -23.952  46.548 0.0000000000
70876  3.816  -23.755  46.045 0.0000000000
72104  4.721  -23.258  45.554 0.0000000000
62701  13.842  -29.797  50.222 0.0000000000
55828  21.154  -35.085  52.998 0.0000000000
62638  25.733  -30.646  53.055 0.0000000000
58025  24.132  -32.951  52.803 0.0000000000
56864  23.490  -33.769  53.056 0.0000000000
60397  23.521  -32.050  53.114 0.0000000000
55811  22.617  -34.662  53.440 0.0000000000
56865  22.223  -34.274  53.441 0.0000000000
55812  21.571  -34.747  53.576 0.0000000000
55813  20.798  -34.785  53.599 0.0000000000
56867  20.657  -34.572  53.568 0.0000000000
60400  20.532  -32.549  52.887 0.0000000000
60401  19.336  -32.670  53.004 0.0000000000
60443  17.460  -31.995  52.403 0.0000000000
61614  21.162  -31.172  51.305 0.0000000000
61615  20.224  -31.462  51.120 0.0000000000
61593  19.272  -32.148  51.257 0.0000000000
61572  17.128  -31.581  52.553 0.0000000000
61596  16.333  -31.009  52.201 0.0000000000
62659  16.084  -30.791  51.753 0.0000000000
62661  14.392  -30.739  51.748 0.0000000000
60455  3.028  -31.217  50.954 0.0000000000
61537  5.109  -32.731  53.501 0.0000000000
61607  5.581  -31.355  51.311 0.0000000000
62650  5.336  -31.408  51.411 0.0000000000
62651  5.013  -30.994  51.383 0.0000000000
63850  3.491  -28.771  50.397 0.0000000000
66164  4.771  -24.859  52.748 0.0000000000
67385  5.228  -24.633  53.838 0.0000000000
64928  6.353  -25.438  53.620 0.0000000000
66154  6.080  -25.096  54.258 0.0000000000
66155  5.511  -24.809  53.905 0.0000000000
67381  5.437  -24.514  54.288 0.0000000000
68556  5.554  -24.369  54.591 0.0000000000
54674  18.766  -35.206  51.480 0.0000000000
54683  17.838  -35.071  50.822 0.0000000000
54675  17.805  -35.520  51.527 0.0000000000
53409  8.216  -37.071  56.163 0.0000000000
53419  8.803  -37.328  55.921 0.0000000000
58091  4.143  -33.895  46.417 0.0000000000
59336  3.885  -33.730  43.686 0.0000000000
63866  2.859  -28.464  49.443 0.0000000000
63907  2.938  -28.203  48.617 0.0000000000
62754  3.379  -28.704  48.583 0.0000000000
63933  4.050  -27.927  46.668 0.0000000000
62765  4.269  -29.563  46.598 0.0000000000
59319  4.797  -32.636  43.920 0.0000000000
59349  4.072  -32.918  42.607 0.0000000000
60530  3.676  -32.630  42.012 0.0000000000
60542  3.582  -32.370  41.201 0.0000000000
62815  6.058  -29.216  40.540 0.0000000000
62816  5.225  -29.860  39.770 0.0000000000
61736  4.296  -30.571  39.356 0.0000000000
73118  8.483  -23.139  52.637 0.0000000000
73153  7.593  -23.010  51.600 0.0000000000
71997  9.098  -22.826  51.812 0.0000000000
71999  7.632  -23.131  51.329 0.0000000000
73189  6.721  -23.189  49.752 0.0000000000
73227  6.293  -23.366  48.373 0.0000000000
73207  7.130  -22.758  48.960 0.0000000000
73208  6.794  -22.995  48.793 0.0000000000
73250  6.266  -23.405  47.646 0.0000000000
72071  5.718  -23.294  47.205 0.0000000000
72081  8.109  -22.805  46.664 0.0000000000
72082  7.355  -22.872  46.534 0.0000000000
72101  7.033  -22.519  45.613 0.0000000000
72121  4.996  -23.136  44.734 0.0000000000
72122  4.378  -23.488  44.525 0.0000000000
72136  4.463  -23.369  43.669 0.0000000000
72151  4.068  -23.533  43.026 0.0000000000
70943  3.904  -23.679  42.200 0.0000000000
70957  4.162  -23.614  41.300 0.0000000000
68722  3.766  -24.642  39.675 0.0000000000
68723  3.163  -24.836  39.031 0.0000000000
67568  3.088  -25.111  38.705 0.0000000000
70956  6.343  -23.326  40.944 0.0000000000
70968  5.801  -23.487  39.913 0.0000000000
69843  4.724  -24.120  38.923 0.0000000000
68751  4.123  -24.344  38.786 0.0000000000
66370  3.339  -26.238  37.920 0.0000000000
53432  15.158  -34.676  54.183 0.0000000000
54642  15.496  -34.784  55.208 0.0000000000
54644  14.625  -35.815  56.014 0.0000000000
54657  17.428  -34.697  53.306 0.0000000000
55783  9.880  -35.120  57.640 0.0000000000
55800  15.570  -35.183  56.719 0.0000000000
55805  19.923  -34.349  53.351 0.0000000000
55809  16.095  -34.706  55.439 0.0000000000
55821  20.951  -34.992  53.442 0.0000000000
56843  14.485  -34.684  57.305 0.0000000000
56849  16.445  -34.165  55.460 0.0000000000
56850  16.333  -34.289  55.991 0.0000000000
56854  23.288  -33.643  53.034 0.0000000000
56855  22.796  -33.800  53.148 0.0000000000
56857  21.040  -34.046  53.760 0.0000000000
56873  23.505  -34.558  53.269 0.0000000000
57985  10.883  -35.049  57.175 0.0000000000
57991  14.906  -34.480  56.724 0.0000000000
57993  13.122  -34.458  56.991 0.0000000000
58004  16.424  -33.912  55.440 0.0000000000
58012  24.561  -32.526  53.110 0.0000000000
58013  23.627  -33.146  52.889 0.0000000000
58026  23.819  -33.302  52.939 0.0000000000
59208  15.139  -33.448  55.378 0.0000000000
59222  25.189  -32.218  53.618 0.0000000000
59223  24.238  -32.423  53.255 0.0000000000
59228  18.834  -33.464  53.581 0.0000000000
59230  16.555  -33.326  54.398 0.0000000000
59231  15.679  -33.244  54.864 0.0000000000
59240  21.839  -32.912  52.853 0.0000000000
60376  16.341  -33.050  53.967 0.0000000000
60394  25.892  -31.756  53.515 0.0000000000
60395  25.033  -31.375  53.999 0.0000000000
60406  14.984  -32.948  54.087 0.0000000000
60422  24.178  -31.384  53.263 0.0000000000
60429  16.675  -32.004  53.079 0.0000000000
60493  6.169  -30.950  43.418 0.0000000000
60512  4.542  -32.569  42.994 0.0000000000
60526  6.062  -30.776  42.613 0.0000000000
60554  3.859  -30.857  39.259 0.0000000000
61518  14.737  -32.983  54.124 0.0000000000
61527  16.074  -32.268  53.478 0.0000000000
61541  25.039  -30.877  53.698 0.0000000000
61542  24.598  -30.871  53.373 0.0000000000
61676  5.188  -30.880  45.327 0.0000000000
61691  6.304  -30.439  43.009 0.0000000000
61692  6.190  -30.363  43.438 0.0000000000
62639  25.337  -30.765  53.485 0.0000000000
62642  25.133  -30.549  53.123 0.0000000000
62658  16.497  -30.839  51.738 0.0000000000
62775  6.012  -30.147  43.790 0.0000000000
62814  6.576  -29.013  40.933 0.0000000000
63794  25.314  -30.336  52.697 0.0000000000
63805  25.391  -30.044  52.418 0.0000000000
63943  5.779  -29.144  43.384 0.0000000000
63953  6.498  -29.202  42.635 0.0000000000
63954  6.138  -28.707  42.835 0.0000000000
63956  5.318  -27.511  43.187 0.0000000000
63963  6.441  -28.357  41.819 0.0000000000
63968  6.643  -28.845  41.398 0.0000000000
65049  2.747  -27.776  48.547 0.0000000000
66360  3.133  -25.703  38.432 0.0000000000
66371  3.166  -25.627  38.203 0.0000000000
67384  5.865  -25.114  54.115 0.0000000000
67496  3.608  -24.855  46.880 0.0000000000
68561  5.011  -24.260  54.021 0.0000000000
68574  4.396  -24.387  52.834 0.0000000000
68582  4.055  -24.025  52.805 0.0000000000
68646  3.366  -24.745  47.760 0.0000000000
68667  3.229  -24.387  44.765 0.0000000000
68683  3.151  -24.479  43.612 0.0000000000
68735  3.103  -24.865  38.839 0.0000000000
69659  7.650  -23.527  54.153 0.0000000000
69660  7.168  -23.557  54.222 0.0000000000
69661  6.865  -23.635  54.430 0.0000000000
69663  4.947  -23.942  54.055 0.0000000000
69676  8.022  -23.260  53.980 0.0000000000
69677  7.431  -23.502  53.959 0.0000000000
69678  6.765  -23.463  53.907 0.0000000000
69689  7.649  -23.489  53.837 0.0000000000
69690  7.274  -23.456  53.754 0.0000000000
69699  3.895  -23.670  52.504 0.0000000000
69717  3.513  -23.711  50.259 0.0000000000
69729  3.483  -23.771  49.826 0.0000000000
69772  3.006  -23.897  44.478 0.0000000000
69784  3.416  -23.803  43.316 0.0000000000
69785  3.449  -24.106  43.232 0.0000000000
69844  4.449  -24.096  39.138 0.0000000000
70780  5.807  -23.884  54.724 0.0000000000
70788  8.053  -23.529  54.528 0.0000000000
70789  7.560  -23.559  54.552 0.0000000000
70790  7.198  -23.624  54.471 0.0000000000
70791  5.291  -23.762  54.222 0.0000000000
70792  4.939  -23.767  53.879 0.0000000000
70825  7.517  -23.464  53.626 0.0000000000
70838  3.559  -23.725  51.767 0.0000000000
70849  3.616  -23.571  50.935 0.0000000000
70886  7.149  -22.563  44.960 0.0000000000
70888  3.118  -23.764  44.699 0.0000000000
70900  4.689  -23.320  44.144 0.0000000000
70901  4.455  -23.405  44.119 0.0000000000
70912  4.540  -23.384  43.902 0.0000000000
70913  3.381  -23.609  43.602 0.0000000000
70914  3.083  -23.465  43.997 0.0000000000
70942  6.199  -23.371  41.410 0.0000000000
70967  6.331  -23.397  40.159 0.0000000000
70994  4.677  -23.924  39.330 0.0000000000
71931  5.934  -23.809  54.722 0.0000000000
71949  5.644  -23.514  53.917 0.0000000000
71965  7.224  -23.428  53.439 0.0000000000
71968  4.897  -23.378  53.186 0.0000000000
71983  5.554  -23.278  52.904 0.0000000000
71998  8.191  -22.921  51.592 0.0000000000
72000  4.845  -23.305  52.409 0.0000000000
72084  5.872  -22.920  46.416 0.0000000000
72147  7.051  -22.714  43.226 0.0000000000
72206  5.987  -23.360  40.587 0.0000000000
72207  5.550  -23.431  40.321 0.0000000000
72221  5.257  -23.542  39.941 0.0000000000
73134  8.426  -22.818  52.202 0.0000000000
73138  5.142  -23.293  52.428 0.0000000000
73192  4.775  -23.311  50.697 0.0000000000
73226  6.716  -23.350  47.932 0.0000000000
73228  5.761  -23.437  48.711 0.0000000000
73252  5.412  -23.474  48.314 0.0000000000
152324  6.931  -23.456  53.704 0.0000000000
