#!ascii label  , from subject ernie vox2ras=TkReg
1117
62989  31.467  -29.216  28.561 0.0000000000
86303  41.686  -8.737  15.126 0.0000000000
74780  33.213  -19.858  22.255 0.0000000000
55955  12.164  -35.119  43.938 0.0000000000
64025  25.336  -28.491  34.637 0.0000000000
79366  34.420  -15.449  20.743 0.0000000000
60582  17.991  -31.087  38.872 0.0000000000
54839  15.756  -36.553  40.867 0.0000000000
60614  21.035  -31.507  35.783 0.0000000000
85212  45.908  -10.897  13.199 0.0000000000
66424  29.021  -26.420  33.729 0.0000000000
68831  30.595  -24.401  28.871 0.0000000000
66434  34.494  -26.459  31.889 0.0000000000
89720  43.850  -6.189  11.287 0.0000000000
88589  47.263  -7.064  9.552 0.0000000000
87408  38.398  -7.866  17.716 0.0000000000
81744  42.537  -13.530  16.824 0.0000000000
80573  37.987  -14.645  17.620 0.0000000000
74801  38.610  -19.922  20.994 0.0000000000
57225  28.993  -34.586  32.439 0.0000000000
49763  11.371  -40.666  46.099 0.0000000000
49724  8.720  -40.233  49.796 0.0000000000
50880  8.075  -38.534  54.759 0.0000000000
61897  26.421  -30.797  30.640 0.0000000000
58341  24.420  -33.329  33.492 0.0000000000
73536  29.796  -19.893  26.961 0.0000000000
71150  36.061  -23.082  26.607 0.0000000000
94852  48.125  -1.306  6.494 0.0000000000
85214  43.668  -10.144  13.572 0.0000000000
85181  43.878  -10.598  16.243 0.0000000000
65220  30.911  -27.498  30.128 0.0000000000
67642  31.472  -25.813  30.515 0.0000000000
65219  33.645  -27.911  29.540 0.0000000000
89700  41.810  -5.694  15.057 0.0000000000
90772  43.748  -5.227  14.106 0.0000000000
87423  42.552  -7.986  13.199 0.0000000000
87428  44.573  -8.743  11.927 0.0000000000
47266  7.069  -42.861  54.590 0.0000000000
85169  37.573  -10.398  17.704 0.0000000000
83957  36.532  -11.939  18.919 0.0000000000
77152  33.822  -17.301  20.823 0.0000000000
77150  35.733  -17.766  19.833 0.0000000000
73647  35.745  -20.206  20.699 0.0000000000
73602  36.216  -21.290  23.577 0.0000000000
55974  13.575  -35.262  42.020 0.0000000000
53595  15.963  -37.868  42.994 0.0000000000
52290  12.851  -38.355  43.226 0.0000000000
51019  12.747  -40.125  45.492 0.0000000000
52271  11.325  -38.594  44.704 0.0000000000
52186  9.455  -37.901  49.355 0.0000000000
50916  8.284  -39.118  52.394 0.0000000000
61839  25.068  -30.041  32.448 0.0000000000
59556  25.215  -32.471  31.324 0.0000000000
61840  23.441  -30.055  32.980 0.0000000000
59406  20.642  -33.182  37.385 0.0000000000
59403  22.925  -33.099  37.825 0.0000000000
69952  33.735  -24.044  30.757 0.0000000000
68858  33.394  -24.788  27.431 0.0000000000
82776  35.992  -12.329  21.245 0.0000000000
79322  33.231  -14.498  22.968 0.0000000000
77120  31.699  -16.986  22.628 0.0000000000
57124  18.354  -33.961  38.088 0.0000000000
56017  18.243  -35.638  40.102 0.0000000000
57103  16.636  -33.907  39.111 0.0000000000
57046  14.945  -34.015  40.962 0.0000000000
57009  14.116  -33.300  43.856 0.0000000000
62878  21.769  -28.663  35.017 0.0000000000
62855  21.067  -28.317  37.661 0.0000000000
60616  19.431  -30.937  36.671 0.0000000000
69888  28.298  -23.156  34.228 0.0000000000
72334  28.905  -22.251  30.110 0.0000000000
68808  28.005  -24.395  31.094 0.0000000000
69932  32.279  -24.536  31.462 0.0000000000
92834  46.375  -3.648  8.705 0.0000000000
89727  45.267  -6.416  10.009 0.0000000000
86343  46.699  -9.061  11.629 0.0000000000
87411  40.272  -7.953  15.873 0.0000000000
85165  42.156  -10.757  16.390 0.0000000000
85167  39.837  -10.526  16.326 0.0000000000
80589  39.795  -14.308  17.016 0.0000000000
78253  39.911  -17.130  18.737 0.0000000000
80552  35.456  -14.508  19.398 0.0000000000
78242  38.273  -17.715  19.207 0.0000000000
59575  30.038  -32.297  30.269 0.0000000000
60697  32.717  -31.512  31.305 0.0000000000
90732  41.181  -5.227  17.011 0.0000000000
54760  11.193  -36.153  46.124 0.0000000000
53545  10.406  -37.718  46.774 0.0000000000
49747  9.369  -40.549  48.091 0.0000000000
47312  8.867  -42.346  49.481 0.0000000000
47302  8.384  -42.376  51.040 0.0000000000
48443  7.761  -41.558  53.431 0.0000000000
49662  7.501  -40.967  55.071 0.0000000000
49643  6.224  -40.247  55.727 0.0000000000
61930  28.551  -30.275  28.767 0.0000000000
59577  27.943  -32.585  30.119 0.0000000000
57227  26.912  -34.572  32.753 0.0000000000
60625  23.031  -31.834  35.085 0.0000000000
73592  31.205  -20.333  23.974 0.0000000000
71151  30.857  -22.763  27.097 0.0000000000
72386  32.537  -22.359  25.387 0.0000000000
73571  34.527  -21.549  24.530 0.0000000000
61851  35.287  -30.070  32.767 0.0000000000
92866  49.365  -2.771  4.704 0.0000000000
91813  47.515  -4.508  7.628 0.0000000000
90819  49.105  -5.207  6.828 0.0000000000
86302  42.351  -9.328  14.892 0.0000000000
85193  43.740  -10.662  15.297 0.0000000000
86297  42.559  -9.925  15.601 0.0000000000
65233  31.198  -27.572  29.312 0.0000000000
66478  32.438  -26.996  28.979 0.0000000000
64114  32.726  -28.761  28.717 0.0000000000
88549  41.069  -7.334  15.060 0.0000000000
88551  41.794  -7.172  14.062 0.0000000000
87417  42.101  -8.136  13.790 0.0000000000
86318  42.684  -8.531  13.426 0.0000000000
47247  7.046  -42.223  55.266 0.0000000000
85143  37.071  -10.302  18.903 0.0000000000
83938  36.993  -10.683  20.252 0.0000000000
74806  33.254  -19.105  21.376 0.0000000000
74827  34.602  -19.229  20.553 0.0000000000
73637  34.427  -20.390  21.488 0.0000000000
73618  35.817  -21.146  22.367 0.0000000000
73604  34.394  -20.637  23.012 0.0000000000
54819  13.088  -35.946  42.692 0.0000000000
53615  12.998  -37.081  42.474 0.0000000000
53598  12.478  -37.358  42.909 0.0000000000
52270  12.161  -38.579  43.882 0.0000000000
53578  11.382  -37.418  44.424 0.0000000000
62893  24.911  -29.018  33.406 0.0000000000
62928  24.103  -29.629  32.524 0.0000000000
64061  23.789  -28.636  33.384 0.0000000000
57099  20.771  -34.547  39.214 0.0000000000
72331  31.218  -20.906  31.025 0.0000000000
69976  35.109  -24.420  29.716 0.0000000000
78219  31.888  -15.713  22.726 0.0000000000
79307  31.668  -15.348  24.188 0.0000000000
58235  18.137  -33.113  37.613 0.0000000000
57102  17.416  -34.224  38.628 0.0000000000
58208  16.905  -33.201  38.678 0.0000000000
58163  16.242  -32.819  41.763 0.0000000000
58147  15.973  -32.917  42.610 0.0000000000
58149  14.551  -33.439  42.424 0.0000000000
64001  22.914  -27.308  37.436 0.0000000000
61761  19.078  -29.859  39.096 0.0000000000
61775  19.304  -30.222  37.661 0.0000000000
60600  18.343  -31.501  37.993 0.0000000000
58261  18.897  -32.979  37.064 0.0000000000
69902  27.625  -23.158  33.053 0.0000000000
68799  28.281  -25.326  32.061 0.0000000000
66448  33.353  -26.070  30.923 0.0000000000
68805  31.474  -24.943  31.380 0.0000000000
67622  33.755  -25.468  32.103 0.0000000000
68797  33.833  -24.952  32.733 0.0000000000
66421  34.771  -26.189  32.520 0.0000000000
90777  43.658  -5.460  13.204 0.0000000000
90782  45.037  -5.390  9.910 0.0000000000
89728  44.405  -6.785  10.623 0.0000000000
86328  45.168  -9.407  12.217 0.0000000000
86344  45.924  -8.986  11.724 0.0000000000
85226  46.649  -10.235  12.584 0.0000000000
87407  39.062  -8.135  16.977 0.0000000000
86292  39.397  -9.407  16.714 0.0000000000
82843  37.506  -12.665  17.633 0.0000000000
81748  38.488  -13.165  17.225 0.0000000000
80590  38.772  -14.065  17.190 0.0000000000
79393  39.810  -16.208  17.982 0.0000000000
79394  38.590  -15.764  17.947 0.0000000000
81690  34.624  -13.668  20.999 0.0000000000
82811  35.691  -12.920  20.137 0.0000000000
80536  34.880  -14.437  20.095 0.0000000000
75964  37.228  -18.949  19.933 0.0000000000
78243  37.223  -17.559  19.065 0.0000000000
77148  37.768  -18.263  19.605 0.0000000000
77146  39.828  -18.053  20.286 0.0000000000
58377  29.712  -33.022  31.663 0.0000000000
59534  31.031  -32.550  32.008 0.0000000000
89657  39.445  -6.496  19.226 0.0000000000
89671  39.898  -5.793  17.955 0.0000000000
89686  40.060  -6.013  16.955 0.0000000000
55996  16.452  -35.960  40.331 0.0000000000
54816  16.399  -36.944  41.778 0.0000000000
49779  11.901  -40.404  45.637 0.0000000000
49762  12.476  -40.803  46.301 0.0000000000
48528  11.920  -41.377  46.702 0.0000000000
48529  11.179  -41.413  46.717 0.0000000000
54748  11.352  -35.966  47.213 0.0000000000
53544  10.771  -36.939  46.484 0.0000000000
53522  10.552  -36.466  48.359 0.0000000000
52187  9.099  -38.460  49.797 0.0000000000
52214  9.232  -38.966  48.322 0.0000000000
49733  9.207  -40.449  48.967 0.0000000000
48495  9.320  -41.360  48.434 0.0000000000
48480  8.942  -41.344  49.307 0.0000000000
47313  8.499  -42.341  50.208 0.0000000000
48471  8.399  -41.320  50.803 0.0000000000
50905  8.251  -38.993  53.313 0.0000000000
49685  7.725  -40.646  53.064 0.0000000000
49672  7.783  -40.520  53.971 0.0000000000
49661  7.662  -40.704  54.640 0.0000000000
50881  7.699  -39.585  54.622 0.0000000000
61877  28.360  -30.638  31.238 0.0000000000
62955  29.326  -29.577  30.388 0.0000000000
61913  27.769  -30.468  29.376 0.0000000000
60729  28.039  -31.072  29.120 0.0000000000
59600  26.832  -31.859  30.095 0.0000000000
58362  25.088  -33.444  32.492 0.0000000000
58361  26.320  -33.931  32.068 0.0000000000
57229  25.397  -33.961  33.202 0.0000000000
61804  21.116  -29.252  35.494 0.0000000000
60644  22.494  -30.361  34.469 0.0000000000
61789  21.570  -30.995  35.396 0.0000000000
59402  23.373  -33.407  37.490 0.0000000000
82838  42.047  -12.552  16.750 0.0000000000
83980  42.646  -11.602  16.891 0.0000000000
81743  43.539  -13.542  17.144 0.0000000000
75876  29.796  -18.438  26.189 0.0000000000
77096  30.372  -18.228  24.864 0.0000000000
73575  30.374  -20.161  25.251 0.0000000000
69982  28.859  -23.877  29.117 0.0000000000
71129  29.808  -22.224  28.551 0.0000000000
69999  30.439  -24.117  28.082 0.0000000000
70012  35.279  -24.288  26.917 0.0000000000
70024  32.519  -23.692  26.319 0.0000000000
71168  34.176  -23.241  25.644 0.0000000000
72392  33.173  -21.888  24.920 0.0000000000
72384  34.937  -22.357  25.474 0.0000000000
74702  35.575  -20.984  25.270 0.0000000000
60678  33.783  -31.107  32.114 0.0000000000
93874  48.828  -2.356  5.183 0.0000000000
90786  46.653  -5.510  8.951 0.0000000000
92844  46.572  -4.054  8.219 0.0000000000
90785  47.230  -5.649  8.671 0.0000000000
89759  49.302  -6.039  7.626 0.0000000000
89758  50.280  -6.085  7.332 0.0000000000
60566  18.441  -31.198  40.029 0.0000000000
59389  17.072  -32.331  39.749 0.0000000000
85213  44.524  -10.939  13.665 0.0000000000
82891  45.839  -12.460  14.665 0.0000000000
84037  44.703  -11.569  14.383 0.0000000000
66436  29.892  -27.081  32.591 0.0000000000
67634  29.337  -26.205  31.778 0.0000000000
66465  30.501  -26.511  30.686 0.0000000000
66463  32.259  -26.172  30.011 0.0000000000
66461  34.163  -27.326  30.504 0.0000000000
90760  43.773  -5.094  14.871 0.0000000000
90773  42.888  -5.618  14.175 0.0000000000
89718  42.586  -6.803  13.005 0.0000000000
88556  42.990  -7.291  12.472 0.0000000000
88563  43.890  -7.386  11.242 0.0000000000
87430  43.356  -8.206  12.451 0.0000000000
86316  44.328  -9.831  12.994 0.0000000000
46127  7.539  -43.048  53.758 0.0000000000
88509  38.388  -7.570  19.222 0.0000000000
86293  38.201  -9.094  17.676 0.0000000000
86283  37.560  -9.577  18.330 0.0000000000
83956  37.009  -11.330  18.372 0.0000000000
81732  36.694  -13.410  18.338 0.0000000000
78247  33.965  -16.463  20.953 0.0000000000
78246  34.442  -16.373  20.453 0.0000000000
77151  34.746  -17.485  20.166 0.0000000000
74826  35.530  -19.476  20.422 0.0000000000
74802  37.404  -20.276  20.940 0.0000000000
73635  36.719  -20.877  21.563 0.0000000000
73601  37.214  -21.626  23.185 0.0000000000
56112  29.065  -35.689  33.267 0.0000000000
54840  14.582  -36.205  40.986 0.0000000000
54817  15.343  -36.993  41.735 0.0000000000
53613  14.943  -37.516  42.276 0.0000000000
53596  14.642  -38.333  43.005 0.0000000000
52245  14.067  -39.373  44.453 0.0000000000
51038  12.087  -39.414  44.657 0.0000000000
51021  10.794  -39.357  45.723 0.0000000000
53512  10.502  -36.265  49.428 0.0000000000
52166  9.371  -37.402  51.030 0.0000000000
52167  8.852  -38.086  51.280 0.0000000000
49706  8.320  -39.867  51.733 0.0000000000
52156  8.706  -38.057  52.221 0.0000000000
52146  8.705  -38.098  53.098 0.0000000000
52132  8.703  -37.891  54.463 0.0000000000
61880  25.583  -30.672  31.080 0.0000000000
60716  25.487  -31.244  30.744 0.0000000000
60700  24.816  -31.002  31.027 0.0000000000
60685  24.215  -30.966  31.674 0.0000000000
59517  23.509  -31.824  33.324 0.0000000000
59429  20.514  -32.632  36.703 0.0000000000
60596  21.857  -32.473  36.519 0.0000000000
59404  22.133  -33.000  37.749 0.0000000000
80569  42.407  -15.036  17.764 0.0000000000
73513  30.804  -20.328  28.572 0.0000000000
69979  31.901  -24.200  29.829 0.0000000000
68846  31.849  -24.506  28.210 0.0000000000
68827  33.838  -24.483  29.052 0.0000000000
69997  35.198  -24.450  28.840 0.0000000000
94845  47.862  -0.976  7.374 0.0000000000
47241  5.751  -41.720  55.753 0.0000000000
81688  36.094  -12.544  22.069 0.0000000000
80526  34.581  -13.929  21.643 0.0000000000
79353  33.742  -15.143  21.799 0.0000000000
78230  33.417  -16.169  21.480 0.0000000000
75952  32.609  -17.852  21.582 0.0000000000
74781  32.482  -19.050  22.239 0.0000000000
57100  19.724  -34.805  39.054 0.0000000000
56016  19.254  -35.725  40.423 0.0000000000
57072  18.991  -35.229  39.632 0.0000000000
56018  17.185  -35.395  39.957 0.0000000000
56019  16.230  -35.011  40.008 0.0000000000
59390  16.698  -32.661  40.447 0.0000000000
57076  15.694  -33.803  40.562 0.0000000000
55997  15.242  -35.379  40.403 0.0000000000
55998  14.149  -34.916  41.198 0.0000000000
55975  13.353  -34.553  43.001 0.0000000000
55954  12.629  -34.693  43.728 0.0000000000
64045  23.450  -28.164  34.177 0.0000000000
64014  23.180  -27.433  36.420 0.0000000000
64029  21.472  -28.166  36.001 0.0000000000
62868  20.742  -28.841  36.386 0.0000000000
62856  20.318  -29.060  38.051 0.0000000000
61791  20.038  -29.949  36.933 0.0000000000
60615  20.238  -31.168  36.170 0.0000000000
58260  19.743  -33.232  36.973 0.0000000000
58234  19.127  -33.625  37.555 0.0000000000
71054  29.306  -21.863  32.980 0.0000000000
72319  29.366  -21.466  30.969 0.0000000000
71055  28.220  -22.170  32.288 0.0000000000
69935  27.874  -23.448  30.566 0.0000000000
69956  28.906  -24.344  29.799 0.0000000000
68806  30.207  -25.093  30.967 0.0000000000
69934  30.152  -24.766  30.851 0.0000000000
69954  31.367  -24.258  30.617 0.0000000000
69931  33.459  -24.184  31.634 0.0000000000
69915  34.436  -24.640  32.496 0.0000000000
92822  45.796  -3.691  9.709 0.0000000000
90787  45.790  -5.632  9.529 0.0000000000
89726  45.922  -6.594  9.848 0.0000000000
88562  44.545  -7.869  11.030 0.0000000000
87459  45.827  -8.026  10.691 0.0000000000
87410  41.088  -8.224  15.501 0.0000000000
86298  41.568  -9.382  15.660 0.0000000000
86291  40.535  -9.687  16.072 0.0000000000
85166  40.998  -10.727  16.146 0.0000000000
82839  40.946  -12.528  16.557 0.0000000000
85168  38.678  -10.359  16.907 0.0000000000
82840  39.881  -12.435  16.773 0.0000000000
80588  40.886  -14.332  17.185 0.0000000000
80570  41.454  -15.154  17.743 0.0000000000
79375  41.392  -16.946  18.397 0.0000000000
82792  36.025  -12.232  20.417 0.0000000000
81718  36.147  -13.686  18.945 0.0000000000
80574  36.894  -14.518  18.361 0.0000000000
78257  35.847  -16.387  18.965 0.0000000000
78256  36.679  -16.674  18.708 0.0000000000
79395  37.594  -15.479  18.160 0.0000000000
78254  38.710  -17.157  18.745 0.0000000000
61910  30.540  -30.770  28.945 0.0000000000
61893  32.096  -30.739  29.956 0.0000000000
60712  31.487  -31.449  30.269 0.0000000000
58355  32.224  -32.714  32.693 0.0000000000
90747  41.460  -5.288  15.875 0.0000000000
88542  40.654  -7.164  15.652 0.0000000000
55934  12.329  -34.953  44.830 0.0000000000
55914  12.563  -34.776  46.311 0.0000000000
54759  11.706  -35.496  45.600 0.0000000000
53556  10.847  -37.404  45.386 0.0000000000
53557  10.450  -37.841  45.995 0.0000000000
51005  10.520  -39.707  46.257 0.0000000000
53523  9.830  -37.357  48.685 0.0000000000
52213  9.587  -38.531  47.765 0.0000000000
49746  9.828  -40.631  47.330 0.0000000000
48512  9.681  -41.416  47.755 0.0000000000
46176  10.063  -43.048  48.928 0.0000000000
47292  8.080  -42.477  51.880 0.0000000000
49707  8.238  -40.626  51.505 0.0000000000
48453  7.895  -41.567  52.502 0.0000000000
47283  7.961  -42.508  52.821 0.0000000000
47274  7.737  -42.426  53.666 0.0000000000
48419  7.660  -41.730  54.915 0.0000000000
48407  6.889  -41.391  55.551 0.0000000000
50875  7.181  -39.645  55.369 0.0000000000
49646  7.018  -40.040  55.517 0.0000000000
48403  6.455  -41.218  55.720 0.0000000000
64102  30.210  -28.698  29.309 0.0000000000
64089  29.645  -29.118  29.918 0.0000000000
61928  29.985  -30.110  28.647 0.0000000000
60728  29.066  -31.231  29.121 0.0000000000
59576  28.945  -32.561  30.370 0.0000000000
58378  28.872  -33.156  31.319 0.0000000000
58396  26.562  -32.905  30.789 0.0000000000
58380  26.898  -33.506  31.291 0.0000000000
57226  27.982  -34.682  32.564 0.0000000000
62894  23.142  -29.121  33.606 0.0000000000
60643  23.070  -31.171  34.222 0.0000000000
59499  23.533  -32.143  34.265 0.0000000000
59452  22.728  -32.781  36.245 0.0000000000
59451  23.413  -33.068  35.985 0.0000000000
58296  24.576  -33.840  35.362 0.0000000000
85182  42.898  -10.414  16.153 0.0000000000
78189  31.182  -16.260  24.494 0.0000000000
75918  31.455  -18.117  23.107 0.0000000000
73606  32.543  -20.291  23.301 0.0000000000
72350  30.141  -21.554  29.358 0.0000000000
72364  30.385  -21.579  28.405 0.0000000000
72376  30.617  -21.463  27.639 0.0000000000
68870  31.536  -23.869  27.047 0.0000000000
71171  31.462  -22.750  26.500 0.0000000000
73555  30.715  -20.835  25.732 0.0000000000
73573  31.926  -21.047  24.526 0.0000000000
73591  32.347  -20.766  23.846 0.0000000000
73589  34.110  -20.855  23.644 0.0000000000
74742  34.804  -21.239  24.171 0.0000000000
61891  33.538  -30.221  30.652 0.0000000000
62939  34.600  -29.302  31.472 0.0000000000
64065  35.156  -28.521  31.862 0.0000000000
62909  35.906  -29.454  33.173 0.0000000000
65188  35.883  -27.552  32.672 0.0000000000
93880  49.717  -2.269  4.203 0.0000000000
93864  47.168  -2.571  7.860 0.0000000000
92852  47.544  -3.343  7.244 0.0000000000
90792  48.401  -5.720  7.855 0.0000000000
91812  48.230  -4.764  7.229 0.0000000000
92859  48.532  -3.314  5.884 0.0000000000
91845  49.151  -4.100  5.792 0.0000000000
91843  50.449  -4.686  5.227 0.0000000000
64116  31.334  -28.427  28.672 0.0000000000
64115  32.123  -28.642  28.531 0.0000000000
87415  41.476  -8.064  14.894 0.0000000000
87418  41.683  -7.919  14.364 0.0000000000
87414  41.932  -8.570  14.509 0.0000000000
86309  42.457  -9.006  13.925 0.0000000000
73638  33.718  -19.979  21.624 0.0000000000
73619  34.837  -20.799  22.232 0.0000000000
73620  33.940  -20.424  22.219 0.0000000000
54796  12.726  -35.545  43.290 0.0000000000
54820  12.665  -36.587  42.808 0.0000000000
54797  12.267  -35.925  43.452 0.0000000000
53577  11.889  -37.241  43.628 0.0000000000
54777  11.564  -36.150  44.375 0.0000000000
64043  25.211  -28.873  33.845 0.0000000000
64060  24.159  -28.817  33.080 0.0000000000
64044  24.506  -28.483  33.691 0.0000000000
57098  21.367  -34.384  39.376 0.0000000000
59407  17.838  -32.111  38.220 0.0000000000
58236  17.488  -32.870  38.191 0.0000000000
59408  17.278  -32.391  38.748 0.0000000000
60581  18.620  -30.677  38.386 0.0000000000
67625  28.025  -25.324  33.164 0.0000000000
67624  28.451  -25.848  32.583 0.0000000000
67630  33.330  -25.670  31.496 0.0000000000
66435  33.754  -25.878  31.599 0.0000000000
67621  34.437  -25.983  32.347 0.0000000000
90780  43.476  -5.633  12.164 0.0000000000
90779  44.088  -5.105  11.702 0.0000000000
90783  44.485  -5.578  10.660 0.0000000000
86315  45.137  -10.254  12.908 0.0000000000
85227  45.835  -10.059  12.628 0.0000000000
85211  47.101  -10.977  12.925 0.0000000000
44991  7.915  -44.550  52.647 0.0000000000
88533  38.840  -7.059  17.667 0.0000000000
81731  37.339  -13.521  17.741 0.0000000000
80591  38.045  -13.718  17.368 0.0000000000
80572  39.193  -15.070  17.501 0.0000000000
80537  34.526  -14.390  20.739 0.0000000000
74824  37.742  -19.540  20.472 0.0000000000
75963  38.144  -18.867  20.197 0.0000000000
58358  29.380  -33.718  32.044 0.0000000000
58357  30.426  -33.380  32.300 0.0000000000
57224  29.787  -34.244  32.601 0.0000000000
88519  38.795  -6.805  18.694 0.0000000000
89672  39.299  -6.312  18.313 0.0000000000
88544  39.309  -6.952  16.781 0.0000000000
54838  16.940  -36.589  41.092 0.0000000000
54736  11.361  -35.806  48.166 0.0000000000
50942  8.589  -39.029  50.399 0.0000000000
50958  9.034  -39.443  49.419 0.0000000000
48470  8.455  -40.952  50.081 0.0000000000
49716  8.287  -40.222  50.857 0.0000000000
50890  8.142  -39.191  54.110 0.0000000000
49671  7.861  -39.807  53.491 0.0000000000
50891  7.741  -40.014  54.316 0.0000000000
61878  27.395  -30.652  31.095 0.0000000000
61895  28.315  -30.219  30.533 0.0000000000
61896  27.356  -30.404  30.174 0.0000000000
60730  27.118  -31.154  29.818 0.0000000000
60714  26.803  -30.870  30.244 0.0000000000
58363  24.323  -32.975  32.859 0.0000000000
58340  24.979  -33.897  33.584 0.0000000000
57211  25.543  -34.412  33.719 0.0000000000
58317  25.123  -34.274  34.276 0.0000000000
61790  20.769  -30.230  35.751 0.0000000000
74684  29.828  -19.344  27.713 0.0000000000
75858  30.203  -18.269  27.365 0.0000000000
74703  29.694  -19.228  26.695 0.0000000000
74726  29.824  -19.390  25.639 0.0000000000
73556  30.016  -20.096  26.209 0.0000000000
69981  29.751  -24.363  29.100 0.0000000000
70000  29.897  -23.869  28.328 0.0000000000
68848  30.302  -24.258  28.518 0.0000000000
70021  35.470  -23.749  26.562 0.0000000000
70022  34.610  -24.104  26.290 0.0000000000
71167  35.179  -23.121  26.094 0.0000000000
72383  35.763  -22.183  26.225 0.0000000000
94859  48.618  -1.241  5.629 0.0000000000
93875  48.289  -2.162  5.887 0.0000000000
89735  47.479  -6.244  8.972 0.0000000000
60552  19.010  -30.601  41.038 0.0000000000
60553  18.498  -31.072  40.742 0.0000000000
60540  19.067  -30.489  41.947 0.0000000000
61748  19.374  -30.079  40.342 0.0000000000
85200  43.637  -10.539  14.363 0.0000000000
85192  44.505  -11.236  15.612 0.0000000000
66450  30.614  -26.874  30.794 0.0000000000
66451  30.238  -26.751  31.461 0.0000000000
66477  33.120  -27.480  29.182 0.0000000000
66462  33.598  -26.874  29.830 0.0000000000
65218  34.159  -27.813  30.248 0.0000000000
90761  42.799  -5.391  14.928 0.0000000000
89711  42.105  -6.132  14.369 0.0000000000
88554  42.276  -7.367  13.412 0.0000000000
89715  42.366  -6.498  13.700 0.0000000000
88557  42.634  -7.480  12.955 0.0000000000
87431  42.885  -7.885  12.795 0.0000000000
86308  43.013  -9.773  14.124 0.0000000000
86317  43.364  -9.091  13.171 0.0000000000
46128  7.186  -43.460  54.142 0.0000000000
87396  38.371  -8.036  19.502 0.0000000000
86282  37.860  -8.771  18.899 0.0000000000
86278  37.540  -9.471  19.274 0.0000000000
85144  36.816  -11.139  19.158 0.0000000000
82821  36.908  -12.491  18.109 0.0000000000
74804  34.922  -20.064  20.809 0.0000000000
74825  36.617  -19.833  20.466 0.0000000000
73646  36.255  -20.483  20.925 0.0000000000
74803  36.743  -20.420  20.926 0.0000000000
73617  36.666  -21.388  22.555 0.0000000000
73588  36.434  -21.079  24.394 0.0000000000
88508  39.073  -7.221  19.635 0.0000000000
54818  14.082  -36.578  41.776 0.0000000000
53597  13.376  -37.965  42.702 0.0000000000
52289  13.735  -38.618  43.290 0.0000000000
52268  14.414  -38.927  43.930 0.0000000000
52269  13.421  -39.011  43.959 0.0000000000
51020  11.435  -39.680  45.240 0.0000000000
52246  10.789  -38.622  45.462 0.0000000000
52176  9.080  -38.115  50.536 0.0000000000
50927  8.338  -39.035  51.496 0.0000000000
52137  8.768  -38.125  53.821 0.0000000000
61838  25.521  -30.291  32.823 0.0000000000
61859  26.452  -30.985  32.095 0.0000000000
61860  25.586  -30.473  31.882 0.0000000000
61881  25.059  -30.680  31.154 0.0000000000
61861  24.755  -30.330  31.817 0.0000000000
61862  23.941  -30.025  32.194 0.0000000000
60686  23.700  -30.942  32.437 0.0000000000
59537  23.630  -31.512  32.785 0.0000000000
59428  21.596  -32.716  37.004 0.0000000000
59405  21.229  -33.139  37.749 0.0000000000
69978  32.994  -24.229  29.847 0.0000000000
69977  34.069  -24.352  29.603 0.0000000000
69975  36.087  -24.418  29.454 0.0000000000
48401  5.497  -41.011  55.777 0.0000000000
80525  35.130  -13.491  22.119 0.0000000000
79338  33.302  -15.127  22.158 0.0000000000
77119  32.185  -17.016  21.965 0.0000000000
75933  32.183  -17.877  22.050 0.0000000000
75934  31.801  -17.889  22.603 0.0000000000
57123  19.399  -34.216  38.300 0.0000000000
57101  18.607  -34.679  38.761 0.0000000000
57073  17.864  -34.983  39.401 0.0000000000
57074  16.875  -34.600  39.454 0.0000000000
59373  17.262  -32.176  41.076 0.0000000000
58184  15.589  -33.323  41.062 0.0000000000
58183  16.194  -33.170  40.640 0.0000000000
56020  15.638  -34.468  40.325 0.0000000000
57047  14.290  -34.006  41.543 0.0000000000
57026  13.981  -33.766  42.488 0.0000000000
57027  13.645  -33.817  43.280 0.0000000000
57010  13.342  -33.750  43.827 0.0000000000
64013  24.325  -27.579  36.176 0.0000000000
64002  21.999  -27.639  37.603 0.0000000000
64015  22.149  -27.619  36.666 0.0000000000
64016  21.424  -28.056  36.962 0.0000000000
61774  19.787  -29.639  37.772 0.0000000000
61792  19.522  -30.347  37.002 0.0000000000
59454  19.907  -31.778  36.379 0.0000000000
59430  19.278  -32.224  36.629 0.0000000000
71039  28.521  -22.421  33.465 0.0000000000
69918  27.664  -23.367  31.739 0.0000000000
68817  28.263  -24.172  30.299 0.0000000000
68816  28.849  -24.733  30.545 0.0000000000
67633  29.808  -25.860  30.838 0.0000000000
67632  30.925  -25.436  30.895 0.0000000000
69933  30.878  -24.599  31.063 0.0000000000
69953  32.588  -24.116  30.764 0.0000000000
68790  34.435  -25.219  32.897 0.0000000000
68796  34.496  -24.954  32.955 0.0000000000
93836  45.772  -3.099  10.517 0.0000000000
92817  45.526  -3.588  10.660 0.0000000000
89737  45.858  -6.275  9.728 0.0000000000
87443  44.303  -8.215  11.523 0.0000000000
87441  46.226  -8.563  11.169 0.0000000000
87458  46.603  -8.068  10.574 0.0000000000
86299  40.660  -8.816  15.842 0.0000000000
83982  40.398  -11.563  16.361 0.0000000000
83984  38.262  -11.454  17.142 0.0000000000
81747  39.354  -13.300  16.990 0.0000000000
82841  38.899  -12.362  17.082 0.0000000000
81746  40.370  -13.422  16.800 0.0000000000
80571  40.363  -15.234  17.582 0.0000000000
79392  41.105  -16.270  18.217 0.0000000000
78266  40.651  -16.872  18.310 0.0000000000
83920  36.367  -11.497  20.978 0.0000000000
81719  35.631  -13.435  19.653 0.0000000000
80551  36.179  -14.540  18.844 0.0000000000
78245  35.298  -16.608  19.696 0.0000000000
78255  37.685  -16.993  18.661 0.0000000000
79378  37.209  -16.067  18.487 0.0000000000
79377  38.118  -16.370  18.375 0.0000000000
60713  30.696  -31.807  29.976 0.0000000000
60726  30.867  -31.258  29.557 0.0000000000
59574  30.843  -32.117  30.578 0.0000000000
58356  31.416  -33.010  32.540 0.0000000000
59533  31.792  -32.370  32.060 0.0000000000
90731  42.414  -4.888  16.703 0.0000000000
88543  40.079  -6.976  16.223 0.0000000000
89685  40.695  -6.118  16.140 0.0000000000
55993  19.430  -36.114  41.125 0.0000000000
55994  18.584  -36.201  40.771 0.0000000000
53612  15.594  -37.462  42.295 0.0000000000
51003  13.078  -40.442  46.275 0.0000000000
55933  13.275  -33.941  45.129 0.0000000000
54747  12.143  -35.156  46.997 0.0000000000
55897  12.661  -34.680  47.015 0.0000000000
54778  11.172  -36.460  45.123 0.0000000000
52247  10.449  -38.665  46.172 0.0000000000
52229  10.162  -38.638  46.915 0.0000000000
53513  9.970  -37.012  49.834 0.0000000000
50974  9.277  -39.659  48.608 0.0000000000
50990  9.440  -39.666  47.792 0.0000000000
50989  9.971  -39.647  47.053 0.0000000000
47328  9.516  -42.308  48.675 0.0000000000
46158  8.535  -43.193  50.430 0.0000000000
46149  8.347  -43.386  51.226 0.0000000000
49695  8.271  -40.037  52.081 0.0000000000
48420  7.300  -41.542  55.230 0.0000000000
50874  7.554  -38.938  55.131 0.0000000000
50868  7.525  -38.474  55.466 0.0000000000
49647  6.710  -40.273  55.652 0.0000000000
48408  6.779  -40.888  55.705 0.0000000000
64087  30.769  -28.261  29.851 0.0000000000
62956  28.398  -29.752  29.742 0.0000000000
62971  29.392  -29.124  29.322 0.0000000000
62991  29.278  -29.632  28.679 0.0000000000
61911  29.772  -30.837  28.871 0.0000000000
60746  28.604  -30.725  28.842 0.0000000000
59599  27.571  -31.865  29.808 0.0000000000
59598  28.483  -31.891  29.688 0.0000000000
58394  28.204  -32.910  30.776 0.0000000000
59580  25.169  -31.759  30.853 0.0000000000
59579  26.057  -32.188  30.527 0.0000000000
59555  25.823  -32.669  31.024 0.0000000000
58360  27.404  -34.072  31.932 0.0000000000
57209  27.518  -35.354  33.544 0.0000000000
64046  22.663  -28.112  34.847 0.0000000000
62895  22.627  -28.652  34.337 0.0000000000
60626  22.379  -31.034  35.060 0.0000000000
59477  23.590  -32.533  35.133 0.0000000000
59427  22.332  -32.810  36.886 0.0000000000
59426  23.058  -33.134  36.925 0.0000000000
58258  24.227  -33.980  36.617 0.0000000000
59425  23.640  -33.517  36.793 0.0000000000
59450  24.113  -33.578  36.014 0.0000000000
59476  24.067  -33.249  35.227 0.0000000000
86290  41.482  -10.161  16.010 0.0000000000
85183  42.128  -10.158  15.951 0.0000000000
79289  31.518  -15.462  25.118 0.0000000000
78172  30.963  -16.239  25.523 0.0000000000
74745  30.369  -19.489  24.580 0.0000000000
75906  30.699  -18.523  24.000 0.0000000000
74744  30.902  -19.520  23.856 0.0000000000
74763  31.674  -19.466  23.166 0.0000000000
73607  31.882  -20.294  23.497 0.0000000000
72320  28.719  -21.996  30.540 0.0000000000
72332  30.252  -21.295  30.480 0.0000000000
72333  29.425  -21.945  30.020 0.0000000000
71152  29.948  -22.916  27.832 0.0000000000
72377  30.288  -22.163  27.811 0.0000000000
68845  32.892  -24.596  28.258 0.0000000000
68860  31.339  -24.236  27.500 0.0000000000
68859  32.363  -24.554  27.461 0.0000000000
71169  33.045  -23.171  25.620 0.0000000000
71170  32.060  -22.891  26.084 0.0000000000
72387  31.151  -22.000  26.029 0.0000000000
72394  31.431  -21.243  25.232 0.0000000000
72393  32.267  -21.661  25.051 0.0000000000
73572  33.457  -21.382  24.432 0.0000000000
73590  33.316  -20.781  23.732 0.0000000000
74743  34.032  -21.156  24.078 0.0000000000
74725  34.445  -21.421  24.331 0.0000000000
74723  36.044  -20.579  25.217 0.0000000000
60711  32.404  -31.193  30.551 0.0000000000
61892  32.831  -30.597  30.104 0.0000000000
60710  33.046  -30.988  30.745 0.0000000000
61853  34.279  -30.564  32.044 0.0000000000
61890  34.104  -29.872  31.233 0.0000000000
62923  34.813  -29.769  31.881 0.0000000000
62938  34.960  -28.942  31.730 0.0000000000
62922  35.231  -29.381  32.155 0.0000000000
64056  36.349  -28.469  33.088 0.0000000000
65174  36.289  -27.115  33.158 0.0000000000
93881  49.252  -2.029  4.631 0.0000000000
94867  49.560  -1.445  4.420 0.0000000000
92865  49.960  -3.530  4.448 0.0000000000
93846  46.350  -3.042  9.304 0.0000000000
91814  46.871  -4.349  8.007 0.0000000000
92843  46.840  -3.561  8.019 0.0000000000
90801  49.505  -5.578  7.079 0.0000000000
90802  48.755  -5.397  7.295 0.0000000000
91829  48.721  -4.546  6.513 0.0000000000
90818  49.504  -5.209  6.523 0.0000000000
86301  43.136  -10.020  15.053 0.0000000000
86296  43.246  -10.302  15.718 0.0000000000
66479  31.479  -26.829  29.438 0.0000000000
66495  31.714  -27.198  28.893 0.0000000000
65244  32.537  -28.339  28.652 0.0000000000
64100  33.148  -28.832  28.975 0.0000000000
89712  41.432  -6.656  14.685 0.0000000000
88552  41.444  -7.449  14.615 0.0000000000
47257  7.167  -42.395  54.962 0.0000000000
85127  37.467  -10.021  20.217 0.0000000000
85128  36.995  -10.725  19.695 0.0000000000
75968  33.610  -18.370  20.879 0.0000000000
74828  33.908  -18.997  20.798 0.0000000000
74805  34.075  -19.702  21.036 0.0000000000
73636  35.493  -20.694  21.355 0.0000000000
73603  35.243  -20.957  23.156 0.0000000000
53614  13.848  -37.353  42.263 0.0000000000
52291  12.303  -37.919  43.359 0.0000000000
52145  9.329  -37.248  52.919 0.0000000000
62912  25.081  -29.814  32.891 0.0000000000
62927  24.288  -29.853  32.340 0.0000000000
62913  24.559  -29.460  32.847 0.0000000000
62914  23.837  -29.283  32.842 0.0000000000
58207  20.723  -34.163  38.604 0.0000000000
58232  21.130  -33.553  38.191 0.0000000000
58206  21.432  -33.970  38.749 0.0000000000
72349  30.980  -20.840  30.041 0.0000000000
69930  34.600  -24.126  31.678 0.0000000000
69951  34.843  -24.174  30.674 0.0000000000
69929  35.700  -24.373  31.556 0.0000000000
79339  32.592  -15.211  22.637 0.0000000000
79323  32.621  -14.796  23.286 0.0000000000
79324  31.957  -15.252  23.406 0.0000000000
78206  31.376  -16.045  23.451 0.0000000000
57125  17.629  -33.502  38.187 0.0000000000
59374  16.655  -32.529  41.308 0.0000000000
59361  16.654  -32.443  41.845 0.0000000000
58164  15.349  -33.240  41.766 0.0000000000
58165  14.575  -33.478  41.884 0.0000000000
62854  21.652  -27.965  37.830 0.0000000000
61760  19.719  -29.426  38.622 0.0000000000
60599  18.745  -31.243  37.283 0.0000000000
59431  18.378  -32.218  37.264 0.0000000000
68791  27.653  -23.962  33.612 0.0000000000
68800  27.857  -24.680  32.451 0.0000000000
67641  32.158  -25.738  30.609 0.0000000000
67631  32.410  -25.426  31.300 0.0000000000
68804  32.463  -24.924  31.811 0.0000000000
69917  32.776  -24.736  31.943 0.0000000000
68798  33.147  -24.935  32.141 0.0000000000
67615  34.116  -25.309  32.743 0.0000000000
67614  34.813  -25.767  32.775 0.0000000000
90776  44.467  -4.868  12.940 0.0000000000
91788  45.006  -4.549  10.503 0.0000000000
86327  46.232  -9.592  12.105 0.0000000000
86326  47.118  -9.683  12.003 0.0000000000
87412  39.618  -7.736  16.300 0.0000000000
87406  39.871  -8.662  16.225 0.0000000000
83985  37.500  -11.785  17.666 0.0000000000
82842  38.070  -12.420  17.363 0.0000000000
79376  38.995  -16.629  18.257 0.0000000000
82777  35.375  -12.864  20.958 0.0000000000
82793  35.604  -12.752  20.642 0.0000000000
81703  35.061  -13.539  20.444 0.0000000000
77149  36.746  -18.093  19.591 0.0000000000
78244  36.232  -17.201  19.300 0.0000000000
77147  38.819  -18.242  20.060 0.0000000000
59554  29.597  -32.704  30.997 0.0000000000
59553  30.411  -32.522  31.339 0.0000000000
90692  40.903  -6.245  19.614 0.0000000000
90708  40.740  -5.905  19.292 0.0000000000
90723  40.637  -5.556  18.539 0.0000000000
90733  40.590  -5.474  17.707 0.0000000000
55995  17.573  -36.175  40.499 0.0000000000
54837  18.016  -36.589  41.308 0.0000000000
54815  17.459  -36.923  41.990 0.0000000000
48527  12.436  -41.268  46.779 0.0000000000
48510  11.508  -42.003  47.535 0.0000000000
47340  10.711  -42.346  47.819 0.0000000000
54735  12.220  -35.267  48.086 0.0000000000
53533  10.769  -36.735  47.427 0.0000000000
53534  10.185  -37.541  47.624 0.0000000000
52199  9.219  -38.782  49.014 0.0000000000
48481  8.512  -41.673  49.917 0.0000000000
49684  7.962  -39.841  52.724 0.0000000000
48431  7.783  -41.581  54.274 0.0000000000
49651  7.457  -40.161  54.951 0.0000000000
49644  5.615  -40.070  55.726 0.0000000000
62973  28.009  -30.068  29.092 0.0000000000
60747  28.310  -30.600  28.864 0.0000000000
59578  27.061  -32.464  30.266 0.0000000000
59535  24.918  -32.811  31.935 0.0000000000
58382  25.278  -32.992  31.774 0.0000000000
57228  25.961  -34.156  32.998 0.0000000000
57210  26.381  -34.851  33.645 0.0000000000
61819  22.415  -29.471  34.338 0.0000000000
61803  21.665  -30.011  34.942 0.0000000000
58231  23.429  -33.587  38.070 0.0000000000
83981  41.540  -11.603  16.506 0.0000000000
82837  43.130  -12.545  17.089 0.0000000000
77071  30.380  -17.680  26.579 0.0000000000
77083  30.211  -17.865  25.620 0.0000000000
75894  29.997  -18.675  25.211 0.0000000000
73593  30.689  -20.219  24.623 0.0000000000
71108  28.780  -23.184  29.172 0.0000000000
71107  29.222  -22.424  29.297 0.0000000000
71130  29.441  -23.153  28.486 0.0000000000
71153  29.738  -23.133  28.114 0.0000000000
70014  30.479  -23.669  27.657 0.0000000000
68857  34.578  -24.686  27.295 0.0000000000
68868  32.842  -24.504  26.661 0.0000000000
68867  33.759  -24.602  26.627 0.0000000000
70023  33.456  -24.026  26.023 0.0000000000
72385  33.765  -22.361  25.146 0.0000000000
73554  33.772  -21.861  24.705 0.0000000000
73553  34.661  -21.651  24.888 0.0000000000
74724  35.144  -21.151  24.731 0.0000000000
73552  35.628  -21.438  25.681 0.0000000000
60679  33.154  -31.457  31.923 0.0000000000
60696  33.422  -31.032  31.337 0.0000000000
60659  34.012  -31.553  32.749 0.0000000000
60677  34.397  -30.919  32.574 0.0000000000
61833  34.900  -30.629  32.886 0.0000000000
91791  45.993  -4.649  9.055 0.0000000000
91801  46.584  -4.652  8.436 0.0000000000
91800  47.116  -4.899  8.112 0.0000000000
90800  49.985  -5.617  6.775 0.0000000000
59388  17.671  -31.699  39.354 0.0000000000
59372  18.006  -31.494  40.753 0.0000000000
61747  19.956  -29.290  40.022 0.0000000000
60565  18.669  -30.508  39.621 0.0000000000
84036  45.452  -11.932  14.260 0.0000000000
84021  45.083  -12.288  14.703 0.0000000000
85199  44.227  -11.225  14.683 0.0000000000
84011  44.947  -11.895  15.467 0.0000000000
66437  29.214  -26.746  32.705 0.0000000000
66452  29.687  -26.657  32.125 0.0000000000
67643  30.534  -26.104  30.616 0.0000000000
66464  30.968  -26.552  30.232 0.0000000000
66449  32.544  -25.806  30.705 0.0000000000
66447  34.141  -26.939  30.945 0.0000000000
89714  42.990  -5.954  13.429 0.0000000000
89717  43.072  -6.293  12.637 0.0000000000
89721  43.310  -6.723  11.849 0.0000000000
88564  43.454  -7.527  11.961 0.0000000000
87444  43.771  -7.991  11.830 0.0000000000
87429  43.968  -8.517  12.102 0.0000000000
87422  42.978  -8.347  13.017 0.0000000000
86330  43.700  -8.744  12.540 0.0000000000
86329  44.174  -9.086  12.469 0.0000000000
46134  7.828  -43.409  53.124 0.0000000000
88534  38.436  -7.340  18.270 0.0000000000
87400  38.143  -7.948  18.587 0.0000000000
86294  37.733  -9.677  17.861 0.0000000000
78229  34.093  -15.922  21.005 0.0000000000
75967  34.266  -18.340  20.491 0.0000000000
75966  35.160  -18.520  20.203 0.0000000000
75965  36.191  -18.768  20.081 0.0000000000
73634  37.957  -20.806  21.551 0.0000000000
72417  37.960  -21.701  22.789 0.0000000000
73616  37.493  -21.382  22.259 0.0000000000
72406  37.953  -21.784  23.600 0.0000000000
57207  29.571  -35.102  33.065 0.0000000000
88520  38.413  -7.254  18.918 0.0000000000
51037  13.003  -39.526  44.519 0.0000000000
49780  11.453  -40.204  45.655 0.0000000000
51004  11.061  -39.985  45.729 0.0000000000
52175  9.523  -37.653  50.217 0.0000000000
61879  26.441  -30.674  31.122 0.0000000000
60699  25.184  -30.848  30.923 0.0000000000
59581  24.862  -31.461  30.969 0.0000000000
59557  24.683  -31.648  31.274 0.0000000000
59536  24.188  -32.192  32.257 0.0000000000
59516  23.943  -32.609  33.396 0.0000000000
60598  20.675  -31.917  36.194 0.0000000000
60597  21.305  -32.257  36.309 0.0000000000
59386  21.901  -33.359  38.322 0.0000000000
59385  22.547  -33.265  38.330 0.0000000000
80587  41.947  -14.387  17.123 0.0000000000
80586  42.914  -14.388  17.236 0.0000000000
74683  30.379  -19.778  28.369 0.0000000000
73535  30.307  -20.602  27.153 0.0000000000
68830  31.386  -24.300  28.951 0.0000000000
68829  32.392  -24.194  28.983 0.0000000000
68828  33.371  -24.387  29.034 0.0000000000
68844  34.123  -24.636  28.524 0.0000000000
69998  34.619  -24.457  29.163 0.0000000000
68843  35.184  -24.599  28.052 0.0000000000
68856  35.468  -24.450  27.584 0.0000000000
88571  47.738  -7.829  9.805 0.0000000000
47243  6.342  -42.157  55.660 0.0000000000
82775  36.531  -11.795  21.926 0.0000000000
81689  35.266  -13.166  21.481 0.0000000000
79337  34.233  -14.274  22.266 0.0000000000
79352  34.129  -15.057  21.400 0.0000000000
77135  33.253  -17.146  21.275 0.0000000000
78218  32.563  -16.145  21.989 0.0000000000
77136  32.713  -17.085  21.583 0.0000000000
75951  33.055  -17.934  21.222 0.0000000000
74807  32.673  -18.400  21.654 0.0000000000
57071  20.216  -35.150  40.220 0.0000000000
58209  16.545  -33.222  39.679 0.0000000000
57075  16.257  -34.054  39.938 0.0000000000
54841  13.924  -35.811  41.363 0.0000000000
64026  24.454  -27.818  34.899 0.0000000000
64027  23.386  -27.685  35.321 0.0000000000
64028  22.340  -27.782  35.645 0.0000000000
62879  21.206  -28.699  35.697 0.0000000000
62869  20.426  -28.985  37.225 0.0000000000
59453  20.321  -31.892  36.296 0.0000000000
58259  20.316  -33.232  37.182 0.0000000000
58233  20.370  -33.592  37.993 0.0000000000
57122  20.217  -34.342  38.580 0.0000000000
72318  30.305  -21.140  31.558 0.0000000000
72303  29.321  -21.512  32.010 0.0000000000
72304  28.619  -21.773  31.362 0.0000000000
71070  28.038  -22.457  31.036 0.0000000000
71085  28.471  -22.663  29.969 0.0000000000
69957  28.395  -23.620  29.760 0.0000000000
68807  28.774  -25.377  31.284 0.0000000000
68815  29.579  -24.959  30.770 0.0000000000
69955  30.000  -24.550  30.352 0.0000000000
69980  30.806  -24.348  29.647 0.0000000000
69916  33.310  -24.660  32.088 0.0000000000
93835  46.088  -2.716  10.253 0.0000000000
92823  45.450  -4.143  10.138 0.0000000000
91792  45.414  -4.677  9.702 0.0000000000
89736  46.464  -6.462  9.546 0.0000000000
88590  46.708  -7.077  9.829 0.0000000000
88575  44.424  -7.442  10.771 0.0000000000
88574  45.069  -7.532  10.539 0.0000000000
87442  45.207  -8.443  11.343 0.0000000000
88573  46.106  -7.220  10.128 0.0000000000
88572  46.969  -7.588  10.049 0.0000000000
81745  41.459  -13.495  16.756 0.0000000000
83983  39.295  -11.452  16.700 0.0000000000
79391  42.125  -15.857  18.227 0.0000000000
83939  36.524  -11.388  19.982 0.0000000000
82810  36.044  -12.599  19.493 0.0000000000
82822  36.381  -12.817  18.697 0.0000000000
79365  34.855  -15.359  20.017 0.0000000000
79380  35.429  -15.685  19.241 0.0000000000
79379  36.272  -15.478  18.703 0.0000000000
79396  37.002  -15.372  18.465 0.0000000000
78241  39.357  -17.678  19.495 0.0000000000
78240  40.662  -17.707  19.834 0.0000000000
61927  30.928  -29.972  28.629 0.0000000000
61926  31.766  -29.913  28.774 0.0000000000
61909  31.476  -30.654  29.275 0.0000000000
60698  32.067  -31.702  30.964 0.0000000000
59552  31.409  -32.114  31.252 0.0000000000
59551  32.123  -31.947  31.555 0.0000000000
59532  32.582  -31.978  32.174 0.0000000000
89701  41.079  -6.316  15.352 0.0000000000
55973  18.854  -36.437  41.462 0.0000000000
56991  13.188  -33.821  44.445 0.0000000000
55913  13.223  -34.053  46.201 0.0000000000
52198  9.399  -38.279  48.620 0.0000000000
49764  10.515  -40.674  46.668 0.0000000000
48511  10.454  -41.653  47.226 0.0000000000
47342  9.594  -41.852  48.133 0.0000000000
47341  10.016  -42.127  47.910 0.0000000000
47327  10.368  -42.684  48.413 0.0000000000
46168  8.778  -43.015  49.812 0.0000000000
46142  8.051  -43.509  52.155 0.0000000000
48462  8.167  -41.508  51.648 0.0000000000
49696  8.009  -40.685  52.212 0.0000000000
47265  7.433  -42.395  54.424 0.0000000000
47256  7.487  -42.139  54.835 0.0000000000
49652  7.225  -40.445  55.342 0.0000000000
50869  6.946  -39.040  55.485 0.0000000000
49653  7.033  -40.593  55.568 0.0000000000
48402  6.591  -41.801  55.606 0.0000000000
48400  5.883  -41.008  55.815 0.0000000000
69887  28.875  -22.769  34.616 0.0000000000
64101  30.930  -28.134  29.061 0.0000000000
64117  30.655  -28.514  28.846 0.0000000000
62990  30.260  -29.035  28.630 0.0000000000
60727  30.077  -31.516  29.431 0.0000000000
59597  29.345  -31.944  29.747 0.0000000000
58359  28.426  -33.934  31.938 0.0000000000
59601  26.491  -31.750  30.244 0.0000000000
58381  25.882  -33.166  31.393 0.0000000000
58395  27.423  -32.992  30.721 0.0000000000
58379  27.878  -33.448  31.305 0.0000000000
57208  28.603  -35.267  33.014 0.0000000000
61818  22.974  -30.178  33.805 0.0000000000
60665  23.371  -30.956  33.255 0.0000000000
59498  24.024  -32.927  34.336 0.0000000000
60613  22.092  -32.103  35.795 0.0000000000
60612  22.981  -32.468  35.626 0.0000000000
58318  24.543  -33.731  34.440 0.0000000000
57189  25.044  -34.185  34.900 0.0000000000
85164  43.291  -10.898  16.724 0.0000000000
77107  31.140  -17.218  23.749 0.0000000000
77095  30.738  -17.348  24.904 0.0000000000
74782  31.914  -18.506  22.631 0.0000000000
74762  32.736  -19.855  22.772 0.0000000000
71106  29.700  -22.051  29.153 0.0000000000
72363  30.954  -20.810  29.015 0.0000000000
68847  30.924  -24.372  28.253 0.0000000000
70013  31.158  -23.618  27.157 0.0000000000
68869  32.027  -24.101  26.917 0.0000000000
70025  31.666  -23.389  26.719 0.0000000000
73574  31.034  -20.683  24.856 0.0000000000
73605  33.421  -20.312  22.978 0.0000000000
74760  34.781  -20.985  23.647 0.0000000000
74759  35.417  -21.180  23.981 0.0000000000
74741  35.626  -20.883  24.620 0.0000000000
74758  36.003  -21.003  24.363 0.0000000000
61908  32.430  -30.174  29.298 0.0000000000
61907  33.153  -29.933  29.679 0.0000000000
62953  33.559  -29.340  29.987 0.0000000000
62952  34.051  -29.321  30.702 0.0000000000
64085  33.921  -28.605  30.106 0.0000000000
64074  34.430  -28.559  30.800 0.0000000000
65209  34.608  -27.754  31.075 0.0000000000
65198  35.128  -27.625  31.893 0.0000000000
61832  35.439  -30.519  33.417 0.0000000000
64057  35.696  -28.504  32.433 0.0000000000
66433  35.284  -27.016  32.293 0.0000000000
66420  35.477  -26.554  32.746 0.0000000000
92833  46.639  -3.322  8.463 0.0000000000
94846  47.462  -1.706  7.673 0.0000000000
94853  47.702  -1.761  7.041 0.0000000000
93869  47.929  -2.556  6.603 0.0000000000
89734  48.091  -6.514  8.761 0.0000000000
90793  47.731  -5.573  8.256 0.0000000000
90803  48.121  -5.198  7.650 0.0000000000
89760  48.767  -5.932  7.753 0.0000000000
91830  48.017  -4.163  7.032 0.0000000000
92851  48.108  -3.609  6.616 0.0000000000
92858  49.318  -3.507  5.213 0.0000000000
91828  49.529  -4.756  5.985 0.0000000000
91844  49.689  -4.325  5.470 0.0000000000
92857  49.848  -4.015  5.098 0.0000000000
46135  7.515  -43.700  53.538 0.0000000000
47240  6.088  -41.827  55.738 0.0000000000
49717  8.312  -40.761  51.087 0.0000000000
58162  16.659  -32.382  42.134 0.0000000000
58397  26.090  -32.764  30.907 0.0000000000
59387  21.445  -33.502  38.261 0.0000000000
59531  33.370  -31.807  32.521 0.0000000000
60715  26.377  -31.310  30.368 0.0000000000
60717  25.053  -31.358  30.848 0.0000000000
60731  26.712  -31.536  30.120 0.0000000000
61735  19.579  -30.311  40.989 0.0000000000
61852  34.812  -30.234  32.262 0.0000000000
61873  34.470  -30.070  31.706 0.0000000000
61874  33.941  -30.490  31.516 0.0000000000
61898  25.941  -30.955  30.670 0.0000000000
61912  28.120  -30.329  28.929 0.0000000000
61929  29.140  -30.388  28.724 0.0000000000
62957  27.984  -30.052  29.408 0.0000000000
62968  33.232  -29.291  29.306 0.0000000000
62969  32.913  -29.655  29.081 0.0000000000
62970  29.865  -28.806  29.031 0.0000000000
62972  28.455  -29.756  28.976 0.0000000000
62987  32.947  -29.209  28.876 0.0000000000
62988  32.382  -29.393  28.715 0.0000000000
62992  28.814  -29.946  28.710 0.0000000000
64003  21.523  -28.019  37.512 0.0000000000
64073  34.802  -28.531  31.415 0.0000000000
64086  33.460  -28.690  29.443 0.0000000000
64103  29.807  -28.936  29.699 0.0000000000
65199  34.600  -27.195  31.461 0.0000000000
65208  34.956  -28.105  31.553 0.0000000000
65231  33.018  -28.163  28.902 0.0000000000
65232  32.726  -27.594  28.867 0.0000000000
65245  32.228  -27.848  28.611 0.0000000000
65246  31.576  -27.707  28.769 0.0000000000
66494  31.988  -27.354  28.657 0.0000000000
67617  27.833  -24.831  33.724 0.0000000000
67623  32.929  -25.138  31.895 0.0000000000
68861  30.755  -24.171  27.821 0.0000000000
70001  29.308  -23.817  28.687 0.0000000000
70015  29.874  -23.354  28.057 0.0000000000
71025  28.921  -22.587  34.143 0.0000000000
71084  28.995  -22.327  29.857 0.0000000000
71131  29.008  -23.501  28.809 0.0000000000
72351  29.627  -22.003  29.454 0.0000000000
74761  33.135  -19.985  22.689 0.0000000000
74823  38.358  -19.332  20.536 0.0000000000
75907  30.286  -18.735  24.634 0.0000000000
78217  33.055  -15.787  21.805 0.0000000000
78231  32.879  -16.477  21.657 0.0000000000
78252  41.269  -17.296  18.727 0.0000000000
78265  41.118  -16.936  18.333 0.0000000000
79340  32.232  -15.225  22.996 0.0000000000
81672  35.677  -13.158  22.227 0.0000000000
81704  34.649  -13.836  20.716 0.0000000000
81749  37.863  -13.103  17.435 0.0000000000
89656  39.979  -5.939  18.919 0.0000000000
89687  39.414  -6.370  17.491 0.0000000000
90794  47.042  -5.276  8.462 0.0000000000
91827  49.952  -4.823  5.664 0.0000000000
92816  45.775  -3.271  10.265 0.0000000000
93870  47.532  -2.376  7.270 0.0000000000
