#!ascii label  , from subject ernie vox2ras=TkReg
639
88001  19.460  -7.966  -31.192 0.0000000000
95303  27.802  -1.268  -31.397 0.0000000000
109161  27.471  11.457  -32.516 0.0000000000
103035  20.049  5.503  -33.766 0.0000000000
82321  20.447  -13.940  -29.784 0.0000000000
84618  24.630  -11.350  -31.703 0.0000000000
91323  22.906  -5.211  -32.189 0.0000000000
96436  21.438  0.221  -34.155 0.0000000000
101956  27.586  5.298  -31.355 0.0000000000
108156  29.404  10.581  -36.893 0.0000000000
116261  28.423  18.428  -33.624 0.0000000000
84607  19.734  -11.136  -30.345 0.0000000000
83455  22.601  -12.613  -30.868 0.0000000000
85827  21.466  -9.866  -31.211 0.0000000000
95307  18.374  -1.396  -31.888 0.0000000000
98742  17.627  1.542  -31.499 0.0000000000
106150  23.778  8.530  -33.751 0.0000000000
103033  23.994  5.413  -33.298 0.0000000000
105132  26.533  7.715  -31.844 0.0000000000
105158  29.645  7.727  -34.016 0.0000000000
108119  30.204  11.374  -34.193 0.0000000000
117211  25.070  19.738  -35.402 0.0000000000
114397  25.047  16.644  -34.404 0.0000000000
119582  27.756  22.226  -34.536 0.0000000000
93343  25.195  -3.631  -31.444 0.0000000000
91308  25.830  -6.147  -31.706 0.0000000000
92351  27.353  -4.851  -33.445 0.0000000000
108124  23.613  10.439  -34.080 0.0000000000
98776  29.860  0.822  -33.951 0.0000000000
91312  18.667  -5.317  -31.497 0.0000000000
89133  21.322  -7.102  -32.383 0.0000000000
92341  19.444  -4.208  -32.786 0.0000000000
94363  22.273  -2.235  -33.545 0.0000000000
97564  23.978  0.018  -32.672 0.0000000000
99894  20.020  2.728  -33.690 0.0000000000
99892  24.077  2.389  -33.151 0.0000000000
98737  27.707  1.722  -31.176 0.0000000000
101990  29.653  4.168  -33.632 0.0000000000
111393  24.755  13.553  -33.543 0.0000000000
113424  27.686  14.860  -32.756 0.0000000000
120351  30.866  23.263  -34.954 0.0000000000
116268  30.870  18.578  -34.349 0.0000000000
113441  30.751  15.383  -34.708 0.0000000000
111421  30.063  13.542  -37.065 0.0000000000
89114  23.610  -7.759  -31.416 0.0000000000
89103  18.540  -7.786  -30.182 0.0000000000
87986  19.049  -8.566  -30.545 0.0000000000
86891  19.938  -9.576  -30.899 0.0000000000
85813  21.109  -10.440  -30.870 0.0000000000
86906  20.326  -9.045  -31.386 0.0000000000
107063  25.525  9.637  -32.593 0.0000000000
105144  24.788  8.126  -32.877 0.0000000000
107061  27.504  9.614  -32.224 0.0000000000
107073  29.145  9.613  -32.790 0.0000000000
109169  29.136  11.183  -32.786 0.0000000000
119584  25.707  22.125  -35.228 0.0000000000
118056  26.346  20.605  -34.617 0.0000000000
120344  27.518  23.240  -34.891 0.0000000000
95304  27.050  -1.744  -31.403 0.0000000000
93359  26.904  -4.071  -31.676 0.0000000000
94348  27.650  -2.915  -31.857 0.0000000000
107087  22.649  9.405  -34.503 0.0000000000
108136  22.222  10.283  -34.574 0.0000000000
82323  19.099  -12.796  -29.273 0.0000000000
81176  20.062  -14.786  -29.497 0.0000000000
79999  21.270  -15.249  -29.565 0.0000000000
81174  22.043  -14.854  -29.540 0.0000000000
83467  23.269  -12.167  -31.187 0.0000000000
82334  23.504  -13.448  -30.319 0.0000000000
91328  19.113  -4.871  -32.118 0.0000000000
93365  18.117  -3.449  -31.410 0.0000000000
96426  19.104  -0.486  -33.251 0.0000000000
95326  19.554  -2.099  -33.116 0.0000000000
96423  21.450  -0.813  -33.769 0.0000000000
95337  23.390  -1.513  -33.049 0.0000000000
96434  22.433  -0.172  -33.753 0.0000000000
100935  18.334  3.796  -31.724 0.0000000000
101993  20.186  4.462  -33.764 0.0000000000
103018  25.440  5.492  -31.932 0.0000000000
100950  23.384  3.484  -34.131 0.0000000000
100932  25.169  3.556  -31.602 0.0000000000
99872  25.018  2.343  -31.746 0.0000000000
100930  27.527  4.184  -31.147 0.0000000000
99869  29.289  2.945  -32.238 0.0000000000
101972  28.698  4.984  -31.925 0.0000000000
106173  29.594  8.589  -35.656 0.0000000000
105175  29.498  7.595  -35.065 0.0000000000
115351  26.645  17.569  -33.884 0.0000000000
113434  25.239  15.648  -33.837 0.0000000000
113433  26.299  15.518  -33.236 0.0000000000
112450  26.371  14.410  -32.969 0.0000000000
114394  28.040  16.499  -33.350 0.0000000000
115356  31.455  17.206  -34.882 0.0000000000
114414  31.454  16.379  -36.197 0.0000000000
112469  31.021  14.328  -36.169 0.0000000000
90261  22.033  -6.421  -32.377 0.0000000000
89115  22.514  -7.557  -31.622 0.0000000000
90248  23.577  -6.715  -31.522 0.0000000000
89145  26.573  -7.084  -33.960 0.0000000000
89131  25.844  -7.769  -32.680 0.0000000000
84591  18.937  -11.198  -30.012 0.0000000000
83457  20.613  -12.310  -30.291 0.0000000000
82336  21.910  -13.403  -30.588 0.0000000000
84605  21.370  -11.495  -30.594 0.0000000000
85812  22.034  -10.910  -30.871 0.0000000000
85825  22.908  -10.770  -31.216 0.0000000000
96391  16.437  -0.880  -30.414 0.0000000000
96389  17.958  -0.273  -31.761 0.0000000000
97566  18.632  0.702  -32.629 0.0000000000
104112  21.545  6.519  -34.647 0.0000000000
103049  21.997  5.532  -34.663 0.0000000000
104096  23.695  6.426  -33.504 0.0000000000
104082  25.096  6.387  -32.334 0.0000000000
104080  27.267  6.918  -31.565 0.0000000000
104078  29.002  6.512  -32.321 0.0000000000
105130  28.536  7.844  -32.284 0.0000000000
107086  29.892  9.660  -34.225 0.0000000000
108146  30.096  11.022  -35.652 0.0000000000
114405  24.209  16.831  -34.292 0.0000000000
115359  25.331  17.766  -34.540 0.0000000000
117201  27.017  19.490  -34.222 0.0000000000
118046  27.904  20.262  -33.990 0.0000000000
93344  24.032  -3.517  -32.115 0.0000000000
91309  24.573  -5.827  -31.413 0.0000000000
92321  25.510  -4.822  -31.379 0.0000000000
91320  26.901  -5.376  -32.851 0.0000000000
104098  19.637  6.741  -33.448 0.0000000000
106161  22.264  8.445  -34.522 0.0000000000
107075  24.071  9.549  -33.717 0.0000000000
108122  25.061  10.573  -32.954 0.0000000000
81187  22.764  -14.125  -30.102 0.0000000000
96404  28.891  -0.663  -32.496 0.0000000000
95320  28.320  -1.660  -33.176 0.0000000000
90250  19.390  -6.791  -31.911 0.0000000000
89118  19.800  -7.434  -31.798 0.0000000000
90264  19.594  -5.958  -32.332 0.0000000000
91326  20.348  -5.034  -32.849 0.0000000000
92339  21.467  -4.545  -33.224 0.0000000000
94353  19.000  -2.655  -32.390 0.0000000000
93378  20.895  -3.321  -33.654 0.0000000000
93362  22.226  -3.848  -33.289 0.0000000000
93360  23.665  -2.926  -32.570 0.0000000000
95324  24.619  -1.524  -31.987 0.0000000000
96387  26.288  -0.660  -31.344 0.0000000000
98763  17.911  2.070  -31.810 0.0000000000
98780  20.144  1.691  -33.824 0.0000000000
100966  21.885  3.588  -34.616 0.0000000000
99910  22.197  2.585  -34.586 0.0000000000
98792  23.093  1.566  -34.098 0.0000000000
98760  23.832  0.928  -32.811 0.0000000000
98740  25.165  0.910  -31.736 0.0000000000
97543  27.592  0.728  -31.073 0.0000000000
98757  28.922  1.888  -31.924 0.0000000000
99891  29.652  2.777  -33.432 0.0000000000
103032  29.561  5.398  -33.718 0.0000000000
110283  24.185  12.490  -33.776 0.0000000000
110276  26.061  12.379  -32.841 0.0000000000
111381  28.241  13.267  -32.521 0.0000000000
120342  29.540  22.862  -34.493 0.0000000000
118054  29.161  20.355  -33.930 0.0000000000
118805  31.132  21.094  -34.747 0.0000000000
117198  29.786  18.951  -33.753 0.0000000000
115347  30.313  17.117  -33.767 0.0000000000
113429  30.066  15.174  -33.805 0.0000000000
111379  29.376  13.337  -32.971 0.0000000000
110290  30.353  12.773  -34.230 0.0000000000
110313  30.901  12.758  -36.015 0.0000000000
109210  30.017  11.924  -37.030 0.0000000000
87998  21.686  -8.547  -31.576 0.0000000000
87997  22.706  -8.584  -31.392 0.0000000000
86902  23.837  -9.790  -31.545 0.0000000000
90247  24.589  -6.968  -31.500 0.0000000000
87995  24.631  -8.931  -31.828 0.0000000000
89119  19.124  -7.371  -31.078 0.0000000000
87985  19.454  -9.070  -30.818 0.0000000000
88000  19.876  -8.502  -31.322 0.0000000000
108113  25.996  10.561  -32.587 0.0000000000
107062  26.493  9.625  -32.278 0.0000000000
108112  26.995  10.542  -32.401 0.0000000000
108111  27.975  10.535  -32.355 0.0000000000
109160  28.469  11.505  -32.552 0.0000000000
119583  26.618  22.349  -34.863 0.0000000000
94349  27.410  -2.738  -31.663 0.0000000000
95321  28.164  -1.883  -31.779 0.0000000000
83443  20.306  -13.152  -29.849 0.0000000000
82322  19.598  -13.636  -29.400 0.0000000000
81175  21.083  -14.603  -30.056 0.0000000000
83466  24.011  -12.166  -31.391 0.0000000000
83453  24.357  -12.556  -30.712 0.0000000000
84603  24.549  -11.926  -31.231 0.0000000000
84602  25.165  -11.525  -30.990 0.0000000000
92325  18.017  -3.997  -31.181 0.0000000000
93347  17.454  -3.263  -30.974 0.0000000000
96425  19.886  -0.339  -33.472 0.0000000000
95342  19.455  -1.017  -33.337 0.0000000000
96424  20.900  -0.350  -33.867 0.0000000000
95351  22.165  -0.601  -33.777 0.0000000000
96435  21.852  -0.206  -33.958 0.0000000000
100934  18.821  4.081  -32.386 0.0000000000
101994  19.545  4.699  -33.360 0.0000000000
103017  26.329  5.503  -31.606 0.0000000000
101976  24.866  4.478  -32.102 0.0000000000
101975  25.750  4.608  -31.564 0.0000000000
100931  26.223  3.549  -31.257 0.0000000000
101974  26.923  4.874  -31.410 0.0000000000
101973  28.032  4.779  -31.236 0.0000000000
107112  29.716  9.776  -36.163 0.0000000000
106184  29.265  8.573  -36.718 0.0000000000
116262  27.427  18.486  -33.905 0.0000000000
114395  26.993  16.583  -33.402 0.0000000000
115350  27.719  17.499  -33.599 0.0000000000
115349  28.716  17.417  -33.412 0.0000000000
115365  31.434  17.388  -35.652 0.0000000000
115368  31.402  17.491  -36.620 0.0000000000
114421  31.312  16.488  -37.331 0.0000000000
91324  22.171  -5.439  -32.590 0.0000000000
90249  22.692  -6.545  -31.876 0.0000000000
91310  23.448  -5.624  -31.702 0.0000000000
89144  27.242  -7.279  -34.033 0.0000000000
89130  26.446  -7.781  -33.487 0.0000000000
85815  19.346  -10.521  -30.383 0.0000000000
85799  18.671  -10.465  -29.956 0.0000000000
84608  19.294  -11.136  -30.243 0.0000000000
84590  19.380  -11.629  -30.066 0.0000000000
83458  19.948  -11.771  -30.216 0.0000000000
84606  20.477  -11.260  -30.451 0.0000000000
85826  22.036  -10.141  -31.093 0.0000000000
98743  16.794  1.119  -30.508 0.0000000000
97548  17.295  0.423  -31.203 0.0000000000
97547  17.977  0.917  -31.853 0.0000000000
105159  22.634  7.460  -34.304 0.0000000000
104097  22.976  6.440  -34.084 0.0000000000
105146  23.364  7.475  -33.805 0.0000000000
105133  25.271  7.591  -32.325 0.0000000000
104081  26.163  6.483  -31.670 0.0000000000
105131  27.641  7.783  -31.945 0.0000000000
108121  29.423  10.512  -33.043 0.0000000000
107072  29.605  9.659  -33.398 0.0000000000
108120  29.977  10.722  -33.809 0.0000000000
107085  30.017  10.138  -34.758 0.0000000000
108133  30.201  10.946  -34.745 0.0000000000
116276  24.624  19.308  -35.254 0.0000000000
116271  24.240  18.846  -34.793 0.0000000000
115360  24.586  17.877  -34.529 0.0000000000
114404  24.783  17.274  -34.494 0.0000000000
116270  25.124  18.759  -35.044 0.0000000000
118810  26.954  21.407  -34.471 0.0000000000
117209  26.615  20.057  -34.444 0.0000000000
118055  27.134  20.510  -34.272 0.0000000000
118809  27.998  21.185  -34.127 0.0000000000
92322  24.361  -4.662  -31.492 0.0000000000
93375  27.657  -4.118  -32.909 0.0000000000
92335  27.165  -4.730  -32.311 0.0000000000
91338  27.091  -5.802  -33.908 0.0000000000
105162  20.328  7.378  -33.883 0.0000000000
105161  21.044  7.486  -34.557 0.0000000000
106162  21.431  8.455  -34.517 0.0000000000
107076  23.386  9.460  -34.202 0.0000000000
108123  24.343  10.523  -33.609 0.0000000000
81188  21.999  -14.173  -30.382 0.0000000000
82335  22.714  -13.526  -30.688 0.0000000000
82320  23.771  -13.643  -29.466 0.0000000000
96403  29.485  0.189  -33.013 0.0000000000
91292  18.199  -6.007  -30.545 0.0000000000
90251  18.899  -6.293  -31.474 0.0000000000
90265  19.095  -5.528  -32.055 0.0000000000
91327  19.585  -5.036  -32.489 0.0000000000
92340  19.880  -4.631  -32.920 0.0000000000
91325  21.270  -5.228  -32.897 0.0000000000
91341  20.689  -4.540  -33.268 0.0000000000
95308  17.479  -1.403  -31.297 0.0000000000
94337  18.592  -2.349  -31.916 0.0000000000
94364  21.444  -2.351  -33.669 0.0000000000
94365  20.555  -2.435  -33.574 0.0000000000
93377  21.929  -3.309  -33.505 0.0000000000
93376  22.540  -2.833  -33.363 0.0000000000
93361  22.980  -3.449  -33.019 0.0000000000
94362  22.945  -2.298  -33.288 0.0000000000
96408  23.787  -0.894  -32.765 0.0000000000
95325  23.939  -1.565  -32.535 0.0000000000
96407  24.382  -0.788  -32.422 0.0000000000
95323  25.155  -1.234  -31.729 0.0000000000
97562  25.169  -0.318  -31.871 0.0000000000
99874  18.717  2.971  -32.477 0.0000000000
99875  18.092  2.669  -31.895 0.0000000000
99895  19.406  2.816  -33.117 0.0000000000
98781  19.516  1.821  -33.333 0.0000000000
99912  20.643  2.678  -34.229 0.0000000000
103034  23.372  5.432  -33.953 0.0000000000
102004  22.368  4.534  -34.559 0.0000000000
102003  23.128  4.488  -34.343 0.0000000000
100949  23.913  3.417  -33.414 0.0000000000
99909  22.974  2.526  -34.402 0.0000000000
98793  22.432  1.601  -34.427 0.0000000000
98779  23.520  1.468  -33.362 0.0000000000
98778  24.121  1.610  -32.846 0.0000000000
99855  25.979  2.312  -31.278 0.0000000000
99856  25.464  1.850  -31.517 0.0000000000
98738  26.747  1.453  -31.111 0.0000000000
97544  26.537  0.402  -31.175 0.0000000000
97542  28.422  1.197  -31.466 0.0000000000
98736  28.379  2.013  -31.483 0.0000000000
100948  29.482  3.675  -32.965 0.0000000000
100963  29.839  3.476  -33.916 0.0000000000
100964  29.772  3.464  -34.335 0.0000000000
102002  29.616  4.332  -34.529 0.0000000000
104094  29.472  6.874  -33.141 0.0000000000
103015  29.112  5.718  -32.652 0.0000000000
114398  24.407  16.290  -34.393 0.0000000000
113435  24.478  15.761  -34.320 0.0000000000
112451  25.453  14.563  -33.414 0.0000000000
111394  23.685  13.583  -33.805 0.0000000000
110284  23.082  12.337  -34.328 0.0000000000
112443  27.140  14.229  -32.670 0.0000000000
111392  25.850  13.440  -33.111 0.0000000000
111391  26.637  13.681  -32.791 0.0000000000
111382  27.331  13.288  -32.601 0.0000000000
112442  27.918  14.077  -32.489 0.0000000000
121193  29.401  23.811  -34.510 0.0000000000
119580  29.770  21.923  -34.379 0.0000000000
117215  31.519  19.468  -35.598 0.0000000000
118062  31.503  20.439  -35.265 0.0000000000
117206  31.095  19.593  -34.752 0.0000000000
118052  30.535  20.313  -34.431 0.0000000000
117207  30.313  19.331  -34.110 0.0000000000
116259  30.260  18.165  -33.779 0.0000000000
114402  31.107  16.455  -34.677 0.0000000000
114403  30.516  16.334  -34.128 0.0000000000
112448  29.497  14.267  -33.077 0.0000000000
112447  30.101  14.164  -33.610 0.0000000000
111390  29.822  13.449  -33.402 0.0000000000
112457  30.520  14.384  -34.211 0.0000000000
112470  30.441  14.426  -36.783 0.0000000000
111410  31.052  13.528  -36.096 0.0000000000
111411  30.653  13.548  -36.490 0.0000000000
110323  30.389  12.656  -36.780 0.0000000000
110324  29.802  12.592  -37.375 0.0000000000
89134  20.528  -6.956  -32.477 0.0000000000
89117  20.599  -7.683  -31.879 0.0000000000
89116  21.445  -7.730  -31.803 0.0000000000
87996  23.714  -8.766  -31.375 0.0000000000
90246  25.322  -7.331  -31.910 0.0000000000
87994  25.687  -8.802  -32.326 0.0000000000
89112  25.246  -8.191  -31.989 0.0000000000
86901  24.777  -10.012  -32.216 0.0000000000
86892  19.109  -9.630  -30.426 0.0000000000
85814  20.169  -10.467  -30.606 0.0000000000
86890  20.513  -9.984  -30.935 0.0000000000
86905  20.913  -9.482  -31.402 0.0000000000
106149  24.489  8.676  -33.273 0.0000000000
106148  25.086  8.729  -32.689 0.0000000000
106136  25.973  8.670  -32.247 0.0000000000
106135  27.031  8.684  -32.081 0.0000000000
106134  28.016  8.699  -32.244 0.0000000000
107060  28.418  9.604  -32.425 0.0000000000
108110  28.816  10.485  -32.594 0.0000000000
109168  29.558  11.468  -33.230 0.0000000000
118816  25.123  21.485  -35.345 0.0000000000
118057  25.518  20.567  -35.156 0.0000000000
117210  25.991  19.607  -34.754 0.0000000000
118811  26.015  21.429  -34.922 0.0000000000
94335  26.052  -2.665  -31.446 0.0000000000
93342  26.339  -3.775  -31.501 0.0000000000
94334  27.051  -2.884  -31.587 0.0000000000
94333  27.307  -3.297  -31.735 0.0000000000
108135  22.962  10.333  -34.470 0.0000000000
83445  18.975  -11.963  -29.582 0.0000000000
83430  18.505  -12.324  -28.909 0.0000000000
82306  19.260  -13.873  -29.046 0.0000000000
79984  21.452  -15.657  -28.741 0.0000000000
81159  22.094  -15.236  -28.875 0.0000000000
83454  23.433  -12.851  -31.030 0.0000000000
92324  18.168  -4.854  -30.873 0.0000000000
92342  18.763  -4.202  -31.739 0.0000000000
96409  18.547  -0.526  -32.712 0.0000000000
95327  19.060  -1.645  -32.835 0.0000000000
95341  20.029  -1.500  -33.404 0.0000000000
95340  21.059  -1.461  -33.697 0.0000000000
95338  22.785  -1.310  -33.521 0.0000000000
96421  23.349  -0.627  -33.161 0.0000000000
100952  19.190  3.857  -32.982 0.0000000000
100951  19.836  3.710  -33.481 0.0000000000
103019  24.656  5.428  -32.599 0.0000000000
101992  23.737  4.442  -33.781 0.0000000000
101991  24.195  4.416  -32.905 0.0000000000
100933  24.541  3.251  -32.512 0.0000000000
99873  24.500  2.140  -32.535 0.0000000000
99871  25.528  2.950  -31.432 0.0000000000
100910  26.776  3.023  -31.221 0.0000000000
99870  28.766  2.674  -31.681 0.0000000000
100909  28.015  3.648  -31.140 0.0000000000
100928  29.214  4.024  -32.198 0.0000000000
101971  29.299  4.660  -32.842 0.0000000000
106159  29.669  8.632  -34.618 0.0000000000
105184  29.363  7.519  -36.226 0.0000000000
115352  25.814  17.291  -34.224 0.0000000000
114396  25.992  16.552  -33.816 0.0000000000
113432  27.391  15.656  -33.102 0.0000000000
113431  28.377  15.453  -33.109 0.0000000000
116267  31.451  18.319  -34.972 0.0000000000
115357  30.969  17.460  -34.276 0.0000000000
114411  31.376  16.426  -35.304 0.0000000000
113440  31.137  15.883  -35.047 0.0000000000
112464  30.834  14.447  -35.101 0.0000000000
113447  31.208  15.270  -35.552 0.0000000000
113452  31.073  15.350  -36.686 0.0000000000
90262  21.300  -6.233  -32.633 0.0000000000
90259  26.138  -7.039  -33.374 0.0000000000
88010  26.516  -8.279  -32.743 0.0000000000
84575  18.537  -11.298  -29.323 0.0000000000
83444  19.699  -12.460  -29.780 0.0000000000
82337  21.043  -13.446  -30.307 0.0000000000
83456  21.644  -12.491  -30.575 0.0000000000
84604  22.351  -11.624  -30.875 0.0000000000
84620  22.990  -11.630  -31.181 0.0000000000
84619  23.671  -11.491  -31.394 0.0000000000
85824  24.114  -10.696  -31.642 0.0000000000
96390  17.017  -0.627  -31.001 0.0000000000
97582  18.833  0.067  -33.106 0.0000000000
97581  19.429  0.655  -33.363 0.0000000000
103051  20.608  5.740  -34.272 0.0000000000
103050  21.204  5.592  -34.549 0.0000000000
103048  22.758  5.485  -34.485 0.0000000000
105145  24.377  7.507  -33.227 0.0000000000
105134  24.755  6.960  -32.676 0.0000000000
104083  24.475  6.344  -33.011 0.0000000000
104064  26.668  5.930  -31.548 0.0000000000
103000  28.241  5.987  -31.506 0.0000000000
104062  27.750  6.348  -31.479 0.0000000000
104095  29.029  7.201  -32.373 0.0000000000
105142  29.401  7.990  -33.362 0.0000000000
106133  28.818  8.723  -32.583 0.0000000000
106147  29.363  8.758  -33.052 0.0000000000
106146  29.646  8.729  -33.734 0.0000000000
107099  29.828  9.504  -35.128 0.0000000000
108155  29.819  10.827  -36.252 0.0000000000
116269  25.910  18.600  -34.581 0.0000000000
115358  26.068  17.939  -34.324 0.0000000000
116263  26.587  18.519  -34.244 0.0000000000
117200  28.108  19.394  -33.852 0.0000000000
92323  23.491  -4.602  -32.051 0.0000000000
92320  26.589  -4.829  -31.679 0.0000000000
91307  26.684  -5.534  -32.108 0.0000000000
91321  26.342  -6.193  -32.960 0.0000000000
90275  26.594  -6.495  -33.741 0.0000000000
104114  20.246  6.385  -34.040 0.0000000000
104113  20.789  6.526  -34.457 0.0000000000
105160  21.879  7.476  -34.578 0.0000000000
106160  23.063  8.458  -34.290 0.0000000000
107074  24.738  9.621  -33.132 0.0000000000
109162  26.494  11.462  -32.641 0.0000000000
81173  22.969  -14.374  -29.368 0.0000000000
81186  23.264  -13.929  -29.737 0.0000000000
96405  28.271  -0.882  -31.521 0.0000000000
96420  28.884  -1.113  -33.531 0.0000000000
90234  18.536  -6.938  -30.595 0.0000000000
89135  19.899  -6.688  -32.324 0.0000000000
90263  20.471  -6.034  -32.596 0.0000000000
92338  22.126  -4.468  -33.038 0.0000000000
93346  18.125  -2.930  -31.526 0.0000000000
93364  18.624  -3.248  -31.838 0.0000000000
93380  19.563  -3.337  -33.110 0.0000000000
94366  19.836  -2.567  -33.293 0.0000000000
93379  20.115  -3.295  -33.455 0.0000000000
92355  19.790  -3.782  -33.268 0.0000000000
92353  21.150  -4.150  -33.496 0.0000000000
92337  22.855  -4.547  -32.594 0.0000000000
93345  23.402  -4.065  -32.534 0.0000000000
94350  24.113  -2.376  -32.268 0.0000000000
94351  23.492  -2.354  -32.794 0.0000000000
94336  24.944  -2.407  -31.653 0.0000000000
95305  25.721  -1.579  -31.490 0.0000000000
99858  17.213  2.386  -30.841 0.0000000000
98762  18.235  1.759  -32.140 0.0000000000
97565  19.182  1.243  -33.009 0.0000000000
97580  20.367  0.667  -33.916 0.0000000000
102006  20.744  4.680  -34.341 0.0000000000
100982  20.988  4.050  -34.554 0.0000000000
100967  21.076  3.684  -34.547 0.0000000000
100965  22.697  3.535  -34.486 0.0000000000
99911  21.368  2.638  -34.540 0.0000000000
98795  20.843  1.664  -34.323 0.0000000000
98794  21.642  1.655  -34.469 0.0000000000
97595  21.853  0.752  -34.312 0.0000000000
97594  22.557  0.631  -34.095 0.0000000000
97578  23.296  0.363  -33.246 0.0000000000
98759  24.616  1.111  -32.242 0.0000000000
97546  24.989  0.545  -31.920 0.0000000000
97545  25.504  0.174  -31.638 0.0000000000
96386  27.474  -0.492  -31.208 0.0000000000
96385  28.453  0.087  -31.428 0.0000000000
97561  29.211  0.763  -32.141 0.0000000000
97560  29.637  0.957  -33.001 0.0000000000
98756  29.363  1.802  -32.761 0.0000000000
98777  29.753  1.487  -33.791 0.0000000000
101954  28.461  5.571  -31.668 0.0000000000
104110  29.603  6.589  -34.398 0.0000000000
112452  24.384  14.747  -33.951 0.0000000000
109172  23.181  11.233  -34.484 0.0000000000
109171  23.849  11.431  -34.018 0.0000000000
110282  25.129  12.484  -33.220 0.0000000000
109170  24.651  11.505  -33.415 0.0000000000
109163  25.520  11.504  -32.873 0.0000000000
110275  26.965  12.330  -32.666 0.0000000000
110274  27.859  12.394  -32.543 0.0000000000
120343  28.592  23.053  -34.554 0.0000000000
119581  28.790  22.045  -34.339 0.0000000000
118801  28.751  20.621  -33.969 0.0000000000
118044  29.179  20.051  -33.843 0.0000000000
119579  30.664  21.833  -34.615 0.0000000000
118807  30.091  21.050  -34.353 0.0000000000
118053  29.664  20.133  -34.021 0.0000000000
117199  29.137  19.399  -33.699 0.0000000000
116260  29.357  18.299  -33.510 0.0000000000
114393  28.996  16.390  -33.383 0.0000000000
114392  29.812  16.287  -33.655 0.0000000000
112449  28.890  14.775  -32.894 0.0000000000
112441  28.746  14.022  -32.617 0.0000000000
111380  28.895  13.271  -32.709 0.0000000000
110273  28.634  12.524  -32.653 0.0000000000
109159  29.125  11.985  -32.838 0.0000000000
110281  29.579  12.534  -33.253 0.0000000000
109167  30.046  11.942  -33.811 0.0000000000
111403  30.819  13.584  -35.196 0.0000000000
110303  30.638  12.811  -35.064 0.0000000000
109180  30.304  11.951  -34.558 0.0000000000
109192  30.361  11.877  -35.391 0.0000000000
109200  30.179  11.773  -36.277 0.0000000000
109201  29.723  11.334  -36.774 0.0000000000
111422  29.575  13.439  -37.757 0.0000000000
110330  29.225  12.502  -37.979 0.0000000000
109211  29.355  11.521  -37.498 0.0000000000
108165  28.977  10.411  -37.697 0.0000000000
87999  20.762  -8.515  -31.615 0.0000000000
86904  21.923  -9.373  -31.353 0.0000000000
86903  22.856  -9.557  -31.235 0.0000000000
89113  24.536  -7.994  -31.579 0.0000000000
84633  25.043  -11.188  -32.115 0.0000000000
94347  27.997  -2.642  -32.767 0.0000000000
93374  27.868  -3.423  -33.506 0.0000000000
79983  22.183  -15.412  -28.542 0.0000000000
81189  21.516  -13.933  -30.328 0.0000000000
83468  22.807  -12.022  -31.034 0.0000000000
84617  25.258  -11.168  -31.872 0.0000000000
84632  25.212  -11.017  -32.186 0.0000000000
85811  22.412  -11.100  -31.002 0.0000000000
85823  24.689  -10.727  -32.107 0.0000000000
85837  24.982  -10.944  -32.287 0.0000000000
86914  24.888  -10.568  -32.300 0.0000000000
88011  26.132  -8.168  -32.866 0.0000000000
89132  21.963  -7.064  -31.997 0.0000000000
90260  25.891  -6.838  -32.488 0.0000000000
91306  26.932  -5.187  -32.281 0.0000000000
91311  22.660  -5.866  -32.178 0.0000000000
91322  26.089  -6.450  -32.280 0.0000000000
91339  26.654  -6.180  -33.595 0.0000000000
91340  20.993  -4.737  -33.222 0.0000000000
92319  26.910  -5.091  -31.996 0.0000000000
92336  27.063  -4.374  -31.825 0.0000000000
92343  18.392  -3.734  -31.533 0.0000000000
92352  21.791  -4.085  -33.361 0.0000000000
92354  20.245  -4.173  -33.354 0.0000000000
93341  27.022  -3.568  -31.645 0.0000000000
93357  27.776  -3.408  -32.537 0.0000000000
93358  27.415  -3.836  -31.956 0.0000000000
93363  19.128  -3.393  -32.491 0.0000000000
94352  19.357  -2.628  -32.896 0.0000000000
95306  25.101  -1.672  -31.671 0.0000000000
95322  27.494  -2.435  -31.627 0.0000000000
95339  21.946  -1.232  -33.739 0.0000000000
95350  22.446  -0.752  -33.680 0.0000000000
96388  25.455  -0.720  -31.664 0.0000000000
96406  24.930  -0.754  -31.983 0.0000000000
96422  22.869  -0.385  -33.545 0.0000000000
97563  24.824  -0.001  -32.168 0.0000000000
97576  29.751  0.375  -34.141 0.0000000000
97577  29.754  0.530  -33.629 0.0000000000
97579  22.828  0.259  -33.674 0.0000000000
97593  23.077  0.850  -33.746 0.0000000000
97596  21.146  0.742  -34.299 0.0000000000
98739  25.759  1.229  -31.393 0.0000000000
98741  17.963  1.401  -31.851 0.0000000000
98758  25.171  1.492  -31.699 0.0000000000
98761  18.993  1.869  -32.769 0.0000000000
98790  29.740  0.937  -34.278 0.0000000000
99853  28.013  2.707  -31.191 0.0000000000
99854  26.998  2.312  -31.102 0.0000000000
99890  29.791  3.212  -33.744 0.0000000000
99893  23.469  2.487  -33.770 0.0000000000
99907  29.920  3.093  -33.969 0.0000000000
100911  26.524  2.780  -31.179 0.0000000000
100929  28.571  3.780  -31.563 0.0000000000
100947  29.699  3.508  -33.589 0.0000000000
100968  20.482  3.710  -34.095 0.0000000000
100983  20.793  4.061  -34.399 0.0000000000
101955  28.167  5.402  -31.409 0.0000000000
101989  29.758  3.744  -33.817 0.0000000000
102001  29.818  3.839  -34.037 0.0000000000
102005  21.506  4.551  -34.575 0.0000000000
102021  21.124  4.265  -34.555 0.0000000000
102022  20.895  4.271  -34.479 0.0000000000
103001  27.664  5.796  -31.390 0.0000000000
103002  27.052  5.595  -31.461 0.0000000000
103016  28.710  5.936  -31.913 0.0000000000
104063  27.099  6.174  -31.477 0.0000000000
104079  28.378  6.846  -31.765 0.0000000000
104111  22.322  6.478  -34.527 0.0000000000
105143  29.132  7.884  -32.792 0.0000000000
107098  30.018  10.289  -35.391 0.0000000000
107111  29.973  10.459  -35.881 0.0000000000
108134  30.068  10.350  -34.361 0.0000000000
110272  29.139  12.729  -32.863 0.0000000000
110280  30.029  12.845  -33.701 0.0000000000
110302  30.968  13.232  -35.570 0.0000000000
110312  31.133  13.303  -35.885 0.0000000000
111383  26.566  13.022  -32.806 0.0000000000
111389  30.331  13.528  -33.876 0.0000000000
111399  30.618  13.587  -34.581 0.0000000000
111402  31.048  13.831  -35.699 0.0000000000
112440  29.164  13.732  -32.774 0.0000000000
112463  31.109  14.455  -35.651 0.0000000000
113423  28.336  14.651  -32.714 0.0000000000
113425  26.958  14.963  -32.853 0.0000000000
113430  29.288  15.388  -33.327 0.0000000000
113448  30.890  15.040  -35.131 0.0000000000
115348  29.621  17.292  -33.499 0.0000000000
117202  26.384  19.051  -34.462 0.0000000000
117208  29.745  19.476  -33.857 0.0000000000
118045  28.722  20.228  -33.875 0.0000000000
118051  31.121  20.628  -34.760 0.0000000000
118063  24.650  20.604  -35.435 0.0000000000
118802  28.481  20.662  -33.983 0.0000000000
118806  30.794  21.077  -34.599 0.0000000000
118808  29.049  20.922  -34.113 0.0000000000
118815  31.390  21.154  -34.983 0.0000000000
118820  31.701  21.285  -35.625 0.0000000000
119578  31.094  21.442  -34.768 0.0000000000
119589  30.939  22.528  -34.887 0.0000000000
120341  30.362  22.681  -34.642 0.0000000000
