#!ascii label  , from subject ernie vox2ras=TkReg
356
21974  45.951  -64.066  -6.938 0.0000000000
19853  36.654  -66.092  -18.464 0.0000000000
16058  40.875  -68.351  -8.017 0.0000000000
22022  37.421  -63.494  -10.109 0.0000000000
19811  42.519  -65.713  -15.813 0.0000000000
19766  42.996  -65.710  -11.734 0.0000000000
18617  44.843  -66.448  -13.862 0.0000000000
22098  37.458  -62.955  -14.451 0.0000000000
23263  35.088  -62.585  -9.717 0.0000000000
20814  41.354  -64.318  -6.574 0.0000000000
19756  38.941  -65.205  -10.048 0.0000000000
22077  40.609  -63.459  -13.100 0.0000000000
19821  39.061  -65.464  -16.731 0.0000000000
15046  40.223  -70.010  -17.606 0.0000000000
27028  49.282  -60.039  -5.756 0.0000000000
25789  43.410  -60.896  -6.146 0.0000000000
21958  39.030  -63.600  -5.494 0.0000000000
27065  41.074  -60.173  -7.680 0.0000000000
17314  44.549  -67.480  -11.767 0.0000000000
20905  36.691  -64.148  -15.860 0.0000000000
22100  35.504  -63.471  -14.508 0.0000000000
18505  39.366  -66.438  -7.142 0.0000000000
18530  39.766  -66.719  -9.307 0.0000000000
20865  43.572  -64.715  -13.346 0.0000000000
20867  41.780  -64.393  -12.358 0.0000000000
20889  41.453  -64.094  -14.386 0.0000000000
20902  40.345  -64.030  -15.320 0.0000000000
19819  41.120  -65.721  -16.501 0.0000000000
15068  38.832  -69.409  -18.840 0.0000000000
27035  41.533  -59.911  -4.998 0.0000000000
24490  41.122  -61.584  -5.581 0.0000000000
25771  39.270  -60.776  -5.176 0.0000000000
22009  37.941  -63.579  -8.442 0.0000000000
23245  37.260  -62.493  -8.597 0.0000000000
24569  33.817  -61.552  -8.868 0.0000000000
27070  36.202  -59.461  -7.641 0.0000000000
16056  42.597  -68.950  -8.183 0.0000000000
17301  41.845  -67.337  -10.209 0.0000000000
17299  43.740  -67.525  -10.655 0.0000000000
19777  44.724  -66.356  -12.590 0.0000000000
20886  44.379  -65.723  -14.889 0.0000000000
22046  37.110  -63.300  -11.975 0.0000000000
23262  36.458  -62.919  -9.944 0.0000000000
23288  35.739  -63.022  -12.002 0.0000000000
23289  34.543  -62.792  -11.714 0.0000000000
18704  36.283  -66.881  -20.237 0.0000000000
21976  43.813  -63.553  -6.542 0.0000000000
20825  38.425  -64.647  -8.259 0.0000000000
22021  38.257  -64.009  -10.209 0.0000000000
19754  40.975  -66.069  -10.572 0.0000000000
20857  40.185  -64.456  -11.501 0.0000000000
22044  39.049  -63.624  -11.663 0.0000000000
22097  38.486  -62.978  -14.318 0.0000000000
20923  38.470  -64.683  -16.215 0.0000000000
19852  37.694  -66.279  -18.210 0.0000000000
18663  41.856  -67.394  -17.030 0.0000000000
17427  39.950  -67.835  -17.757 0.0000000000
18679  38.690  -67.182  -18.494 0.0000000000
17463  37.096  -67.552  -19.557 0.0000000000
25799  49.322  -60.906  -7.266 0.0000000000
24503  47.771  -61.663  -7.067 0.0000000000
27048  46.342  -60.020  -6.398 0.0000000000
24506  44.543  -61.987  -6.303 0.0000000000
23188  42.426  -63.013  -5.716 0.0000000000
20782  40.537  -64.193  -5.565 0.0000000000
18490  39.432  -66.307  -6.314 0.0000000000
18482  38.789  -66.278  -5.818 0.0000000000
16029  40.974  -68.256  -6.277 0.0000000000
24526  36.869  -61.160  -7.690 0.0000000000
23205  47.077  -63.778  -7.348 0.0000000000
21988  46.734  -63.930  -7.721 0.0000000000
21989  46.070  -63.984  -7.430 0.0000000000
19823  36.939  -65.343  -17.001 0.0000000000
20925  36.132  -64.744  -16.812 0.0000000000
17246  39.732  -67.295  -7.232 0.0000000000
17266  39.394  -67.238  -8.301 0.0000000000
17286  40.291  -67.670  -8.942 0.0000000000
20888  42.959  -64.641  -14.750 0.0000000000
20878  42.581  -64.209  -13.623 0.0000000000
20901  41.848  -64.962  -15.538 0.0000000000
20920  41.422  -65.331  -16.083 0.0000000000
12857  40.010  -71.469  -19.669 0.0000000000
25770  40.574  -60.473  -5.189 0.0000000000
22010  37.521  -63.476  -9.174 0.0000000000
23227  38.119  -62.273  -7.781 0.0000000000
23261  37.091  -63.135  -9.444 0.0000000000
27090  34.851  -59.346  -8.101 0.0000000000
16075  42.952  -68.576  -9.459 0.0000000000
16089  43.520  -68.203  -10.177 0.0000000000
18572  44.810  -66.979  -12.452 0.0000000000
18551  44.690  -66.838  -12.028 0.0000000000
19790  44.746  -65.754  -13.654 0.0000000000
19801  44.723  -65.978  -14.414 0.0000000000
22080  37.737  -63.018  -13.575 0.0000000000
22047  36.487  -63.151  -12.323 0.0000000000
22081  36.790  -63.043  -13.660 0.0000000000
23301  34.889  -63.113  -12.529 0.0000000000
23302  33.648  -62.978  -12.757 0.0000000000
23290  33.331  -62.592  -11.500 0.0000000000
21977  42.765  -63.707  -6.520 0.0000000000
21993  41.886  -63.945  -7.018 0.0000000000
20815  40.826  -64.651  -6.945 0.0000000000
20834  38.421  -64.787  -9.420 0.0000000000
19753  42.254  -66.083  -11.053 0.0000000000
18542  41.232  -66.677  -10.322 0.0000000000
22076  41.542  -63.753  -13.112 0.0000000000
22042  40.685  -64.049  -11.928 0.0000000000
22058  40.806  -63.686  -12.437 0.0000000000
22043  40.013  -63.814  -11.850 0.0000000000
22059  39.868  -63.464  -12.445 0.0000000000
22060  38.905  -63.383  -12.530 0.0000000000
22096  39.454  -63.179  -14.105 0.0000000000
20922  39.639  -64.707  -16.099 0.0000000000
20903  38.971  -63.882  -15.644 0.0000000000
19822  37.933  -65.465  -16.868 0.0000000000
19833  38.483  -66.011  -17.750 0.0000000000
11766  39.869  -72.735  -17.438 0.0000000000
13890  40.486  -70.592  -17.419 0.0000000000
15045  40.862  -69.620  -16.937 0.0000000000
17426  41.171  -68.026  -17.379 0.0000000000
18664  40.665  -66.885  -17.183 0.0000000000
13938  38.616  -69.928  -19.609 0.0000000000
16192  38.503  -68.434  -18.923 0.0000000000
16215  37.932  -68.528  -19.481 0.0000000000
16193  37.889  -68.042  -19.216 0.0000000000
15096  37.763  -68.830  -19.868 0.0000000000
27044  50.195  -60.032  -6.139 0.0000000000
25783  49.348  -60.475  -6.548 0.0000000000
25800  48.735  -61.260  -7.281 0.0000000000
27046  48.417  -60.318  -6.412 0.0000000000
27050  44.254  -59.905  -6.094 0.0000000000
27049  45.155  -59.905  -6.322 0.0000000000
25788  44.230  -60.765  -6.332 0.0000000000
25787  45.399  -60.943  -6.577 0.0000000000
24507  43.470  -61.763  -6.070 0.0000000000
23209  43.723  -62.935  -6.022 0.0000000000
23190  40.522  -62.591  -5.500 0.0000000000
21956  40.946  -63.523  -5.545 0.0000000000
21957  40.056  -63.549  -5.425 0.0000000000
20801  39.971  -65.096  -5.902 0.0000000000
20783  39.704  -64.608  -5.595 0.0000000000
17219  38.450  -66.829  -5.814 0.0000000000
16017  39.913  -68.240  -5.436 0.0000000000
17217  39.876  -67.341  -5.736 0.0000000000
23246  35.903  -62.331  -8.837 0.0000000000
24547  36.449  -61.734  -8.161 0.0000000000
24548  35.487  -61.594  -8.221 0.0000000000
28331  37.800  -58.898  -7.730 0.0000000000
22116  37.132  -63.468  -15.179 0.0000000000
22099  36.476  -63.266  -14.473 0.0000000000
19713  40.322  -65.116  -6.779 0.0000000000
19729  40.348  -65.063  -7.048 0.0000000000
18506  39.007  -66.308  -7.956 0.0000000000
19745  40.163  -66.145  -9.954 0.0000000000
19779  43.045  -65.261  -12.410 0.0000000000
20855  42.135  -65.002  -12.088 0.0000000000
20866  42.692  -64.616  -12.689 0.0000000000
20879  41.703  -63.920  -13.658 0.0000000000
22094  41.140  -63.770  -13.614 0.0000000000
22113  40.003  -63.523  -14.610 0.0000000000
20890  40.545  -63.786  -14.589 0.0000000000
20921  40.763  -64.996  -16.037 0.0000000000
19820  40.145  -65.470  -16.577 0.0000000000
15067  39.590  -69.752  -18.166 0.0000000000
13912  39.206  -70.216  -18.948 0.0000000000
13937  39.322  -70.794  -19.688 0.0000000000
25769  41.807  -60.581  -5.542 0.0000000000
24489  42.402  -61.765  -5.808 0.0000000000
24491  39.952  -61.559  -5.467 0.0000000000
23191  39.469  -62.589  -5.493 0.0000000000
24524  38.694  -61.632  -7.467 0.0000000000
25804  39.359  -60.755  -7.442 0.0000000000
23248  34.248  -61.762  -8.864 0.0000000000
24528  35.280  -60.932  -7.771 0.0000000000
25809  34.880  -60.266  -7.740 0.0000000000
28333  36.168  -58.761  -7.926 0.0000000000
16057  41.679  -68.638  -8.245 0.0000000000
16077  41.218  -68.320  -8.855 0.0000000000
17284  42.284  -68.177  -9.656 0.0000000000
17300  42.605  -67.678  -10.255 0.0000000000
18540  43.076  -66.604  -10.970 0.0000000000
18539  44.075  -66.963  -11.222 0.0000000000
19765  44.237  -66.058  -11.963 0.0000000000
19791  44.200  -65.075  -13.490 0.0000000000
20877  44.042  -64.763  -14.114 0.0000000000
22033  37.357  -63.412  -11.075 0.0000000000
22023  36.897  -63.315  -10.574 0.0000000000
23274  36.456  -63.255  -11.183 0.0000000000
23275  35.405  -62.889  -10.859 0.0000000000
23300  35.526  -63.176  -12.601 0.0000000000
23276  34.178  -62.639  -10.581 0.0000000000
23264  33.898  -62.127  -9.484 0.0000000000
24589  32.961  -61.765  -9.886 0.0000000000
18682  36.304  -66.597  -19.423 0.0000000000
21975  44.968  -63.812  -6.742 0.0000000000
21991  44.174  -63.714  -7.109 0.0000000000
21992  43.117  -63.670  -7.041 0.0000000000
20826  37.928  -64.117  -8.925 0.0000000000
19755  39.735  -65.352  -10.545 0.0000000000
20856  41.192  -64.575  -11.768 0.0000000000
19768  40.580  -65.154  -11.228 0.0000000000
19769  39.975  -64.926  -11.151 0.0000000000
22030  39.425  -64.123  -11.258 0.0000000000
22031  38.801  -63.866  -10.874 0.0000000000
22032  38.188  -63.545  -10.915 0.0000000000
22045  38.118  -63.386  -11.778 0.0000000000
22061  37.934  -63.279  -12.696 0.0000000000
22114  39.260  -63.357  -14.918 0.0000000000
22115  38.200  -63.236  -15.151 0.0000000000
20904  37.819  -63.955  -15.767 0.0000000000
20924  37.335  -64.740  -16.369 0.0000000000
19834  37.328  -65.752  -17.720 0.0000000000
19810  43.032  -66.148  -15.626 0.0000000000
12821  40.557  -71.859  -17.383 0.0000000000
18648  41.764  -66.473  -16.733 0.0000000000
18649  41.042  -66.320  -16.750 0.0000000000
19831  40.509  -66.114  -16.772 0.0000000000
19832  39.654  -66.133  -17.161 0.0000000000
16191  39.301  -68.707  -18.157 0.0000000000
17441  38.989  -67.709  -18.395 0.0000000000
18665  39.166  -66.790  -18.023 0.0000000000
19851  38.218  -66.375  -18.116 0.0000000000
18681  37.173  -66.762  -18.804 0.0000000000
17464  36.729  -67.383  -19.878 0.0000000000
25798  49.912  -60.607  -7.406 0.0000000000
25781  50.406  -60.165  -6.844 0.0000000000
24515  49.355  -61.219  -7.667 0.0000000000
24516  48.703  -62.076  -7.839 0.0000000000
23219  47.419  -62.900  -7.157 0.0000000000
24504  47.024  -62.336  -6.984 0.0000000000
27031  46.086  -59.490  -5.594 0.0000000000
27047  47.485  -60.154  -6.426 0.0000000000
25786  46.586  -61.082  -6.746 0.0000000000
24505  45.698  -62.179  -6.592 0.0000000000
23208  44.784  -63.096  -6.376 0.0000000000
21953  43.176  -63.472  -6.159 0.0000000000
21954  42.573  -63.641  -5.981 0.0000000000
23189  41.551  -62.722  -5.593 0.0000000000
21955  41.769  -63.709  -5.774 0.0000000000
20799  41.395  -64.221  -6.137 0.0000000000
19714  39.842  -65.455  -6.301 0.0000000000
17230  40.366  -67.652  -6.592 0.0000000000
18491  39.159  -66.272  -5.903 0.0000000000
17216  40.491  -67.631  -5.973 0.0000000000
16043  40.653  -68.171  -7.088 0.0000000000
24525  37.660  -61.504  -7.666 0.0000000000
25805  38.360  -60.639  -7.471 0.0000000000
25807  36.563  -60.338  -7.538 0.0000000000
27068  38.069  -59.713  -7.521 0.0000000000
11751  40.368  -72.268  -17.127 0.0000000000
15095  38.236  -69.121  -19.503 0.0000000000
15114  37.614  -68.737  -20.174 0.0000000000
16018  39.188  -68.122  -5.679 0.0000000000
16076  42.023  -68.535  -9.069 0.0000000000
16175  40.399  -68.997  -17.548 0.0000000000
16216  37.317  -68.130  -19.861 0.0000000000
16217  36.892  -67.725  -20.222 0.0000000000
17218  39.045  -67.331  -5.695 0.0000000000
17231  39.832  -67.120  -6.388 0.0000000000
17245  40.247  -67.698  -7.128 0.0000000000
17247  39.164  -66.861  -7.709 0.0000000000
17265  40.157  -67.782  -7.770 0.0000000000
17267  39.025  -66.765  -8.133 0.0000000000
17285  41.532  -67.730  -9.665 0.0000000000
17287  39.613  -67.197  -8.915 0.0000000000
17442  38.319  -67.578  -18.813 0.0000000000
17443  37.536  -67.448  -19.148 0.0000000000
17444  36.939  -67.160  -19.364 0.0000000000
17481  36.605  -67.393  -20.594 0.0000000000
18481  39.244  -66.704  -5.812 0.0000000000
18528  41.420  -67.071  -10.165 0.0000000000
18538  44.505  -67.105  -11.550 0.0000000000
18541  41.920  -66.763  -10.509 0.0000000000
18552  44.415  -66.613  -11.695 0.0000000000
18553  43.827  -66.363  -11.493 0.0000000000
18595  45.069  -66.838  -13.123 0.0000000000
18631  44.552  -66.216  -14.374 0.0000000000
18662  42.457  -67.593  -17.229 0.0000000000
18666  38.474  -66.478  -18.075 0.0000000000
18680  38.171  -66.836  -18.460 0.0000000000
18721  36.329  -66.913  -20.786 0.0000000000
18739  36.281  -66.699  -20.997 0.0000000000
19702  39.537  -65.268  -5.889 0.0000000000
19715  39.212  -65.805  -6.038 0.0000000000
19730  39.803  -65.504  -7.067 0.0000000000
19752  42.785  -66.124  -11.249 0.0000000000
19764  44.599  -66.462  -12.067 0.0000000000
19767  41.680  -65.416  -11.411 0.0000000000
19778  43.874  -65.399  -12.729 0.0000000000
19808  44.374  -66.063  -14.814 0.0000000000
19818  41.898  -65.733  -16.200 0.0000000000
20781  41.102  -64.154  -5.782 0.0000000000
20800  40.611  -64.720  -6.176 0.0000000000
20835  37.917  -63.936  -9.545 0.0000000000
20843  39.636  -64.656  -11.015 0.0000000000
20844  38.984  -64.551  -10.495 0.0000000000
20854  42.684  -65.183  -12.284 0.0000000000
20868  41.210  -64.069  -12.195 0.0000000000
20876  44.501  -65.435  -14.474 0.0000000000
20887  44.109  -65.048  -15.043 0.0000000000
20898  44.234  -65.945  -15.084 0.0000000000
20899  43.930  -65.714  -15.267 0.0000000000
20906  35.588  -64.200  -15.961 0.0000000000
21972  47.116  -63.870  -7.572 0.0000000000
21973  46.651  -64.009  -7.296 0.0000000000
21978  41.969  -63.934  -6.364 0.0000000000
21987  47.409  -63.841  -8.009 0.0000000000
22008  45.706  -63.774  -7.616 0.0000000000
22056  42.021  -64.236  -12.674 0.0000000000
22057  41.580  -63.969  -12.605 0.0000000000
22062  37.036  -63.005  -12.839 0.0000000000
22063  36.126  -63.162  -12.877 0.0000000000
22064  35.330  -63.318  -13.077 0.0000000000
22065  34.546  -63.325  -13.141 0.0000000000
22075  42.108  -64.057  -12.931 0.0000000000
22078  39.684  -63.282  -13.241 0.0000000000
22079  38.708  -63.175  -13.418 0.0000000000
22082  35.883  -63.342  -13.711 0.0000000000
22095  40.408  -63.571  -13.947 0.0000000000
23187  43.010  -63.213  -5.886 0.0000000000
23206  46.893  -63.562  -6.986 0.0000000000
23207  45.894  -63.348  -6.668 0.0000000000
23244  38.150  -62.963  -7.994 0.0000000000
23247  34.825  -62.024  -8.844 0.0000000000
23265  33.253  -61.907  -9.761 0.0000000000
23277  33.047  -62.185  -10.377 0.0000000000
23287  36.440  -63.187  -11.879 0.0000000000
24488  43.020  -62.597  -5.859 0.0000000000
24508  43.002  -61.234  -6.046 0.0000000000
24517  47.935  -62.212  -7.235 0.0000000000
24518  47.469  -62.555  -7.142 0.0000000000
24527  36.047  -61.057  -7.716 0.0000000000
24546  37.083  -61.702  -8.051 0.0000000000
24549  34.480  -61.202  -8.313 0.0000000000
24550  33.529  -60.920  -8.615 0.0000000000
24570  33.080  -61.494  -9.280 0.0000000000
25765  49.938  -60.161  -6.151 0.0000000000
25766  49.715  -60.121  -6.003 0.0000000000
25767  43.647  -60.294  -6.040 0.0000000000
25768  42.879  -60.548  -5.840 0.0000000000
25782  50.025  -60.324  -6.609 0.0000000000
25784  48.416  -60.969  -6.989 0.0000000000
25785  47.623  -61.030  -6.900 0.0000000000
25806  37.442  -60.482  -7.495 0.0000000000
25808  35.714  -60.288  -7.606 0.0000000000
25822  34.077  -60.170  -8.221 0.0000000000
27026  50.303  -59.732  -5.936 0.0000000000
27033  43.656  -59.740  -5.504 0.0000000000
27043  50.459  -59.874  -6.318 0.0000000000
27045  48.934  -60.464  -6.392 0.0000000000
27062  50.660  -59.835  -6.816 0.0000000000
27069  37.156  -59.582  -7.563 0.0000000000
27071  35.416  -59.661  -7.700 0.0000000000
27089  35.616  -59.101  -7.871 0.0000000000
28307  50.386  -59.469  -5.896 0.0000000000
28330  38.697  -59.056  -7.713 0.0000000000
