#!ascii label  , from subject ernie vox2ras=TkReg
721
76529  19.506  -19.083  -26.145 0.1428571492
75386  18.625  -19.788  -25.875 0.1428571492
76558  18.844  -18.254  -27.291 0.1428571492
75384  20.318  -19.239  -25.175 0.1428571492
76528  20.213  -18.642  -25.986 0.2857142985
75402  19.055  -19.315  -26.200 0.1428571492
77700  19.582  -17.272  -27.999 0.5714285970
77684  20.733  -17.828  -26.580 0.1428571492
77682  22.462  -16.723  -26.295 0.2857142985
77683  21.512  -17.049  -26.740 0.2857142985
78837  22.683  -16.113  -26.640 0.1428571492
81157  23.596  -14.132  -28.693 0.2857142985
81143  23.416  -14.663  -27.941 0.1428571492
81144  22.984  -15.140  -27.992 0.2857142985
83429  24.815  -12.634  -29.114 0.2857142985
82304  24.731  -13.217  -28.460 0.2857142985
84602  25.165  -11.525  -30.990 0.2857142985
83452  24.981  -12.047  -30.173 0.2857142985
86899  26.503  -9.634  -31.493 0.2857142985
89130  26.446  -7.781  -33.487 0.8571428657
87993  26.461  -8.997  -32.220 0.4285714328
85821  26.307  -10.214  -30.911 0.2857142985
90281  27.580  -6.105  -34.622 0.7142857313
89150  27.836  -6.860  -34.188 0.7142857313
89144  27.242  -7.279  -34.033 0.7142857313
88010  26.516  -8.279  -32.743 0.7142857313
91347  28.192  -5.543  -34.849 0.8571428657
91348  27.612  -5.390  -34.793 0.8571428657
90274  27.089  -6.597  -34.163 0.7142857313
89145  26.573  -7.084  -33.960 0.7142857313
93402  28.597  -3.008  -35.216 0.4285714328
92365  28.085  -4.646  -34.929 0.7142857313
92366  27.485  -4.745  -34.528 0.8571428657
96451  29.117  -1.161  -36.430 0.2857142985
96433  28.585  -0.773  -35.662 0.5714285970
94375  28.308  -2.425  -35.032 0.8571428657
93392  28.059  -3.617  -34.664 0.8571428657
97611  29.520  0.327  -36.598 0.1428571492
96450  29.512  -0.633  -36.551 0.1428571492
96440  28.964  -0.309  -36.107 0.4285714328
95349  28.532  -1.512  -35.542 0.5714285970
99926  28.896  2.308  -36.888 0.1428571492
98807  29.783  0.827  -37.071 0.1428571492
97602  29.249  0.473  -36.066 0.1428571492
95336  28.613  -1.462  -34.413 0.8571428657
101001  28.772  3.313  -38.741 0.1428571492
99933  29.327  2.461  -38.074 0.1428571492
100994  28.838  3.206  -37.686 0.1428571492
98800  29.345  1.402  -36.037 0.1428571492
99920  29.329  2.448  -35.714 0.4285714328
97592  29.331  0.604  -35.278 0.5714285970
96418  29.566  0.129  -34.355 0.7142857313
96420  28.884  -1.113  -33.531 0.8571428657
100995  28.588  3.917  -37.473 0.1428571492
102037  28.541  4.563  -37.357 0.1428571492
100988  28.859  3.542  -36.529 0.1428571492
98776  29.860  0.822  -33.951 0.8571428657
96419  29.472  -0.459  -34.043 0.8571428657
96403  29.485  0.189  -33.013 0.8571428657
103071  28.497  4.977  -37.883 0.1428571492
103070  28.629  5.437  -37.192 0.2857142985
102036  28.758  4.598  -36.622 0.1428571492
102020  29.247  4.473  -35.690 0.8571428657
99908  29.724  2.585  -34.494 0.8571428657
98791  29.532  1.435  -34.894 0.7142857313
99891  29.652  2.777  -33.432 0.8571428657
105195  28.937  7.451  -37.515 0.1428571492
105196  28.511  7.964  -37.996 0.1428571492
103059  29.159  5.476  -36.159 0.4285714328
103047  29.420  5.459  -35.007 0.8571428657
102002  29.616  4.332  -34.529 0.8571428657
100963  29.839  3.476  -33.916 0.8571428657
104131  29.067  6.450  -36.738 0.4285714328
103032  29.561  5.398  -33.718 0.8571428657
101990  29.653  4.168  -33.632 0.8571428657
101971  29.299  4.660  -32.842 0.8571428657
106184  29.265  8.573  -36.718 0.1428571492
107121  29.122  9.559  -37.175 0.2857142985
105184  29.363  7.519  -36.226 0.5714285970
105175  29.498  7.595  -35.065 0.8571428657
104110  29.603  6.589  -34.398 0.8571428657
104094  29.472  6.874  -33.141 0.8571428657
103015  29.112  5.718  -32.652 0.8571428657
108156  29.404  10.581  -36.893 0.2857142985
107112  29.716  9.776  -36.163 0.7142857313
106173  29.594  8.589  -35.656 0.8571428657
105158  29.645  7.727  -34.016 0.8571428657
105142  29.401  7.990  -33.362 0.8571428657
107099  29.828  9.504  -35.128 0.8571428657
107085  30.017  10.138  -34.758 0.8571428657
106146  29.646  8.729  -33.734 0.8571428657
107072  29.605  9.659  -33.398 0.7142857313
106147  29.363  8.758  -33.052 0.7142857313
108146  30.096  11.022  -35.652 0.8571428657
108133  30.201  10.946  -34.745 0.8571428657
107086  29.892  9.660  -34.225 0.8571428657
108119  30.204  11.374  -34.193 0.8571428657
109167  30.046  11.942  -33.811 0.8571428657
108121  29.423  10.512  -33.043 0.7142857313
111410  31.052  13.528  -36.096 0.7142857313
110303  30.638  12.811  -35.064 0.8571428657
111403  30.819  13.584  -35.196 0.8571428657
112457  30.520  14.384  -34.211 0.8571428657
114402  31.107  16.455  -34.677 0.7142857313
108120  29.977  10.722  -33.809 0.8571428657
110290  30.353  12.773  -34.230 0.8571428657
115382  31.150  17.701  -38.219 0.1428571492
112464  30.834  14.447  -35.101 0.8571428657
113440  31.137  15.883  -35.047 0.7142857313
114411  31.376  16.426  -35.304 0.7142857313
113441  30.751  15.383  -34.708 0.8571428657
117238  31.172  19.602  -38.344 0.1428571492
115365  31.434  17.388  -35.652 0.5714285970
116275  31.447  18.462  -36.059 0.5714285970
117215  31.519  19.468  -35.598 0.5714285970
116280  31.466  18.548  -37.019 0.1428571492
118086  31.018  20.583  -38.895 0.1428571492
118062  31.503  20.439  -35.265 0.5714285970
119613  31.264  22.551  -38.226 0.1428571492
120378  31.155  23.212  -38.729 0.1428571492
118828  31.924  21.445  -36.531 0.1428571492
120383  31.335  23.889  -38.780 0.1428571492
118068  31.842  20.442  -36.092 0.5714285970
120377  31.463  23.539  -37.979 0.1428571492
121221  31.677  24.385  -37.268 0.1428571492
122106  31.497  25.556  -38.618 0.1428571492
74194  18.969  -20.136  -25.404 0.1428571492
76541  20.075  -18.208  -27.167 0.2857142985
76527  21.057  -18.278  -25.455 0.1428571492
77665  22.234  -17.363  -25.798 0.2857142985
77666  21.322  -17.692  -25.893 0.2857142985
79967  23.829  -14.771  -27.487 0.2857142985
79968  23.322  -15.155  -27.513 0.2857142985
85822  25.767  -10.627  -31.509 0.2857142985
84617  25.258  -11.168  -31.872 0.2857142985
88009  27.008  -8.378  -32.478 0.4285714328
92364  29.018  -4.602  -34.697 0.2857142985
94386  28.798  -2.344  -35.666 0.1428571492
93374  27.868  -3.423  -33.506 0.8571428657
95335  28.704  -0.734  -34.709 0.7142857313
102044  28.510  4.403  -38.092 0.1428571492
100981  29.432  3.468  -35.221 0.8571428657
100964  29.772  3.464  -34.335 0.8571428657
98756  29.363  1.802  -32.761 0.8571428657
100948  29.482  3.675  -32.965 0.8571428657
108155  29.819  10.827  -36.252 0.8571428657
110313  30.901  12.758  -36.015 0.8571428657
112469  31.021  14.328  -36.169 0.8571428657
114414  31.454  16.379  -36.197 0.7142857313
118076  31.829  20.532  -37.066 0.1428571492
118838  31.133  21.577  -38.522 0.1428571492
121231  30.622  24.484  -39.925 0.1428571492
74195  18.358  -20.359  -25.408 0.1428571492
77699  20.514  -17.237  -27.668 0.4285714328
78853  21.684  -16.372  -27.512 0.2857142985
77698  21.171  -16.818  -27.433 0.4285714328
77714  20.409  -16.938  -28.167 0.2857142985
79951  22.583  -15.817  -27.131 0.1428571492
81142  24.393  -14.178  -27.687 0.2857142985
82319  24.362  -13.144  -29.277 0.2857142985
82320  23.771  -13.643  -29.466 0.2857142985
87994  25.687  -8.802  -32.326 0.7142857313
98816  29.595  1.676  -37.950 0.1428571492
102051  28.768  4.032  -39.409 0.1428571492
103080  28.543  5.590  -38.162 0.1428571492
105206  28.735  6.860  -38.172 0.1428571492
97560  29.637  0.957  -33.001 0.8571428657
97561  29.211  0.763  -32.141 1.0000000000
106191  28.774  8.575  -37.616 0.1428571492
108165  28.977  10.411  -37.697 0.1428571492
109201  29.723  11.334  -36.774 0.2857142985
105130  28.536  7.844  -32.284 0.8571428657
109200  30.179  11.773  -36.277 0.5714285970
111411  30.653  13.548  -36.490 0.5714285970
112470  30.441  14.426  -36.783 0.5714285970
113447  31.208  15.270  -35.552 0.7142857313
115368  31.402  17.491  -36.620 0.4285714328
113460  31.006  15.611  -37.437 0.2857142985
114421  31.312  16.488  -37.331 0.2857142985
115374  31.349  17.656  -37.498 0.1428571492
116284  31.360  18.613  -37.905 0.1428571492
117228  31.548  19.559  -37.494 0.1428571492
119596  31.614  22.187  -35.965 0.2857142985
118085  31.396  20.593  -37.978 0.1428571492
119612  31.629  22.738  -37.519 0.1428571492
120370  31.771  23.404  -37.028 0.1428571492
121211  31.694  24.109  -36.292 0.1428571492
118846  30.604  21.523  -39.294 0.1428571492
122100  31.697  25.450  -37.547 0.1428571492
122881  31.512  26.370  -36.741 0.1428571492
109210  30.017  11.924  -37.030 0.4285714328
110324  29.802  12.592  -37.375 0.4285714328
111421  30.063  13.542  -37.065 0.4285714328
113453  30.581  15.060  -37.253 0.4285714328
113452  31.073  15.350  -36.686 0.5714285970
76542  19.199  -18.681  -26.764 0.1428571492
76557  19.411  -18.075  -27.502 0.4285714328
76543  18.190  -18.214  -26.892 0.2857142985
76556  19.931  -17.808  -27.691 0.5714285970
78852  22.262  -16.053  -27.170 0.1428571492
81156  24.151  -13.716  -28.372 0.2857142985
90275  26.594  -6.495  -33.741 0.7142857313
93391  28.804  -3.758  -35.110 0.8571428657
93393  27.654  -4.175  -33.933 0.8571428657
96432  28.863  -0.229  -35.206 0.5714285970
98808  29.437  1.325  -37.081 0.1428571492
98777  29.753  1.487  -33.791 0.8571428657
104123  29.382  6.510  -35.595 0.8571428657
106159  29.669  8.632  -34.618 0.8571428657
109192  30.361  11.877  -35.391 0.8571428657
109180  30.304  11.951  -34.558 0.8571428657
116293  30.928  18.647  -38.637 0.1428571492
117221  31.677  19.498  -36.558 0.5714285970
116267  31.451  18.319  -34.972 0.5714285970
118837  31.658  21.703  -37.548 0.1428571492
120384  30.848  23.598  -39.434 0.1428571492
119621  30.217  22.253  -39.608 0.1428571492
119604  31.902  22.456  -36.818 0.1428571492
121228  31.514  24.572  -38.254 0.1428571492
81125  24.581  -14.630  -27.232 0.1428571492
110323  30.389  12.656  -36.780 0.5714285970
78854  21.046  -16.652  -27.848 0.4285714328
82333  24.125  -13.105  -29.946 0.5714285970
121201  31.314  23.722  -35.506 0.1428571492
82334  23.504  -13.448  -30.319 0.5714285970
82336  21.910  -13.403  -30.588 0.5714285970
83457  20.613  -12.310  -30.291 0.2857142985
83467  23.269  -12.167  -31.187 0.5714285970
84604  22.351  -11.624  -30.875 0.5714285970
82321  20.447  -13.940  -29.784 0.4285714328
83454  23.433  -12.851  -31.030 0.5714285970
84605  21.370  -11.495  -30.594 0.4285714328
84633  25.043  -11.188  -32.115 0.4285714328
85824  24.114  -10.696  -31.642 0.5714285970
85825  22.908  -10.770  -31.216 0.5714285970
85826  22.036  -10.141  -31.093 0.4285714328
86901  24.777  -10.012  -32.216 0.5714285970
86902  23.837  -9.790  -31.545 0.5714285970
87995  24.631  -8.931  -31.828 0.7142857313
87996  23.714  -8.766  -31.375 0.4285714328
84606  20.477  -11.260  -30.451 0.2857142985
83458  19.948  -11.771  -30.216 0.2857142985
90246  25.322  -7.331  -31.910 0.7142857313
90247  24.589  -6.968  -31.500 0.4285714328
91308  25.830  -6.147  -31.706 0.7142857313
91309  24.573  -5.827  -31.413 0.5714285970
92321  25.510  -4.822  -31.379 0.7142857313
92322  24.361  -4.662  -31.492 0.2857142985
89131  25.844  -7.769  -32.680 0.5714285970
91307  26.684  -5.534  -32.108 0.7142857313
93343  25.195  -3.631  -31.444 0.7142857313
93342  26.339  -3.775  -31.501 0.7142857313
94336  24.944  -2.407  -31.653 0.4285714328
91338  27.091  -5.802  -33.908 0.5714285970
91321  26.342  -6.193  -32.960 0.5714285970
92351  27.353  -4.851  -33.445 0.5714285970
93359  26.904  -4.071  -31.676 0.5714285970
94334  27.051  -2.884  -31.587 0.7142857313
95304  27.050  -1.744  -31.403 0.7142857313
95303  27.802  -1.268  -31.397 0.7142857313
95305  25.721  -1.579  -31.490 0.7142857313
95323  25.155  -1.234  -31.729 0.5714285970
97545  25.504  0.174  -31.638 0.5714285970
94361  28.224  -2.561  -33.958 0.7142857313
94348  27.650  -2.915  -31.857 0.5714285970
94333  27.307  -3.297  -31.735 0.5714285970
95321  28.164  -1.883  -31.779 0.7142857313
94349  27.410  -2.738  -31.663 0.7142857313
96386  27.474  -0.492  -31.208 0.8571428657
95324  24.619  -1.524  -31.987 0.4285714328
97543  27.592  0.728  -31.073 0.7142857313
97544  26.537  0.402  -31.175 0.7142857313
98740  25.165  0.910  -31.736 0.5714285970
98738  26.747  1.453  -31.111 0.7142857313
94347  27.997  -2.642  -32.767 0.5714285970
96385  28.453  0.087  -31.428 0.8571428657
97542  28.422  1.197  -31.466 0.8571428657
98737  27.707  1.722  -31.176 0.7142857313
99855  25.979  2.312  -31.278 0.5714285970
100931  26.223  3.549  -31.257 0.2857142985
96404  28.891  -0.663  -32.496 0.7142857313
98736  28.379  2.013  -31.483 0.7142857313
101956  27.586  5.298  -31.355 0.7142857313
98757  28.922  1.888  -31.924 0.7142857313
99870  28.766  2.674  -31.681 0.8571428657
100910  26.776  3.023  -31.221 0.8571428657
101954  28.461  5.571  -31.668 0.8571428657
100909  28.015  3.648  -31.140 0.8571428657
101974  26.923  4.874  -31.410 0.5714285970
101973  28.032  4.779  -31.236 0.8571428657
103000  28.241  5.987  -31.506 0.8571428657
104064  26.668  5.930  -31.548 0.7142857313
99869  29.289  2.945  -32.238 0.8571428657
101972  28.698  4.984  -31.925 0.8571428657
104062  27.750  6.348  -31.479 0.8571428657
104078  29.002  6.512  -32.321 0.8571428657
104095  29.029  7.201  -32.373 0.8571428657
104080  27.267  6.918  -31.565 0.7142857313
109168  29.558  11.468  -33.230 0.7142857313
109169  29.136  11.183  -32.786 0.7142857313
110281  29.579  12.534  -33.253 0.5714285970
109160  28.469  11.505  -32.552 0.7142857313
109159  29.125  11.985  -32.838 0.7142857313
111390  29.822  13.449  -33.402 0.7142857313
112447  30.101  14.164  -33.610 0.8571428657
113429  30.066  15.174  -33.805 0.7142857313
111380  28.895  13.271  -32.709 0.7142857313
114393  28.996  16.390  -33.383 0.7142857313
113431  28.377  15.453  -33.109 0.5714285970
114403  30.516  16.334  -34.128 0.7142857313
115347  30.313  17.117  -33.767 0.7142857313
114394  28.040  16.499  -33.350 0.5714285970
116259  30.260  18.165  -33.779 0.4285714328
116260  29.357  18.299  -33.510 0.5714285970
115349  28.716  17.417  -33.412 0.5714285970
117198  29.786  18.951  -33.753 0.5714285970
117199  29.137  19.399  -33.699 0.5714285970
116261  28.423  18.428  -33.624 0.5714285970
115350  27.719  17.499  -33.599 0.4285714328
114395  26.993  16.583  -33.402 0.5714285970
113433  26.299  15.518  -33.236 0.4285714328
116262  27.427  18.486  -33.905 0.5714285970
118053  29.664  20.133  -34.021 0.5714285970
115352  25.814  17.291  -34.224 0.4285714328
112451  25.453  14.563  -33.414 0.4285714328
116263  26.587  18.519  -34.244 0.5714285970
115351  26.645  17.569  -33.884 0.5714285970
117210  25.991  19.607  -34.754 0.4285714328
89129  27.321  -7.891  -33.182 0.2857142985
93375  27.657  -4.118  -32.909 0.5714285970
117209  26.615  20.057  -34.444 0.2857142985
116269  25.910  18.600  -34.581 0.4285714328
115359  25.331  17.766  -34.540 0.2857142985
81188  21.999  -14.173  -30.382 0.5714285970
81175  21.083  -14.603  -30.056 0.5714285970
84603  24.549  -11.926  -31.231 0.2857142985
83453  24.357  -12.556  -30.712 0.4285714328
84618  24.630  -11.350  -31.703 0.5714285970
83443  20.306  -13.152  -29.849 0.2857142985
85813  21.109  -10.440  -30.870 0.4285714328
86903  22.856  -9.557  -31.235 0.4285714328
85814  20.169  -10.467  -30.606 0.2857142985
85827  21.466  -9.866  -31.211 0.2857142985
89113  24.536  -7.994  -31.579 0.5714285970
90258  28.448  -6.601  -33.135 0.2857142985
91310  23.448  -5.624  -31.702 0.2857142985
100930  27.527  4.184  -31.147 0.7142857313
107073  29.145  9.613  -32.790 0.7142857313
108110  28.816  10.485  -32.594 0.7142857313
107060  28.418  9.604  -32.425 0.7142857313
112449  28.890  14.775  -32.894 0.7142857313
113432  27.391  15.656  -33.102 0.5714285970
114396  25.992  16.552  -33.816 0.2857142985
115356  31.455  17.206  -34.882 0.5714285970
116268  30.870  18.578  -34.349 0.5714285970
115357  30.969  17.460  -34.276 0.5714285970
117207  30.313  19.331  -34.110 0.5714285970
117200  28.108  19.394  -33.852 0.5714285970
118046  27.904  20.262  -33.990 0.2857142985
87997  22.706  -8.584  -31.392 0.4285714328
83442  24.596  -12.580  -29.781 0.2857142985
90259  26.138  -7.039  -33.374 0.5714285970
95320  28.320  -1.660  -33.176 0.7142857313
96405  28.271  -0.882  -31.521 0.7142857313
100928  29.214  4.024  -32.198 0.7142857313
89112  25.246  -8.191  -31.989 0.5714285970
105131  27.641  7.783  -31.945 0.7142857313
91320  26.901  -5.376  -32.851 0.5714285970
83455  22.601  -12.613  -30.868 0.5714285970
82335  22.714  -13.526  -30.688 0.4285714328
83456  21.644  -12.491  -30.575 0.5714285970
82337  21.043  -13.446  -30.307 0.5714285970
83466  24.011  -12.166  -31.391 0.5714285970
84620  22.990  -11.630  -31.181 0.5714285970
84619  23.671  -11.491  -31.394 0.5714285970
85812  22.034  -10.910  -30.871 0.4285714328
89114  23.610  -7.759  -31.416 0.4285714328
90248  23.577  -6.715  -31.522 0.4285714328
92335  27.165  -4.730  -32.311 0.7142857313
92320  26.589  -4.829  -31.679 0.7142857313
94335  26.052  -2.665  -31.446 0.7142857313
96387  26.288  -0.660  -31.344 0.7142857313
97546  24.989  0.545  -31.920 0.2857142985
99871  25.528  2.950  -31.432 0.5714285970
100932  25.169  3.556  -31.602 0.2857142985
111379  29.376  13.337  -32.971 0.7142857313
112448  29.497  14.267  -33.077 0.7142857313
114392  29.812  16.287  -33.655 0.8571428657
118044  29.179  20.051  -33.843 0.7142857313
117201  27.017  19.490  -34.222 0.5714285970
115358  26.068  17.939  -34.324 0.4285714328
86905  20.913  -9.482  -31.402 0.1428571492
87998  21.686  -8.547  -31.576 0.4285714328
77701  18.791  -17.665  -27.491 0.4285714328
84574  25.524  -11.731  -29.163 0.1428571492
83441  25.174  -12.122  -29.462 0.1428571492
84589  25.622  -11.392  -29.807 0.1428571492
87992  27.180  -8.621  -31.690 0.1428571492
85798  26.084  -10.683  -29.838 0.1428571492
84573  26.038  -11.229  -28.782 0.1428571492
86898  27.089  -9.054  -30.960 0.1428571492
86889  26.724  -9.616  -30.612 0.1428571492
85809  26.340  -10.149  -30.170 0.1428571492
91319  28.711  -5.975  -33.493 0.2857142985
92350  29.486  -4.945  -34.081 0.1428571492
106133  28.818  8.723  -32.583 0.5714285970
124473  31.006  28.752  -37.334 0.1428571492
122091  31.670  25.187  -36.467 0.1428571492
107061  27.504  9.614  -32.224 0.4285714328
108111  27.975  10.535  -32.355 0.5714285970
109161  27.471  11.457  -32.516 0.4285714328
122863  28.986  25.642  -34.709 0.2857142985
120342  29.540  22.862  -34.493 0.2857142985
118054  29.161  20.355  -33.930 0.2857142985
108122  25.061  10.573  -32.954 0.1428571492
110274  27.859  12.394  -32.543 0.5714285970
112441  28.746  14.022  -32.617 0.5714285970
120343  28.592  23.053  -34.554 0.2857142985
118052  30.535  20.313  -34.431 0.4285714328
109163  25.520  11.504  -32.873 0.4285714328
111391  26.637  13.681  -32.791 0.5714285970
119581  28.790  22.045  -34.339 0.2857142985
110282  25.129  12.484  -33.220 0.4285714328
111392  25.850  13.440  -33.111 0.2857142985
118810  26.954  21.407  -34.471 0.1428571492
118809  27.998  21.185  -34.127 0.1428571492
119582  27.756  22.226  -34.536 0.1428571492
110283  24.185  12.490  -33.776 0.1428571492
118056  26.346  20.605  -34.617 0.1428571492
119583  26.618  22.349  -34.863 0.1428571492
120344  27.518  23.240  -34.891 0.1428571492
111393  24.755  13.553  -33.543 0.2857142985
116271  24.240  18.846  -34.793 0.1428571492
118811  26.015  21.429  -34.922 0.1428571492
118057  25.518  20.567  -35.156 0.1428571492
118816  25.123  21.485  -35.345 0.1428571492
119584  25.707  22.125  -35.228 0.1428571492
118063  24.650  20.604  -35.435 0.1428571492
78855  19.374  -16.621  -28.166 0.4285714328
79987  19.157  -15.375  -28.333 0.2857142985
83428  25.437  -12.276  -28.716 0.1428571492
86877  26.796  -9.577  -29.868 0.1428571492
89111  27.473  -7.797  -32.207 0.1428571492
106135  27.031  8.684  -32.081 0.2857142985
119579  30.664  21.833  -34.615 0.2857142985
121193  29.401  23.811  -34.510 0.2857142985
120352  26.885  23.679  -35.231 0.2857142985
79972  18.661  -15.295  -27.708 0.2857142985
79950  23.096  -15.590  -26.994 0.1428571492
82290  25.200  -13.508  -27.829 0.1428571492
82303  25.587  -12.872  -28.041 0.1428571492
91337  28.556  -5.926  -34.276 0.1428571492
89128  28.086  -7.300  -32.737 0.1428571492
105132  26.533  7.715  -31.844 0.4285714328
108123  24.343  10.523  -33.609 0.2857142985
112443  27.140  14.229  -32.670 0.5714285970
117206  31.095  19.593  -34.752 0.4285714328
122070  28.262  25.041  -34.715 0.2857142985
122069  29.371  24.881  -34.535 0.2857142985
120351  30.866  23.263  -34.954 0.2857142985
121192  30.221  23.543  -34.655 0.2857142985
122081  29.682  25.753  -34.840 0.2857142985
122872  30.271  26.383  -35.317 0.1428571492
123662  29.836  27.678  -35.694 0.1428571492
119590  25.984  22.717  -35.392 0.2857142985
121195  27.541  24.229  -34.921 0.2857142985
122871  31.177  25.881  -35.731 0.1428571492
123661  30.962  27.089  -36.012 0.1428571492
122079  31.336  24.747  -35.544 0.1428571492
92363  29.863  -4.364  -34.287 0.2857142985
119588  31.304  21.922  -35.124 0.4285714328
122864  28.423  25.804  -35.015 0.2857142985
121202  30.820  24.167  -34.936 0.1428571492
78870  19.800  -16.491  -28.711 0.4285714328
90273  28.309  -6.562  -33.966 0.4285714328
118805  31.132  21.094  -34.747 0.2857142985
120350  31.211  22.799  -35.451 0.2857142985
108112  26.995  10.542  -32.401 0.4285714328
110273  28.634  12.524  -32.653 0.5714285970
111381  28.241  13.267  -32.521 0.5714285970
113424  27.686  14.860  -32.756 0.5714285970
118807  30.091  21.050  -34.353 0.2857142985
116270  25.124  18.759  -35.044 0.2857142985
118055  27.134  20.510  -34.272 0.2857142985
106134  28.016  8.699  -32.244 0.5714285970
112442  27.918  14.077  -32.489 0.5714285970
112450  26.371  14.410  -32.969 0.5714285970
118801  28.751  20.621  -33.969 0.2857142985
84588  26.040  -10.860  -29.396 0.1428571492
89102  27.746  -7.807  -31.417 0.1428571492
107062  26.493  9.625  -32.278 0.2857142985
121194  28.451  24.061  -34.614 0.2857142985
119580  29.770  21.923  -34.379 0.2857142985
110275  26.965  12.330  -32.666 0.4285714328
110276  26.061  12.379  -32.841 0.4285714328
109170  24.651  11.505  -33.415 0.2857142985
111382  27.331  13.288  -32.601 0.5714285970
89101  28.465  -7.279  -30.805 0.1428571492
105133  25.271  7.591  -32.325 0.2857142985
122068  30.112  24.349  -34.626 0.2857142985
122080  30.500  25.212  -34.940 0.2857142985
97562  25.169  -0.318  -31.871 0.4285714328
99872  25.018  2.343  -31.746 0.2857142985
122084  25.830  25.471  -35.986 0.1428571492
122082  27.769  25.487  -35.144 0.1428571492
123665  26.111  27.057  -36.207 0.1428571492
119592  24.309  23.187  -35.542 0.1428571492
122877  25.153  26.172  -36.511 0.1428571492
122083  26.821  25.362  -35.446 0.1428571492
120354  24.907  23.763  -36.274 0.1428571492
120361  24.632  24.460  -36.254 0.1428571492
121204  25.901  24.500  -35.953 0.1428571492
121212  24.785  25.075  -36.291 0.1428571492
123676  25.514  27.332  -36.791 0.1428571492
121203  26.760  24.359  -35.393 0.1428571492
121205  25.172  24.763  -36.316 0.1428571492
122074  24.258  25.622  -35.187 0.1428571492
122883  24.952  26.618  -36.724 0.1428571492
99856  25.464  1.850  -31.517 0.2857142985
120355  24.193  24.235  -35.880 0.1428571492
122878  24.429  26.593  -36.111 0.1428571492
123675  26.450  27.769  -36.570 0.1428571492
86900  25.692  -9.961  -32.187 0.2857142985
122874  27.788  26.348  -35.374 0.1428571492
122875  26.514  26.380  -35.721 0.1428571492
123664  27.284  27.459  -35.900 0.1428571492
122086  24.342  25.623  -35.738 0.1428571492
121198  24.021  25.022  -35.307 0.1428571492
85836  25.338  -10.762  -32.145 0.4285714328
79999  21.270  -15.249  -29.565 0.4285714328
81159  22.094  -15.236  -28.875 0.2857142985
81173  22.969  -14.374  -29.368 0.2857142985
81158  22.740  -14.987  -28.631 0.1428571492
81187  22.764  -14.125  -30.102 0.2857142985
79984  21.452  -15.657  -28.741 0.2857142985
81172  23.392  -14.027  -29.323 0.1428571492
79969  22.408  -15.639  -27.839 0.1428571492
81186  23.264  -13.929  -29.737 0.2857142985
81174  22.043  -14.854  -29.540 0.2857142985
109162  26.494  11.462  -32.641 0.2857142985
78884  19.969  -15.958  -29.289 0.2857142985
80000  20.552  -15.554  -29.419 0.2857142985
80001  19.994  -15.525  -29.388 0.2857142985
81176  20.062  -14.786  -29.497 0.2857142985
89115  22.514  -7.557  -31.622 0.2857142985
90249  22.692  -6.545  -31.876 0.2857142985
93344  24.032  -3.517  -32.115 0.1428571492
94350  24.113  -2.376  -32.268 0.2857142985
96407  24.382  -0.788  -32.422 0.1428571492
99873  24.500  2.140  -32.535 0.1428571492
103017  26.329  5.503  -31.606 0.1428571492
101976  24.866  4.478  -32.102 0.1428571492
104081  26.163  6.483  -31.670 0.1428571492
104082  25.096  6.387  -32.334 0.1428571492
106148  25.086  8.729  -32.689 0.1428571492
108113  25.996  10.561  -32.587 0.1428571492
107074  24.738  9.621  -33.132 0.1428571492
107063  25.525  9.637  -32.593 0.1428571492
113434  25.239  15.648  -33.837 0.1428571492
111394  23.685  13.583  -33.805 0.1428571492
114397  25.047  16.644  -34.404 0.1428571492
114398  24.407  16.290  -34.393 0.1428571492
78856  18.797  -16.578  -27.587 0.2857142985
79985  20.664  -15.970  -28.936 0.1428571492
78839  18.171  -16.557  -27.064 0.2857142985
86904  21.923  -9.373  -31.353 0.2857142985
93360  23.665  -2.926  -32.570 0.1428571492
97564  23.978  0.018  -32.672 0.1428571492
98759  24.616  1.111  -32.242 0.1428571492
99892  24.077  2.389  -33.151 0.1428571492
100933  24.541  3.251  -32.512 0.1428571492
101991  24.195  4.416  -32.905 0.1428571492
106149  24.489  8.676  -33.273 0.1428571492
112452  24.384  14.747  -33.951 0.1428571492
89116  21.445  -7.730  -31.803 0.2857142985
78869  20.598  -16.518  -28.439 0.2857142985
101975  25.750  4.608  -31.564 0.1428571492
106136  25.973  8.670  -32.247 0.1428571492
79986  19.529  -15.475  -28.988 0.2857142985
90261  22.033  -6.421  -32.377 0.1428571492
103018  25.440  5.492  -31.932 0.1428571492
100949  23.913  3.417  -33.414 0.1428571492
79952  18.161  -15.906  -27.030 0.1428571492
79953  17.534  -15.405  -26.490 0.1428571492
93390  30.174  -3.495  -34.931 0.1428571492
110330  29.225  12.502  -37.979 0.1428571492
81145  18.530  -14.199  -27.875 0.1428571492
81160  19.357  -14.369  -29.050 0.1428571492
81161  19.065  -14.711  -28.409 0.1428571492
83444  19.699  -12.460  -29.780 0.1428571492
109211  29.355  11.521  -37.498 0.1428571492
111422  29.575  13.439  -37.757 0.1428571492
84590  19.380  -11.629  -30.066 0.1428571492
77685  18.176  -17.208  -27.082 0.1428571492
93401  29.290  -2.988  -35.460 0.1428571492
79971  19.235  -15.996  -28.263 0.1428571492
79973  17.963  -15.120  -27.092 0.1428571492
82322  19.598  -13.636  -29.400 0.1428571492
75385  19.499  -19.566  -25.506 0.1428571492
77667  20.782  -18.047  -25.922 0.1428571492
77715  20.180  -17.006  -28.318 0.2857142985
78838  22.081  -16.427  -26.832 0.2857142985
78883  20.256  -16.143  -29.051 0.2857142985
79983  22.183  -15.412  -28.542 0.2857142985
81189  21.516  -13.933  -30.328 0.5714285970
82305  24.141  -13.599  -28.865 0.2857142985
83468  22.807  -12.022  -31.034 0.5714285970
84632  25.212  -11.017  -32.186 0.4285714328
85811  22.412  -11.100  -31.002 0.4285714328
85823  24.689  -10.727  -32.107 0.4285714328
85837  24.982  -10.944  -32.287 0.4285714328
86913  25.123  -10.484  -32.316 0.4285714328
86914  24.888  -10.568  -32.300 0.5714285970
87984  27.680  -8.271  -30.681 0.1428571492
88011  26.132  -8.168  -32.866 0.7142857313
89143  27.985  -7.231  -33.636 0.7142857313
89151  27.544  -6.670  -34.394 0.7142857313
90260  25.891  -6.838  -32.488 0.5714285970
90280  28.038  -6.388  -34.626 0.4285714328
91305  28.781  -5.913  -32.737 0.2857142985
91306  26.932  -5.187  -32.281 0.7142857313
91322  26.089  -6.450  -32.280 0.7142857313
91339  26.654  -6.180  -33.595 0.7142857313
91346  28.856  -5.321  -34.381 0.1428571492
92319  26.910  -5.091  -31.996 0.7142857313
92336  27.063  -4.374  -31.825 0.7142857313
93341  27.022  -3.568  -31.645 0.5714285970
93357  27.776  -3.408  -32.537 0.5714285970
93358  27.415  -3.836  -31.956 0.5714285970
94351  23.492  -2.354  -32.794 0.1428571492
95306  25.101  -1.672  -31.671 0.4285714328
95322  27.494  -2.435  -31.627 0.7142857313
95348  28.371  -0.875  -35.106 0.5714285970
95362  29.100  -1.676  -36.283 0.2857142985
95373  29.354  -1.234  -36.466 0.2857142985
96388  25.455  -0.720  -31.664 0.5714285970
96406  24.930  -0.754  -31.983 0.1428571492
96431  29.323  0.123  -34.687 0.7142857313
96441  28.801  -1.030  -36.232 0.2857142985
97563  24.824  -0.001  -32.168 0.2857142985
97576  29.751  0.375  -34.141 0.8571428657
97577  29.754  0.530  -33.629 0.8571428657
97591  29.538  0.595  -34.603 0.5714285970
98739  25.759  1.229  -31.393 0.5714285970
98758  25.171  1.492  -31.699 0.2857142985
98790  29.740  0.937  -34.278 0.8571428657
99853  28.013  2.707  -31.191 0.8571428657
99854  26.998  2.312  -31.102 0.7142857313
99890  29.791  3.212  -33.744 0.8571428657
99907  29.920  3.093  -33.969 0.8571428657
100911  26.524  2.780  -31.179 0.8571428657
100929  28.571  3.780  -31.563 0.8571428657
100947  29.699  3.508  -33.589 0.8571428657
100989  28.589  4.136  -36.971 0.1428571492
101002  28.636  3.805  -38.223 0.1428571492
101955  28.167  5.402  -31.409 0.8571428657
101989  29.758  3.744  -33.817 0.8571428657
102001  29.818  3.839  -34.037 0.8571428657
103001  27.664  5.796  -31.390 0.8571428657
103002  27.052  5.595  -31.461 0.7142857313
103016  28.710  5.936  -31.913 0.8571428657
103081  28.303  5.004  -38.574 0.1428571492
104063  27.099  6.174  -31.477 0.7142857313
104079  28.378  6.846  -31.765 0.8571428657
104143  28.795  6.336  -37.742 0.2857142985
105143  29.132  7.884  -32.792 0.8571428657
107098  30.018  10.289  -35.391 0.8571428657
107111  29.973  10.459  -35.881 0.8571428657
108134  30.068  10.350  -34.361 0.8571428657
110272  29.139  12.729  -32.863 0.7142857313
110280  30.029  12.845  -33.701 0.7142857313
110302  30.968  13.232  -35.570 0.7142857313
110312  31.133  13.303  -35.885 0.7142857313
111383  26.566  13.022  -32.806 0.5714285970
111389  30.331  13.528  -33.876 0.7142857313
111399  30.618  13.587  -34.581 0.8571428657
111402  31.048  13.831  -35.699 0.7142857313
112440  29.164  13.732  -32.774 0.7142857313
112463  31.109  14.455  -35.651 0.8571428657
113423  28.336  14.651  -32.714 0.5714285970
113425  26.958  14.963  -32.853 0.5714285970
113430  29.288  15.388  -33.327 0.7142857313
113448  30.890  15.040  -35.131 0.8571428657
114422  31.072  15.968  -37.818 0.2857142985
114426  31.222  17.098  -37.853 0.2857142985
115348  29.621  17.292  -33.499 0.7142857313
117202  26.384  19.051  -34.462 0.4285714328
117208  29.745  19.476  -33.857 0.5714285970
118045  28.722  20.228  -33.875 0.2857142985
118051  31.121  20.628  -34.760 0.2857142985
118802  28.481  20.662  -33.983 0.2857142985
118806  30.794  21.077  -34.599 0.2857142985
118808  29.049  20.922  -34.113 0.2857142985
118815  31.390  21.154  -34.983 0.2857142985
118820  31.701  21.285  -35.625 0.5714285970
118847  29.843  21.611  -39.771 0.1428571492
119578  31.094  21.442  -34.768 0.2857142985
119589  30.939  22.528  -34.887 0.2857142985
119620  30.807  22.515  -39.108 0.1428571492
119625  30.314  22.932  -39.710 0.1428571492
120341  30.362  22.681  -34.642 0.2857142985
120345  26.607  23.091  -35.240 0.2857142985
120347  23.922  24.538  -35.380 0.1428571492
120353  26.006  23.491  -35.714 0.2857142985
120356  24.094  24.727  -35.605 0.1428571492
120360  31.529  23.118  -36.201 0.2857142985
120362  24.488  24.739  -36.105 0.1428571492
121197  23.957  24.885  -34.904 0.1428571492
121206  24.319  24.911  -35.842 0.1428571492
121207  24.183  25.088  -35.552 0.1428571492
121213  24.581  25.341  -36.122 0.1428571492
122071  27.417  24.910  -35.060 0.1428571492
122075  24.154  25.309  -35.320 0.1428571492
122085  25.214  25.568  -36.367 0.1428571492
122087  24.242  25.323  -35.545 0.1428571492
122092  24.854  25.799  -36.425 0.1428571492
122093  24.648  26.152  -36.289 0.1428571492
122876  25.641  26.298  -36.268 0.1428571492
122882  25.323  26.645  -36.580 0.1428571492
123666  25.604  26.835  -36.465 0.1428571492
124486  30.807  29.196  -37.498 0.1428571492
