#!ascii label  , from subject ernie vox2ras=TkReg
306
95303  27.802  -1.268  -31.397 0.0000000000
84618  24.630  -11.350  -31.703 0.0000000000
101956  27.586  5.298  -31.355 0.0000000000
116261  28.423  18.428  -33.624 0.0000000000
83455  22.601  -12.613  -30.868 0.0000000000
105158  29.645  7.727  -34.016 0.0000000000
108119  30.204  11.374  -34.193 0.0000000000
93343  25.195  -3.631  -31.444 0.0000000000
91308  25.830  -6.147  -31.706 0.0000000000
92351  27.353  -4.851  -33.445 0.0000000000
98776  29.860  0.822  -33.951 0.0000000000
94375  28.308  -2.425  -35.032 0.0000000000
98737  27.707  1.722  -31.176 0.0000000000
101990  29.653  4.168  -33.632 0.0000000000
113424  27.686  14.860  -32.756 0.0000000000
113441  30.751  15.383  -34.708 0.0000000000
87993  26.461  -8.997  -32.220 0.0000000000
107073  29.145  9.613  -32.790 0.0000000000
109169  29.136  11.183  -32.786 0.0000000000
95304  27.050  -1.744  -31.403 0.0000000000
93359  26.904  -4.071  -31.676 0.0000000000
94348  27.650  -2.915  -31.857 0.0000000000
83467  23.269  -12.167  -31.187 0.0000000000
100930  27.527  4.184  -31.147 0.0000000000
99869  29.289  2.945  -32.238 0.0000000000
101972  28.698  4.984  -31.925 0.0000000000
106173  29.594  8.589  -35.656 0.0000000000
105175  29.498  7.595  -35.065 0.0000000000
115351  26.645  17.569  -33.884 0.0000000000
112450  26.371  14.410  -32.969 0.0000000000
114394  28.040  16.499  -33.350 0.0000000000
118068  31.842  20.442  -36.092 0.0000000000
116275  31.447  18.462  -36.059 0.0000000000
115356  31.455  17.206  -34.882 0.0000000000
114414  31.454  16.379  -36.197 0.0000000000
112469  31.021  14.328  -36.169 0.0000000000
89145  26.573  -7.084  -33.960 0.0000000000
89131  25.844  -7.769  -32.680 0.0000000000
82336  21.910  -13.403  -30.588 0.0000000000
104078  29.002  6.512  -32.321 0.0000000000
105130  28.536  7.844  -32.284 0.0000000000
107086  29.892  9.660  -34.225 0.0000000000
108146  30.096  11.022  -35.652 0.0000000000
91309  24.573  -5.827  -31.413 0.0000000000
92321  25.510  -4.822  -31.379 0.0000000000
91320  26.901  -5.376  -32.851 0.0000000000
90281  27.580  -6.105  -34.622 0.0000000000
96404  28.891  -0.663  -32.496 0.0000000000
95320  28.320  -1.660  -33.176 0.0000000000
95335  28.704  -0.734  -34.709 0.0000000000
96387  26.288  -0.660  -31.344 0.0000000000
98740  25.165  0.910  -31.736 0.0000000000
97543  27.592  0.728  -31.073 0.0000000000
98757  28.922  1.888  -31.924 0.0000000000
99891  29.652  2.777  -33.432 0.0000000000
100981  29.432  3.468  -35.221 0.0000000000
103032  29.561  5.398  -33.718 0.0000000000
103047  29.420  5.459  -35.007 0.0000000000
111381  28.241  13.267  -32.521 0.0000000000
117198  29.786  18.951  -33.753 0.0000000000
115347  30.313  17.117  -33.767 0.0000000000
113429  30.066  15.174  -33.805 0.0000000000
111379  29.376  13.337  -32.971 0.0000000000
110290  30.353  12.773  -34.230 0.0000000000
110313  30.901  12.758  -36.015 0.0000000000
86902  23.837  -9.790  -31.545 0.0000000000
90247  24.589  -6.968  -31.500 0.0000000000
93392  28.059  -3.617  -34.664 0.0000000000
91347  28.192  -5.543  -34.849 0.0000000000
108111  27.975  10.535  -32.355 0.0000000000
109160  28.469  11.505  -32.552 0.0000000000
94349  27.410  -2.738  -31.663 0.0000000000
95321  28.164  -1.883  -31.779 0.0000000000
81175  21.083  -14.603  -30.056 0.0000000000
83466  24.011  -12.166  -31.391 0.0000000000
101974  26.923  4.874  -31.410 0.0000000000
101973  28.032  4.779  -31.236 0.0000000000
107112  29.716  9.776  -36.163 0.0000000000
106184  29.265  8.573  -36.718 0.0000000000
116262  27.427  18.486  -33.905 0.0000000000
114395  26.993  16.583  -33.402 0.0000000000
115349  28.716  17.417  -33.412 0.0000000000
115365  31.434  17.388  -35.652 0.0000000000
114421  31.312  16.488  -37.331 0.0000000000
89144  27.242  -7.279  -34.033 0.0000000000
89130  26.446  -7.781  -33.487 0.0000000000
85825  22.908  -10.770  -31.216 0.0000000000
104080  27.267  6.918  -31.565 0.0000000000
105131  27.641  7.783  -31.945 0.0000000000
108121  29.423  10.512  -33.043 0.0000000000
107072  29.605  9.659  -33.398 0.0000000000
108120  29.977  10.722  -33.809 0.0000000000
107085  30.017  10.138  -34.758 0.0000000000
108133  30.201  10.946  -34.745 0.0000000000
117201  27.017  19.490  -34.222 0.0000000000
92322  24.361  -4.662  -31.492 0.0000000000
93375  27.657  -4.118  -32.909 0.0000000000
92335  27.165  -4.730  -32.311 0.0000000000
91338  27.091  -5.802  -33.908 0.0000000000
91348  27.612  -5.390  -34.793 0.0000000000
81188  21.999  -14.173  -30.382 0.0000000000
96403  29.485  0.189  -33.013 0.0000000000
96419  29.472  -0.459  -34.043 0.0000000000
96418  29.566  0.129  -34.355 0.0000000000
95323  25.155  -1.234  -31.729 0.0000000000
99855  25.979  2.312  -31.278 0.0000000000
98738  26.747  1.453  -31.111 0.0000000000
97544  26.537  0.402  -31.175 0.0000000000
97542  28.422  1.197  -31.466 0.0000000000
98736  28.379  2.013  -31.483 0.0000000000
100948  29.482  3.675  -32.965 0.0000000000
100963  29.839  3.476  -33.916 0.0000000000
100964  29.772  3.464  -34.335 0.0000000000
102002  29.616  4.332  -34.529 0.0000000000
104094  29.472  6.874  -33.141 0.0000000000
103015  29.112  5.718  -32.652 0.0000000000
104123  29.382  6.510  -35.595 0.0000000000
103059  29.159  5.476  -36.159 0.0000000000
112443  27.140  14.229  -32.670 0.0000000000
111392  25.850  13.440  -33.111 0.0000000000
111391  26.637  13.681  -32.791 0.0000000000
111382  27.331  13.288  -32.601 0.0000000000
112442  27.918  14.077  -32.489 0.0000000000
117215  31.519  19.468  -35.598 0.0000000000
118062  31.503  20.439  -35.265 0.0000000000
117207  30.313  19.331  -34.110 0.0000000000
116268  30.870  18.578  -34.349 0.0000000000
114402  31.107  16.455  -34.677 0.0000000000
114403  30.516  16.334  -34.128 0.0000000000
112448  29.497  14.267  -33.077 0.0000000000
112447  30.101  14.164  -33.610 0.0000000000
111390  29.822  13.449  -33.402 0.0000000000
112457  30.520  14.384  -34.211 0.0000000000
112470  30.441  14.426  -36.783 0.0000000000
111410  31.052  13.528  -36.096 0.0000000000
111411  30.653  13.548  -36.490 0.0000000000
110323  30.389  12.656  -36.780 0.0000000000
90246  25.322  -7.331  -31.910 0.0000000000
87994  25.687  -8.802  -32.326 0.0000000000
89112  25.246  -8.191  -31.989 0.0000000000
86901  24.777  -10.012  -32.216 0.0000000000
94361  28.224  -2.561  -33.958 0.0000000000
106134  28.016  8.699  -32.244 0.0000000000
107060  28.418  9.604  -32.425 0.0000000000
108110  28.816  10.485  -32.594 0.0000000000
109168  29.558  11.468  -33.230 0.0000000000
94335  26.052  -2.665  -31.446 0.0000000000
93342  26.339  -3.775  -31.501 0.0000000000
94334  27.051  -2.884  -31.587 0.0000000000
94333  27.307  -3.297  -31.735 0.0000000000
83454  23.433  -12.851  -31.030 0.0000000000
82334  23.504  -13.448  -30.319 0.0000000000
82333  24.125  -13.105  -29.946 0.0000000000
98791  29.532  1.435  -34.894 0.0000000000
97592  29.331  0.604  -35.278 0.0000000000
99871  25.528  2.950  -31.432 0.0000000000
100910  26.776  3.023  -31.221 0.0000000000
99870  28.766  2.674  -31.681 0.0000000000
100909  28.015  3.648  -31.140 0.0000000000
100928  29.214  4.024  -32.198 0.0000000000
101971  29.299  4.660  -32.842 0.0000000000
106159  29.669  8.632  -34.618 0.0000000000
105184  29.363  7.519  -36.226 0.0000000000
113432  27.391  15.656  -33.102 0.0000000000
113431  28.377  15.453  -33.109 0.0000000000
117221  31.677  19.498  -36.558 0.0000000000
116267  31.451  18.319  -34.972 0.0000000000
115357  30.969  17.460  -34.276 0.0000000000
114411  31.376  16.426  -35.304 0.0000000000
113440  31.137  15.883  -35.047 0.0000000000
112464  30.834  14.447  -35.101 0.0000000000
113447  31.208  15.270  -35.552 0.0000000000
113452  31.073  15.350  -36.686 0.0000000000
90259  26.138  -7.039  -33.374 0.0000000000
88010  26.516  -8.279  -32.743 0.0000000000
82337  21.043  -13.446  -30.307 0.0000000000
83456  21.644  -12.491  -30.575 0.0000000000
84604  22.351  -11.624  -30.875 0.0000000000
84620  22.990  -11.630  -31.181 0.0000000000
84619  23.671  -11.491  -31.394 0.0000000000
85824  24.114  -10.696  -31.642 0.0000000000
104064  26.668  5.930  -31.548 0.0000000000
103000  28.241  5.987  -31.506 0.0000000000
104062  27.750  6.348  -31.479 0.0000000000
104095  29.029  7.201  -32.373 0.0000000000
105142  29.401  7.990  -33.362 0.0000000000
106133  28.818  8.723  -32.583 0.0000000000
106147  29.363  8.758  -33.052 0.0000000000
106146  29.646  8.729  -33.734 0.0000000000
107099  29.828  9.504  -35.128 0.0000000000
108155  29.819  10.827  -36.252 0.0000000000
116263  26.587  18.519  -34.244 0.0000000000
117200  28.108  19.394  -33.852 0.0000000000
92320  26.589  -4.829  -31.679 0.0000000000
91307  26.684  -5.534  -32.108 0.0000000000
91321  26.342  -6.193  -32.960 0.0000000000
90275  26.594  -6.495  -33.741 0.0000000000
90274  27.089  -6.597  -34.163 0.0000000000
89150  27.836  -6.860  -34.188 0.0000000000
96405  28.271  -0.882  -31.521 0.0000000000
96420  28.884  -1.113  -33.531 0.0000000000
95336  28.613  -1.462  -34.413 0.0000000000
95349  28.532  -1.512  -35.542 0.0000000000
96432  28.863  -0.229  -35.206 0.0000000000
96433  28.585  -0.773  -35.662 0.0000000000
95305  25.721  -1.579  -31.490 0.0000000000
97545  25.504  0.174  -31.638 0.0000000000
96386  27.474  -0.492  -31.208 0.0000000000
96385  28.453  0.087  -31.428 0.0000000000
97561  29.211  0.763  -32.141 0.0000000000
97560  29.637  0.957  -33.001 0.0000000000
98756  29.363  1.802  -32.761 0.0000000000
98777  29.753  1.487  -33.791 0.0000000000
99908  29.724  2.585  -34.494 0.0000000000
99920  29.329  2.448  -35.714 0.0000000000
101954  28.461  5.571  -31.668 0.0000000000
104110  29.603  6.589  -34.398 0.0000000000
102020  29.247  4.473  -35.690 0.0000000000
110274  27.859  12.394  -32.543 0.0000000000
118044  29.179  20.051  -33.843 0.0000000000
118053  29.664  20.133  -34.021 0.0000000000
117199  29.137  19.399  -33.699 0.0000000000
116260  29.357  18.299  -33.510 0.0000000000
114393  28.996  16.390  -33.383 0.0000000000
114392  29.812  16.287  -33.655 0.0000000000
112449  28.890  14.775  -32.894 0.0000000000
112441  28.746  14.022  -32.617 0.0000000000
111380  28.895  13.271  -32.709 0.0000000000
110273  28.634  12.524  -32.653 0.0000000000
109159  29.125  11.985  -32.838 0.0000000000
110281  29.579  12.534  -33.253 0.0000000000
109167  30.046  11.942  -33.811 0.0000000000
111403  30.819  13.584  -35.196 0.0000000000
110303  30.638  12.811  -35.064 0.0000000000
109180  30.304  11.951  -34.558 0.0000000000
109192  30.361  11.877  -35.391 0.0000000000
109200  30.179  11.773  -36.277 0.0000000000
89113  24.536  -7.994  -31.579 0.0000000000
87995  24.631  -8.931  -31.828 0.0000000000
94347  27.997  -2.642  -32.767 0.0000000000
93374  27.868  -3.423  -33.506 0.0000000000
93393  27.654  -4.175  -33.933 0.0000000000
93391  28.804  -3.758  -35.110 0.0000000000
92365  28.085  -4.646  -34.929 0.0000000000
92366  27.485  -4.745  -34.528 0.0000000000
81189  21.516  -13.933  -30.328 0.0000000000
83468  22.807  -12.022  -31.034 0.0000000000
86914  24.888  -10.568  -32.300 0.0000000000
88011  26.132  -8.168  -32.866 0.0000000000
89143  27.985  -7.231  -33.636 0.0000000000
89151  27.544  -6.670  -34.394 0.0000000000
90260  25.891  -6.838  -32.488 0.0000000000
91306  26.932  -5.187  -32.281 0.0000000000
91322  26.089  -6.450  -32.280 0.0000000000
91339  26.654  -6.180  -33.595 0.0000000000
92319  26.910  -5.091  -31.996 0.0000000000
92336  27.063  -4.374  -31.825 0.0000000000
93341  27.022  -3.568  -31.645 0.0000000000
93357  27.776  -3.408  -32.537 0.0000000000
93358  27.415  -3.836  -31.956 0.0000000000
95322  27.494  -2.435  -31.627 0.0000000000
95348  28.371  -0.875  -35.106 0.0000000000
96388  25.455  -0.720  -31.664 0.0000000000
96431  29.323  0.123  -34.687 0.0000000000
97576  29.751  0.375  -34.141 0.0000000000
97577  29.754  0.530  -33.629 0.0000000000
97591  29.538  0.595  -34.603 0.0000000000
98739  25.759  1.229  -31.393 0.0000000000
98790  29.740  0.937  -34.278 0.0000000000
99853  28.013  2.707  -31.191 0.0000000000
99854  26.998  2.312  -31.102 0.0000000000
99890  29.791  3.212  -33.744 0.0000000000
99907  29.920  3.093  -33.969 0.0000000000
100911  26.524  2.780  -31.179 0.0000000000
100929  28.571  3.780  -31.563 0.0000000000
100947  29.699  3.508  -33.589 0.0000000000
101955  28.167  5.402  -31.409 0.0000000000
101989  29.758  3.744  -33.817 0.0000000000
102001  29.818  3.839  -34.037 0.0000000000
103001  27.664  5.796  -31.390 0.0000000000
103002  27.052  5.595  -31.461 0.0000000000
103016  28.710  5.936  -31.913 0.0000000000
104063  27.099  6.174  -31.477 0.0000000000
104079  28.378  6.846  -31.765 0.0000000000
105143  29.132  7.884  -32.792 0.0000000000
107098  30.018  10.289  -35.391 0.0000000000
107111  29.973  10.459  -35.881 0.0000000000
108134  30.068  10.350  -34.361 0.0000000000
110272  29.139  12.729  -32.863 0.0000000000
110280  30.029  12.845  -33.701 0.0000000000
110302  30.968  13.232  -35.570 0.0000000000
110312  31.133  13.303  -35.885 0.0000000000
111383  26.566  13.022  -32.806 0.0000000000
111389  30.331  13.528  -33.876 0.0000000000
111399  30.618  13.587  -34.581 0.0000000000
111402  31.048  13.831  -35.699 0.0000000000
112440  29.164  13.732  -32.774 0.0000000000
112463  31.109  14.455  -35.651 0.0000000000
113423  28.336  14.651  -32.714 0.0000000000
113425  26.958  14.963  -32.853 0.0000000000
113430  29.288  15.388  -33.327 0.0000000000
113448  30.890  15.040  -35.131 0.0000000000
115348  29.621  17.292  -33.499 0.0000000000
117208  29.745  19.476  -33.857 0.0000000000
118054  29.161  20.355  -33.930 0.0000000000
118820  31.701  21.285  -35.625 0.0000000000
